225
2813 5634 269966
1926 2462 129288
9255 5704 322076
331 9057 809204
5485 9142 128224
1295 5280 1799740
8643 8763 830996
546 4938 86063
5350 2649 206953
744 306 332782
3693 3401 517883
9320 2412 263540
7547 6658 96498
3295 8009 191172
2526 8177 134726
2024 5684 660794
1451 3929 2314292
1690 7944 247198
7329 8428 2074148
4581 7308 168178
7000 3946 74989
1052 4682 537600
7519 5824 640943
6367 7009 262788
8123 8265 296663
7786 4825 364744
8390 9676 1108641
1387 2031 704563
9442 5543 518652
6966 7672 103101
8466 5179 262495
1907 5354 30928
3622 9519 551660
3774 1439 71288
5119 8853 77234
3420 3496 62118
2904 4952 177799
9948 7594 239710
27 9000 1069424
9890 2006 377261
4898 3483 213868
8753 8700 286167
4377 779 156693
4675 5420 405420
3782 3173 79327
446 9399 290129
4821 9723 12486
4114 1577 65974
147 2116 200149
9330 3582 581074
2884 530 1268633
2382 4764 284215
2927 1283 890519
6121 3354 476139
748 624 568315
6980 3432 28595
7582 4991 62516
8659 611 550028
4644 4812 484740
3417 8998 32442
441 3886 714659
7340 3050 551546
9661 762 136989
2925 5508 177046
3750 3804 983921
295 8676 40018
4931 9088 545778
682 4764 462080
1700 5992 112169
6558 5266 168828
6104 1256 305202
4296 9404 33651
8479 1308 191196
9580 5301 1251456
3373 3550 398999
1245 562 107787
6738 8514 372023
6393 3905 26109
1373 3747 226016
9661 9023 343229
7539 5706 137885
3216 3432 182145
2176 4196 57931
6229 1379 197173
9300 1388 1121506
3954 6548 489723
4142 9336 7314
9427 7103 138604
5362 322 23508
1839 4686 671653
7248 5778 6578
6080 1970 25206
2071 754 323908
9494 2590 173597
471 5969 694165
8832 762 102088
7285 9257 10715
2225 9261 943926
5611 2138 374504
8927 7331 980539
432 6815 1485800
1420 6551 846595
7567 550 93853
7024 2233 526568
6443 7227 210201
6872 509 40744
9097 3844 51882
7103 5789 234696
7110 313 816242
6848 3972 1455850
4072 3339 122561
6845 1095 95422
1884 6673 479576
4881 7485 319831
6104 6547 51200
5389 2805 102760
136 3749 956808
2061 8323 215545
6566 8541 724872
269 3173 423075
107 2402 274650
4595 1688 3080049
9484 3441 555318
6834 6734 116769
4705 2910 839259
6974 2592 60357
1338 4014 195824
3566 1701 87651
9204 717 357981
4739 8403 672361
4804 7715 305073
1603 1158 248767
2114 2736 1530686
1787 6079 1738962
9649 9980 51920
4267 3844 1103409
7782 2669 872928
9647 7030 1453534
9936 9447 22728
8743 5771 675070
7291 2998 37634
6580 2869 97012
7953 3064 466027
8569 4839 99870
7309 7642 349845
2696 2431 100889
5386 4705 1756308
3505 6331 97159
9208 528 58425
3836 5880 14274
1283 2082 674001
1052 1070 183229
1569 1147 634729
9362 5004 260866
202 3734 422211
2178 4074 1133744
6657 782 239287
7656 8282 1010590
2829 2145 603772
8978 2557 2297347
6565 761 264561
1563 7098 344516
4730 9423 400955
4825 2405 616442
4042 8766 156732
3054 5198 263226
9332 7728 2279196
1855 8039 270959
3926 8286 707804
4417 4156 353239
6884 2138 6053
2903 2556 1358427
4937 5749 78174
2529 3979 371949
4586 8245 509532
8627 515 89450
9445 516 666605
3509 9070 247818
7552 5764 63835
5962 1372 236624
595 7464 184174
8247 7878 167789
3033 5586 1447641
498 8004 34659
8662 2328 544721
4021 5647 429690
1330 1142 109127
4501 762 1099501
5009 370 206252
5137 2415 316028
4412 5198 80375
4120 7045 145567
3561 9554 1456567
1880 1267 500097
6246 4916 188630
5070 6596 601872
1556 9465 732991
2137 8732 86277
923 4719 567159
1105 1096 225577
1472 9213 465626
6457 2108 592448
3282 822 80929
3119 8387 538995
4054 4476 155267
2515 6742 547584
2385 6250 158385
1415 9206 153072
7552 3595 201353
5834 5353 361750
6286 6502 38026
2544 6118 147353
2356 8493 45685
6196 9104 19982
6935 1987 41732
3941 39 530864
7527 5463 139796
248 818 112314
9785 311 345232
1294 665 157485
3893 3383 492598
6107 8489 311339
567 9121 352380
2182 4119 545337
9906 6623 1153960
