225
6944 1092 289127
5277 8475 832634
8206 4313 456503
7237 291 39329
9931 3230 273211
3599 8590 702710
7595 3572 331370
8839 1914 753155
3295 889 514623
1418 605 189558
1833 9932 80640
7778 8511 199508
5455 4332 180906
2877 118 668685
9541 8466 20895
8460 499 1046163
8469 6296 57557
1908 962 355083
2192 3270 1539938
3653 4550 135095
1210 6392 1227070
1767 604 536401
7984 2166 15114
4859 9428 144151
299 3408 393667
691 5549 647526
2236 1356 74335
5518 3078 1065964
8500 9738 263047
8725 5613 182712
1224 9373 350145
8215 8909 641309
5778 2842 1631658
8979 3397 583999
5662 6067 202950
396 5925 238473
2847 9998 46611
1169 8273 7129
2894 6313 63590
1153 2501 17683
5354 4865 1520773
3860 289 18449
6746 6958 97076
9905 701 67649
5331 1844 569187
982 6007 205077
7872 5020 648388
5729 223 1006869
5239 5116 61639
5376 9338 601962
6135 8338 1043134
8410 2271 191062
4719 9826 226791
9377 5961 1568920
1719 8528 111164
3383 8591 642928
6512 851 227339
5832 3906 399661
2798 638 71275
4035 9359 235399
1732 8475 61062
3362 669 338627
1363 8767 352359
9948 1123 520966
4510 6110 342141
696 7905 301728
8081 4545 721399
5039 6203 358668
6738 9837 106418
3882 305 197250
2827 5866 2391174
6680 685 273514
1829 7736 550592
478 3124 77006
5338 6834 132483
5069 9030 284159
6239 8945 75365
2759 5519 1083711
8315 817 1119369
9251 5765 258783
394 8985 315119
6718 8290 357384
2112 1860 334303
4314 818 273342
3437 304 663001
7136 9151 2080455
7361 6027 136482
5853 2955 720786
2247 5023 58660
2425 8556 1349044
2989 7761 879221
4150 2713 65374
9172 147 89293
2830 1026 108494
3254 3869 1621175
1408 2749 53674
2057 6582 562694
1029 1949 90131
1021 6811 380518
184 4146 930014
5631 8731 37826
5910 9818 5890
8596 1152 1620887
8391 6860 557990
785 8614 41209
7197 4018 642936
6596 5267 772038
6442 5175 135136
1144 68 201702
2516 5259 31994
5563 3114 7722
4515 6955 479846
8856 2145 574233
7061 5624 823673
9626 2390 340583
6033 4976 383922
8778 5312 723029
3300 450 923255
8300 2420 94422
9247 5266 187587
7956 101 401831
5027 8847 30662
8435 4093 87356
9534 3739 1202008
2835 4164 283231
4098 5219 239459
9540 7258 76121
6096 5935 602497
6542 703 746552
1598 7352 81332
9182 1603 276165
3576 3526 244220
5263 4571 570314
3655 1611 325335
7229 1423 236094
1349 676 264173
5849 7501 28491
8115 9847 1656450
9585 3120 90699
9595 5789 598769
6281 968 1465425
3644 2373 302064
3617 1715 388232
899 172 1027616
5561 3636 411423
3408 5658 912348
2102 9095 120119
6010 5420 33871
6521 8161 170789
4253 2770 65622
6623 9365 849482
3146 8038 226268
9561 7653 157497
9948 6672 580369
4581 4818 192012
1053 5980 232412
3247 295 226340
1311 733 219139
1839 4556 445177
339 2367 176810
593 3400 261383
7711 996 541071
4076 9013 258727
5105 6606 542159
9959 2239 341415
7796 4563 204508
1632 5982 114222
6728 3483 267784
2581 1118 1510688
2578 606 598973
4269 6866 1164862
4645 3639 1590725
3689 858 576717
9781 5302 64330
2848 2172 90049
8521 4556 86069
5804 1084 537688
1138 2320 822344
6780 7993 729784
6540 6204 506609
9966 1244 37190
1338 7874 51614
5667 8819 65119
2688 8392 550315
5727 8810 727980
1968 6774 26708
9383 295 382813
8344 5341 569641
6191 8336 333498
2510 2732 101039
6237 2270 284534
481 1771 649801
6602 8626 12302
418 2317 395598
9865 6127 189423
6341 2164 120531
942 1065 347505
5281 6210 11502
756 2070 329666
3362 1859 710092
3443 8550 302025
8196 8157 638597
2797 4340 740621
778 9088 46847
8513 1869 44739
6945 5114 189001
4448 7317 284946
6668 8996 275558
5872 1026 60066
1695 1296 356007
5283 7533 469351
2118 5036 134197
1299 6739 680949
2695 7453 409628
9600 5226 471729
1255 4881 73860
1075 2079 1243261
2294 1666 2756997
5197 7097 358182
5780 6786 78332
237 4998 154995
3036 9669 526514
4261 133 615008
3527 7197 42675
6865 9926 377379
