187
1954 5528 794993
4040 6348 178992
546 5083 742649
4633 6459 71489
1007 5888 361753
4990 746 1173238
9273 4170 190000
8513 7124 282522
4549 8416 602961
8429 1321 101269
1381 792 1456863
3011 8040 1114419
8641 5159 1284017
3174 6117 437262
9121 1462 2965694
1506 888 38095
1984 1341 329520
597 8194 789013
8691 9931 604109
7913 8412 103964
1965 303 436598
9565 5856 702876
7849 78 168430
521 2549 766707
175 6326 369059
1536 749 868847
3982 4132 238487
9288 8003 435529
7597 1260 441141
8635 8885 156126
2884 1133 534705
5571 5433 13024
1095 7856 175429
2843 7028 480465
3133 6700 1191462
196 1948 1841925
9310 306 238791
8176 4258 279713
7356 2847 11652
7540 2467 89269
5166 7248 99521
5000 803 65811
4107 6896 609380
9873 1471 193018
478 617 502772
2608 3636 56247
6196 4362 232192
6712 3415 952079
230 1864 1882878
9801 5720 508008
9073 6879 1204663
2528 7866 143959
3484 6818 1307578
6818 3350 467319
1833 7901 764217
1831 4806 128737
1861 8044 122396
335 4798 145227
3885 2124 181993
4185 4176 127858
4500 857 83818
8729 4254 902897
7270 8337 256374
6718 4631 1351418
844 6409 1246376
8799 6100 1292645
1580 4283 590108
3018 7280 303112
8879 2736 408462
6829 2835 444686
4869 9698 579039
6745 9425 759331
5380 7514 498893
4241 7941 668610
9982 2647 1115808
5782 9140 501755
9440 2794 87922
3543 5486 97873
8518 4330 341514
649 6378 797694
6424 5362 65736
7690 4905 1959213
2931 3917 189604
6915 2210 532167
4056 7675 224346
7560 411 444109
1186 3826 22568
3185 4474 597351
5305 6481 1036883
4684 8131 1099820
8646 3047 249307
4688 8488 249436
2318 1295 57988
3395 2953 1015817
464 8155 608362
1130 6159 237283
6941 7853 295565
8634 9999 854442
8390 5445 10846
1402 2294 176314
4468 6973 182698
9274 3789 442757
1200 9782 401641
3559 2107 442117
8835 8383 839815
4238 8525 892632
5594 5671 144416
6019 730 272029
5998 9044 913489
1259 6395 943567
2931 8533 46008
6622 67 813656
6789 1825 267436
1787 4050 119357
5246 2245 991412
2347 7756 278273
6436 5528 884779
44 8620 70592
3369 2133 1196325
7433 1634 964539
4149 8389 3124983
6821 8434 36268
708 9535 122421
3908 6067 480419
6439 3276 438785
9115 3154 355691
6600 5264 485609
9876 5849 836477
6280 8575 400653
8686 8100 870755
8768 7639 14739
5370 7441 226336
8233 7437 67741
4926 1492 150466
3705 6308 111107
9683 3367 275471
9700 9517 33575
2203 3742 1662275
4500 794 1051452
7327 3207 444210
6005 9501 950434
6631 7896 453099
4597 3973 87061
9958 1532 368681
5761 2956 72104
9844 2757 215641
99 7187 788622
8124 9145 81655
6847 9514 578022
4123 9594 185996
229 6161 97240
945 5542 785749
802 3963 89165
5457 8604 289607
1439 434 399114
9898 1986 966815
5683 7836 1071778
586 7862 268243
6061 3100 128518
4799 2460 369030
1265 4159 57125
5780 8134 88062
3110 2667 340033
5252 1773 366454
1302 9664 499152
7568 7739 607646
2288 2721 312063
8800 2572 1214918
2491 5878 347928
6705 4020 662582
1693 5495 951858
8643 1633 984215
7057 3418 890861
330 1310 1164666
8918 5580 1323251
5286 9847 415799
9514 7132 268705
260 3785 250778
1839 3637 504187
5660 755 230066
4655 9536 589655
3411 9178 195151
3190 281 233236
8862 7271 118154
5025 5353 361299
8734 4301 925674
9680 3362 538535
