187
6454 9902 78052
7808 8150 434616
9930 8930 56084
5731 8310 238354
3840 2792 100381
5332 3052 796654
6544 5662 204118
8188 1176 358569
1518 4483 69421
2978 8190 596721
6912 5580 211602
8331 2468 5073
2809 1814 535877
8932 142 639646
3702 4218 1781213
4775 2423 156376
8779 9472 819978
4324 3949 238044
2164 8676 903994
1703 942 1053243
1536 1246 425221
6635 1530 778906
3809 9672 419349
4136 7572 1318495
5638 757 293937
1389 3445 53726
638 4336 443652
8842 9151 153841
9628 2972 46453
3895 1823 260573
673 104 140344
2531 9903 588048
4453 4501 46215
3644 5771 124739
2373 3990 644201
1675 7385 679416
2325 3306 313183
429 8648 2037244
8625 846 397868
526 5224 393499
7970 5959 18774
1242 2301 439062
2033 8719 794348
6600 9860 124181
9600 1000 1153854
6454 146 950742
1029 454 1476805
7896 1785 255089
3256 1001 426732
5835 8523 1272285
3946 3138 255782
3490 5236 626641
8172 5116 261685
7058 2506 182003
2206 3743 381095
9322 4839 616536
7682 5611 932337
217 6123 390278
5571 5789 219339
6372 1535 98546
685 1106 38431
6568 6548 154453
7523 8982 129703
1289 682 962554
4479 9191 238417
6104 988 126794
6997 3449 735528
7985 3939 66174
4998 4681 345268
2939 4039 1164113
8408 4778 730079
8347 6353 1557137
621 1183 942169
8829 7701 360230
7665 9589 240230
5893 2514 718945
1726 9050 428073
9869 9374 233775
4972 9835 940960
3438 5783 197826
8311 9025 36027
4922 8335 459582
5361 3006 326447
9261 9363 928607
1402 8690 844683
251 6094 1682176
8119 1514 272478
8274 278 3132
9080 480 57722
1660 4670 485615
33 7295 14670
9484 4089 315210
5289 4983 872793
7449 2274 376469
8288 4951 851990
5097 4043 811484
4577 5354 292986
7422 9004 1262109
4270 1454 384611
3942 2086 2020424
1174 249 235517
8168 8333 404143
8817 4240 1281751
9252 4264 44769
9750 1747 411246
8338 6390 948215
2278 1949 508862
7381 4787 19614
6856 3352 173086
8455 9309 525007
6548 2317 954145
63 7834 67620
8718 6514 273611
3633 691 1332112
5142 5681 54540
1922 9564 270810
292 9931 43350
5832 1307 837388
9320 4015 485636
1392 8048 349746
5685 5256 317040
7683 6346 1481325
6064 2212 401321
5529 4401 328415
6821 4264 1328973
3419 7563 221605
4558 644 528046
7684 5358 1530378
7500 5455 18400
8744 1022 30998
6084 5548 355745
9103 4752 1144947
4172 2242 670804
2872 6294 931025
5854 9493 117632
1449 590 1862051
1954 7504 213955
7150 9794 720959
5617 1331 221599
1021 5527 429341
2692 3540 1480765
5993 9422 2245865
8491 1761 877278
3369 3610 1327982
6684 6243 473027
8353 1070 1001282
5955 3005 159876
2560 8658 443605
5422 1021 399056
7 5600 148766
2224 7088 236391
3252 9306 802761
7450 5139 187971
4257 7426 306050
165 5673 82852
1234 8180 498522
4588 1386 46615
1024 6853 186900
4432 9485 522445
3084 8310 699552
1539 5375 1199797
6442 3187 209773
9185 9358 654811
1727 2856 858999
8524 8263 703280
572 5865 977696
9110 3007 319236
1931 5816 55416
9964 1371 2559506
3066 6004 20238
5841 4029 128249
8726 8364 40058
5116 7508 152707
5882 2351 291506
3898 2049 388735
3677 1200 868569
6226 6561 492575
2383 7617 502924
7656 6608 807461
2499 9353 91458
9592 9925 779593
5017 7552 362732
2785 839 268104
6353 2049 285510
6733 5340 411101
8395 8752 23161
1152 8429 20403
