187
1065 2111 711456
4350 6114 787091
9534 2635 120299
1251 4414 715227
8809 4256 35876
3945 4043 423885
8661 4498 574585
4621 5908 1593499
6287 913 634799
3939 6353 1372960
1728 8034 944783
639 4046 1003244
6833 1201 1856070
611 8387 60402
9026 9461 331537
9867 3258 713570
2086 2600 9699
2360 7836 54251
2651 4945 111070
8659 3656 586697
8745 5896 242956
9555 9956 749673
9511 3884 419989
3414 8496 24537
2690 7672 1044629
2758 2061 678891
7782 2801 274398
913 2584 41467
6353 3003 932205
9724 1040 531415
4520 8053 1699559
6592 3073 96391
8395 1141 123924
9413 628 156379
6969 5192 420230
5741 3766 300807
9223 5529 448687
9413 5988 791627
9136 8614 724897
6886 1437 1294418
53 1360 339166
3107 6294 64109
6777 4833 72749
9903 442 219202
2819 7104 442115
1199 6155 674428
9866 8482 239802
351 157 30685
334 8109 225271
5623 7240 17989
9169 9779 264200
5380 2856 171635
9077 9682 976337
295 7048 290878
3385 7588 539641
2430 7384 243192
9771 3980 246331
3853 8924 392959
6745 6971 139513
4895 2275 79369
1844 7063 318477
7453 9346 1227717
7243 6073 44559
897 3726 576986
1498 6177 651922
8576 3692 3462395
313 4488 548596
8760 4439 185501
236 3213 533923
3848 7676 14186
904 8330 1183107
558 7410 1962972
7337 2419 744675
5866 8238 224458
5586 7055 249323
2815 1207 54180
2569 2141 734083
6581 6743 413908
7272 3055 564383
3638 238 458732
9835 2113 1016715
1762 442 464036
3400 4823 542518
1574 6151 1078381
4599 6481 1281518
8635 3717 456432
4818 7749 6440
7895 4692 172597
3952 205 53623
7862 7266 156045
4620 3631 164937
1020 7223 199726
590 2361 339058
6868 6538 1717007
5514 8107 1552739
5774 9777 1002569
6966 678 300585
1664 4622 503010
6879 3641 209621
6951 9889 85829
3943 479 8425
6757 8986 134947
39 9969 90392
7650 7029 533371
9982 1638 252946
431 952 422365
4912 7076 239440
7844 3505 279215
734 3716 717432
1007 8919 589168
1920 3207 443966
3543 2292 324151
6756 1927 22620
8353 9285 581840
317 797 107740
4214 4431 635251
2151 655 284695
2030 459 356302
4573 6656 2411737
1108 7428 613586
6658 9296 10165
3587 8067 85362
6636 7982 800123
2049 1986 185087
5364 7773 335066
4719 7125 401343
9394 6608 716210
5984 7633 761890
6786 3925 2368101
2198 6680 244014
4810 2179 460283
7817 229 217569
3968 9703 9687
1163 4388 534958
1722 1591 438624
6127 842 304029
3891 5127 454650
2077 4848 277468
8838 9509 402857
8318 7992 72985
7912 8038 92345
3104 2499 35915
5316 3844 1125750
4701 7202 314665
3701 3786 824193
1027 7388 198793
5890 2844 514764
5440 4893 45234
7717 9897 612873
3605 8458 20685
3189 5447 203405
3700 9489 75016
2518 2614 1364067
3783 3301 1981740
9041 3165 366559
1738 9759 76374
9687 1837 600098
5777 6646 2723
6031 4120 751864
2738 4113 1159655
7306 2874 987287
6139 3649 50683
1381 3351 171674
1956 6032 108043
3496 1969 276636
4205 1036 128179
8125 4520 1834434
6970 5501 227310
6492 8026 180471
5756 8602 57963
6563 9565 1366476
6878 3780 377808
4460 2839 135084
5530 2944 934728
8678 6694 932447
6025 764 529461
9450 7289 1141850
3690 8014 444524
7618 1870 628185
1454 2066 485134
2857 9119 1499123
515 8191 1446641
6618 1935 79322
186 3573 702875
5328 9417 1102846
3154 1770 612438
3474 1826 296481
