187
2666 7609 506325
8494 1149 92821
5405 7248 52920
7221 5756 103357
3579 6988 208469
2841 7177 577636
1809 5808 674069
8719 9986 339202
7408 1262 1339278
8454 9090 1148005
5839 5486 442914
1208 2338 812065
3177 1508 115231
403 375 1989536
2684 2282 63672
7217 8918 208641
8999 274 139393
2459 3728 1203768
1995 5763 1675061
751 326 122055
9237 4521 123564
5121 1301 61037
3544 6776 620082
1973 1334 5113
2355 3134 175231
5449 1659 500068
2414 4420 282111
5262 5271 522603
4131 2835 334643
8323 638 472145
3353 8367 84218
1633 5772 43272
1905 784 227805
5107 8679 1062938
3108 8616 1780419
978 5907 504895
2754 4706 452010
4463 9660 799898
8099 3558 1423548
1128 2695 356934
321 5303 2252719
3603 460 125023
6169 3981 364255
387 5391 185323
7613 1710 382924
3082 1852 126080
987 7467 57473
493 3711 212837
7188 7577 266392
5501 7483 1503892
8096 2978 217095
8232 9402 1185906
3611 6854 374659
2529 2200 175460
6739 1818 515169
6773 2286 531680
7215 7264 3161
9529 2336 268249
9773 8427 658955
9438 5897 265569
1686 183 347614
8353 7245 630196
6504 9344 80574
3132 7678 176341
4854 6167 187481
7950 4523 470850
8330 6328 1005950
2751 7790 180412
7838 8833 104442
7327 3621 1030507
7575 9169 153007
2104 4472 185901
9241 1245 388988
1463 2284 352700
1235 816 549720
2392 2843 947397
23 3034 167452
8955 2502 927189
939 7124 223625
6581 3858 237444
3243 9712 165601
1363 8331 801770
6534 9784 88961
9936 4526 277277
2440 6932 647935
5537 8824 2240398
6442 7140 800677
6989 1102 570119
4232 8735 375230
9026 4939 807583
1866 8820 26932
6584 2778 841109
7992 1950 79994
2706 1821 462523
7941 6452 108031
8138 3801 186303
4473 5508 361311
7069 8631 227812
1334 5639 878424
5678 6166 226209
2342 5399 518177
4824 330 72807
4716 7137 15976
1183 5015 818589
4362 3187 6499
2076 3675 51506
1634 3704 372287
8539 1085 683130
296 7052 101805
7715 1565 1464231
6106 1778 930288
2505 1596 481517
1459 3134 429233
4374 2379 314790
7426 4771 708757
8945 2292 77949
9845 6821 350349
3706 7990 668453
8258 5957 461601
2680 5859 1292439
9605 5069 822093
2741 6638 237206
7254 4390 429514
4723 5884 246761
381 168 1764226
2411 801 769392
2658 7294 774958
1173 2736 158155
8362 8627 1398570
4726 5742 2049126
8708 1838 940696
7353 4667 943925
8187 3957 339629
4195 427 603172
8120 1511 831810
7791 7035 722100
548 2848 157792
3743 5405 424760
9221 7327 229124
6688 9206 400616
2055 4772 530127
9847 6637 755931
9053 8977 1030523
5757 6802 311052
719 3226 809722
3579 5212 552932
5889 8924 566277
7051 7693 189900
3610 1428 531205
2348 4271 77386
4974 7299 1412669
4910 2325 484247
7008 522 480511
763 8922 304951
7261 7852 884313
4250 9577 38094
5223 7152 1006218
8529 243 331638
6318 8908 363343
5055 6244 419542
8522 7811 266464
560 390 212890
2563 2645 954754
1085 5042 1992761
1221 5923 1172510
9314 427 197033
8053 5457 131977
849 6930 302324
3521 4382 703989
1485 1013 57016
9766 2853 850147
5722 4296 246935
2411 3340 136645
9303 7835 3926
828 9059 459351
1875 5536 44044
622 9221 680169
1932 7905 174297
1701 8820 62715
2840 8170 464728
8957 5977 76046
7091 6950 2095923
806 2504 1404943
2831 6327 395386
5125 2169 648200
3766 8242 440171
8250 3950 838305
