99
4864 6523 2055159
5143 6164 65179
8936 2796 311604
9891 1726 697762
7815 5327 164514
1994 652 86906
1433 5066 73910
4921 6461 1190015
2291 7912 30581
8322 9652 1496024
6670 1185 1879397
217 1766 3001388
5130 1760 45094
8548 1284 88213
614 7678 2128187
1579 3523 744838
1615 1219 1973322
1446 1474 1420109
1323 6829 2765554
6099 2518 286163
1917 3224 1234880
5416 8196 900683
4892 415 64284
5459 5121 86890
7981 878 2052910
28 9178 63595
70 2165 236680
8885 1066 600773
3040 3884 1071845
242 4848 191867
1015 7568 66745
500 5154 166499
8641 444 3162679
9048 9067 2800859
1432 8149 2703483
1769 7120 568804
501 3580 619554
7048 145 1069074
7636 8623 1880527
8840 2958 1729702
7656 9297 1094338
6634 8788 792083
8468 1 371868
537 8744 923223
4333 9908 1215599
7694 7017 328349
5856 1089 111864
8481 3424 1026993
8523 8942 1773892
709 205 207301
9479 5287 818260
7179 2391 1358364
8323 1389 102402
713 8891 1720885
9810 9760 245205
8020 9313 595237
8980 3797 648063
6504 1611 219174
5107 8812 2060418
4479 1493 1951203
3103 1740 343640
8161 8645 367346
2369 1623 1540851
4610 9738 3086988
939 3489 471191
9741 5095 4197612
4756 132 1079388
7066 2036 1215213
8239 2016 983835
569 7389 2319634
3663 1122 1426579
5367 8018 404515
6489 8221 889864
7914 8332 235632
8944 9400 720076
3123 3161 161601
6990 4093 614340
4509 6567 291135
8970 3088 2729714
6337 4931 1687442
3694 8835 193526
8396 2719 932314
6251 260 2478786
8113 9292 313609
739 7614 213876
6221 8464 3361358
7854 4360 1734725
1454 2443 152947
5242 305 996305
1239 9018 202005
4730 8622 140361
3502 9721 696226
1315 1755 810867
4558 1992 17682
9763 5309 180805
1827 5037 532539
3937 8149 333871
9889 2504 192433
7254 5499 2408196
