163
2220 8436 98223
4202 4753 213423
1877 6372 426409
7611 2836 287617
2025 5579 1630415
6974 4908 12482
5525 9843 218078
643 7803 51488
3469 9879 1211120
6573 6626 1177723
9212 732 375515
3052 5969 516880
4119 6711 2252072
5136 4013 306035
8997 7381 1139919
5213 1030 53815
9544 1716 659393
5637 524 1237117
884 8135 1097080
9289 7140 53798
6592 9945 10247
9870 695 659371
9674 8316 833415
6609 330 638484
1122 9598 782188
1125 2360 540922
4543 5810 508833
2141 5961 194683
6860 9929 761345
7454 5353 59963
8192 4145 546756
8287 6222 701466
8591 163 457865
3800 6805 1387922
6383 3243 50115
6916 3406 375504
4098 1351 353250
8958 4895 345575
9292 4538 155384
8426 8375 322031
2567 9306 181455
2674 6240 622280
7880 1849 1857437
397 8089 464176
9288 9414 1393737
6681 1717 225539
5489 829 1367022
5969 6947 91816
3866 3292 484548
2649 6586 447947
4492 6356 628251
2715 692 881462
7287 2472 1414781
7645 5329 16004
3635 8272 296385
2965 7789 215649
471 8588 1092050
6592 1890 132936
13 8526 520826
6857 1362 1170518
2830 8177 1233
3646 7774 136501
5698 4781 765296
6150 2933 193172
4875 4498 376040
7026 7626 115308
1042 4883 197348
145 2176 987074
5961 4578 57043
5075 4364 231712
5322 8026 636196
4641 1307 75682
987 5084 632684
2856 4712 743826
8941 1517 188599
3754 6994 623223
3824 5549 139768
8451 8446 448140
8881 7368 372730
9540 545 757414
9552 685 711727
8697 2909 84471
3099 621 480216
9037 544 364750
1553 3974 210983
7740 1674 1089952
1373 159 775099
4024 8411 1012413
6461 2795 193138
5929 9601 1165508
8893 493 360818
533 4516 550289
7454 5942 451399
3830 2227 252504
175 409 358604
7479 8845 366180
3959 4137 1001795
8001 5850 15105
5112 5329 694141
4087 5460 2899667
7576 3651 237511
4126 9956 82755
8142 4259 100738
6206 2596 711823
3565 8007 161510
9900 4179 188208
8045 8554 427972
9732 5014 54990
6602 7846 259114
6935 5620 279133
7084 8569 2025325
7484 7348 1377237
1226 670 130480
2158 4383 1165550
3946 6738 392606
1003 3702 425142
8925 1907 516730
8388 7443 62918
9328 8306 55954
4860 6696 191504
8915 3236 667364
1811 342 1670169
2521 6933 539394
7574 5570 365552
1666 4710 263100
2970 7645 539368
4328 4439 67983
2667 5093 2796668
1195 2761 589200
7040 6952 585485
3175 8224 1681563
9048 9061 924185
8370 343 347968
1859 8975 153920
9218 8491 1826566
5039 586 470219
1630 2059 489215
2303 3950 147265
6089 6418 823120
3721 6022 72711
556 7960 278520
4557 8740 1678612
562 7094 84605
6931 1948 869176
7089 2493 319272
3079 7636 72977
380 3711 115960
3069 9428 1137267
6452 539 531573
1479 347 754832
5604 8670 1452622
962 4882 1395669
6970 6482 2164525
2782 9395 730111
1366 4909 653512
5790 8170 1807338
5490 9998 1447899
1472 7018 540610
7225 3690 821106
3779 2350 11483
9205 2377 138175
453 942 1355999
7316 6934 843454
