163
1338 3066 266719
5709 9935 196065
3392 4438 73710
1450 4614 1173159
3930 6246 245054
54 5965 466981
7162 4944 1284110
2922 3698 341221
8281 4232 292534
2912 3586 284500
3209 6144 453417
3796 6124 593539
8602 3843 809941
4028 6383 590066
8824 6753 2052076
3030 6428 334493
9395 8528 160065
6138 4902 856414
1822 4505 225499
4552 3404 378282
3001 541 1146155
5322 8743 563143
2306 8601 621714
802 2279 73087
6890 721 1658
5171 6793 963029
6008 4346 164308
4732 2171 326713
7290 260 486833
4065 7084 595283
5043 6341 128230
4079 5093 386302
3702 3725 1120810
4385 8739 451518
2965 5904 1102041
4770 5047 759072
6216 1564 468912
6893 300 642468
7307 1706 309903
7282 983 939618
2047 8975 1203141
1394 174 235787
4731 138 608040
3467 2124 396295
3462 1881 1150709
619 6759 876325
5698 9176 141119
6521 9349 391163
9769 990 1148344
3598 5221 382
4005 3815 471989
120 2488 92784
4034 2722 58442
1155 2622 586481
1248 9510 32155
3586 2269 3943169
291 3305 2295234
3737 9003 20020
1649 312 760282
2506 3078 84842
2449 3913 457550
5167 7372 760315
9988 236 173657
139 5130 308162
3370 6175 99338
947 7017 350529
7028 5245 83558
9549 9892 341406
6967 5077 559239
4123 4301 1383749
8039 2520 1315305
7422 9052 2338362
4291 1639 2321938
7512 8330 358449
2107 1971 1915675
1638 8705 90808
1332 1574 56126
9196 4312 56914
6617 1098 893778
971 3911 120387
7754 4595 29235
7611 4581 896359
5722 6110 2020089
8717 8278 1280036
7348 5168 77943
4743 4671 368621
2211 8077 730283
695 5812 1286858
8140 6069 72433
4087 6498 682143
5478 2198 152814
519 5259 700395
7919 4909 291606
6148 6312 108947
5962 5502 1159733
1273 9036 671905
3062 9783 8639
5191 734 31694
647 2184 731804
7804 8398 592264
6311 3013 772588
5136 1346 294200
9626 3354 1485624
2869 2974 3099208
1048 92 753875
9729 1421 3123222
3760 3059 153591
3787 4128 2463
2301 3469 666372
2464 6240 691412
8818 4183 86764
1723 2801 311822
8600 3012 215531
1260 2212 119062
4995 8910 95436
1177 6146 161528
6641 1495 258411
1036 2687 237818
5324 662 723316
1904 8832 402392
6234 279 1032346
8260 3342 658864
1620 6710 490932
447 1235 1779099
8013 207 876233
2808 7914 448626
6104 584 67750
8232 6807 1041892
2594 9006 1029285
9462 1798 1120798
4206 6657 807773
4896 4009 1130347
997 4465 190822
5402 9511 1213686
7396 4830 235063
9130 7213 230419
2040 4985 426058
591 8705 229619
4686 9100 1001444
4197 7692 754382
3254 896 153175
3840 9510 342829
5205 8917 393591
6927 519 54577
6918 9641 165534
9305 5085 548729
8926 5519 843754
8838 2220 315081
7122 4695 352073
665 9077 76628
2999 5129 1154730
3239 6236 612195
9217 1639 35414
4388 8970 412972
7382 8282 263909
7137 9265 306620
7091 7234 224342
3771 1669 139396
1772 6044 463409
6917 2459 684818
4010 7759 821407
8133 8593 315273
3817 3242 195080
