163
6059 5492 446979
3881 7901 43235
2270 6162 885984
252 7749 591063
9122 4505 1170703
6064 6199 156094
2819 2425 699883
8252 8785 313330
4805 6771 805991
9094 8937 150822
8702 2731 82783
3480 5262 827674
5088 8417 649521
4471 472 844166
9915 646 308869
1422 5387 1171126
3145 7623 799341
8091 7259 1497816
573 8506 502887
6862 11 106183
9386 6336 394067
384 517 70313
4389 9214 989654
807 4778 1927347
4323 5873 153508
6380 7188 1140899
3678 1479 358445
3728 1386 227303
7262 7779 818021
4549 546 399022
6683 4882 706621
6350 7893 375959
961 8905 133598
718 2190 279313
7676 1960 67973
1577 5806 718742
3381 9573 201295
3349 9116 2510339
7212 4929 62747
36 9205 477920
2172 7 685006
7594 9547 927441
1279 7209 1183556
7992 3625 1531581
9239 3288 2468327
4335 3818 1544391
9738 3105 279556
454 2469 267832
4471 9865 463659
8146 9385 941428
5868 2317 104766
7562 6055 838626
7373 1303 19085
8543 9760 1196737
1315 7755 3619
2835 6293 373657
9403 5098 915612
7412 6055 666146
1953 21 92668
9610 9853 324671
7170 8575 299187
1171 7256 580013
8966 6613 100729
1470 3411 1088526
4207 9007 259632
6444 1464 123246
2132 8123 329883
2886 6043 313105
5942 2952 1471415
2338 3553 235088
1797 5255 210227
1857 2354 382786
4910 7710 663519
7762 2808 782379
7756 4398 641964
2428 1884 1290451
4147 2959 59921
6583 9741 318460
1204 4147 260830
7135 6853 2067103
4325 8499 123258
4426 943 1385039
2426 8398 1298389
673 4097 299814
7349 6871 660725
5178 3381 846732
3946 9128 144293
3548 7618 83828
4266 514 251297
8192 2569 600
8375 4153 185324
7206 1651 1190202
5001 2289 177690
7323 1077 397713
1308 8110 477255
7497 8719 426493
1270 283 122692
4397 9049 1695275
2427 2431 2178597
4464 5868 834126
1742 9707 1673483
4742 3123 31766
2803 3113 1017050
2162 3130 62314
5021 5899 1849024
6551 9767 304133
1649 1115 191003
2903 2866 89076
8782 5086 122304
7374 2051 683255
3027 9869 523282
6167 3611 2454159
6111 2254 132671
7138 8457 276751
3066 6528 35739
7561 9619 392218
6075 705 587228
2420 3093 230640
9151 4566 1828959
9705 73 516647
4434 6275 73843
674 3565 2115988
5118 8305 363199
605 7677 145596
4454 8015 199097
2153 3932 835600
7392 5872 102135
4707 1630 208729
2730 1225 488641
8435 7135 301193
5412 4401 1093156
5231 8343 820769
5637 6309 1629708
8470 87 424393
8167 2645 133099
8575 7593 1489142
3344 2382 736571
4490 3051 889171
7414 9824 602812
2757 7629 60583
434 1271 14708
9881 2807 2359387
1923 7689 533705
943 8069 575965
3522 7169 465787
5969 782 324587
4170 9731 57643
9811 7355 950878
3211 3785 89989
6462 2555 121350
9054 6350 20705
9751 5240 5903
536 338 28363
832 8324 1007266
4259 3113 86598
7954 8598 106693
8145 2667 186481
6845 8234 264781
1899 5055 305739
8915 9900 1613964
6406 8018 506357
5126 7805 1457780
8709 2923 46538
