85
7000 6602 413749
2151 61 3754536
9721 9984 470296
2665 6511 36479
6627 3174 1447151
5969 1744 382425
6801 113 76438
9938 1784 1310070
8959 9036 83814
4597 105 629070
1351 8804 714378
5803 1568 768994
3387 9720 1232557
8429 1693 1404714
211 1800 2050210
186 1022 441977
829 3015 534357
5078 6923 336270
6181 2142 3004407
782 4654 1302388
3626 2471 263684
9910 1691 1415007
7993 2132 4890774
7736 1104 63097
2652 2849 1259640
2164 3691 277284
3813 468 890609
5978 8755 3590526
1875 4678 516423
4348 9918 346981
2211 7129 2779582
7525 3967 189724
1406 5346 3674475
6396 9344 1272376
1203 1157 102228
2709 8875 1544292
8320 316 915630
8526 1361 1264923
1096 3879 1233
2048 7289 4991806
8072 7896 1445828
5035 3905 132082
6195 3436 603653
7607 7193 234956
6249 6169 2131657
6253 4772 1426534
4939 2856 3837009
3287 7404 356733
1491 769 1010884
1831 2593 3192636
3722 4336 970900
2915 7567 448736
3635 4352 2079617
1659 3256 228069
9000 9132 891571
855 6000 373384
9267 3029 1966125
1105 3372 854835
5145 8715 1153020
6578 9786 2039562
9979 7942 1528078
97 9402 3116653
1891 6497 49978
3937 1903 334779
1682 2956 546365
1915 8342 747067
6170 8166 1641590
6049 565 1390801
3862 5973 1125917
3571 643 594638
2668 1657 323848
181 6782 101666
1855 564 756385
2682 4570 1206728
9860 3267 2657769
4395 3428 541758
4103 2502 1461744
2366 5718 16161
6045 7170 356661
966 1163 261205
9647 7211 2158393
2336 5002 1285835
8002 3655 755623
3471 7793 333479
7071 2288 684514
