85
5644 3879 2072908
9021 6799 1372121
9405 593 719856
7744 9565 779862
7820 1703 395065
948 3120 468186
1796 762 1724853
4869 864 339586
1354 859 3207783
681 8687 536670
1555 62 273809
4230 1824 226185
308 784 1635473
8391 5614 1837102
1366 8471 88151
5213 3034 3047448
5327 7111 304784
5448 1198 662657
6411 5970 6095
4299 1542 1216392
2638 9553 2181671
7158 5862 524670
1571 9434 1431819
4288 1637 1731507
9571 6108 75379
336 1604 1414538
1046 1738 1423138
5156 5457 241416
6940 4100 1369613
20 5117 1024790
9433 2497 495752
7687 5068 90682
3417 6236 77950
6079 1848 750020
4088 9384 200918
8871 6122 1249741
5827 9403 870977
2487 2942 371295
6741 4454 1223420
6767 6162 313474
1236 3353 106978
4627 4604 910924
5550 2889 86222
2698 2397 34421
5229 5735 2608374
3384 3746 4059749
6645 5596 1269469
3905 3396 24471
4971 5011 494202
4939 595 216891
3627 4037 2382731
3862 8829 3298528
797 404 2101361
9156 5775 1000279
6566 6995 2677213
3392 2513 382049
5173 9500 276677
5237 8308 566335
2228 1745 597153
6837 6623 720850
1723 3047 1945777
5088 7145 1559010
8743 3125 4244975
9672 8403 2034326
644 2002 385585
3326 9206 1527071
1744 5620 748938
617 4690 1089067
7006 8994 820050
7118 4506 33900
3086 2306 915019
5655 4947 2348986
1330 3815 903116
6327 1947 590247
751 2545 4238431
6809 1913 2765767
3267 3497 990798
8795 3799 120085
6344 2124 287073
3722 178 121178
1013 2395 1734274
1455 9155 1741727
5373 7728 5248473
2669 4681 1304315
4110 3203 509179
