89
7874 5489 1046726
6884 5926 625711
875 6478 252338
8792 7881 2699210
951 5953 1128174
1780 6450 2809346
3066 9806 1723383
9752 211 746671
1378 8959 414897
6329 102 4902201
4116 2214 1446791
157 1829 104695
8617 4447 890835
2816 2863 1172393
3305 857 631263
2089 2550 28150
8577 1499 1808902
6334 3315 1703794
8734 2884 81666
1392 4786 3762023
9923 8506 1285784
4656 1922 1613780
1603 9006 1016879
4663 8336 819780
236 6697 1839961
9718 9301 679581
9831 9610 1814642
6492 3233 3103202
8862 7154 146589
8682 9413 336311
3748 4704 2664557
6239 6731 1510507
1295 4453 479828
9760 1860 1445239
2395 7296 796978
8511 8066 494524
5304 4962 312123
8148 5002 616259
8426 1983 312787
6614 8723 261406
7051 2875 3003024
1750 9776 151710
6194 5108 67349
5301 7405 3492896
9852 2435 443075
2663 3803 586194
8257 6738 1314941
8305 1334 888121
7526 4446 1291904
9887 3195 3311967
2590 6202 1240612
2130 5303 139695
1079 5955 877439
9104 6091 70367
5890 5886 2418520
260 2961 692613
3509 2625 119123
243 900 388597
1265 2705 82730
4519 8847 836910
9889 672 2403853
9170 2188 784847
595 8267 413269
560 2683 4453189
4817 8361 350775
2136 6359 1051216
7373 6873 2014366
9391 5363 1182938
2086 966 438789
9898 50 554924
1456 1121 265213
9125 4893 771287
3952 7616 607838
5631 7284 1380498
7053 7054 327137
6211 1451 1859944
191 1675 335104
9170 3169 10167
7010 2877 217445
8334 9334 669057
6334 7899 163301
7107 4621 1566163
302 520 1679318
1386 6861 2124301
7738 8767 101398
671 5080 1440885
2462 7977 437889
859 7402 1018235
8734 2644 428981
