89
5903 725 525589
5006 6549 162176
8518 6176 100555
234 9689 1488608
9786 9719 3988406
6659 2481 1639351
6476 6837 1020269
8969 7399 6388044
3904 553 1771387
9786 5192 1725026
5108 1742 764480
2846 8945 5229617
300 9972 698041
2166 9784 940492
7052 3797 1574385
8054 4901 1459099
9722 247 1297191
9635 7559 57373
3155 6039 5107394
7844 8308 23805
1800 1740 319233
4271 6546 545154
9398 4271 17993
5621 5677 217752
2053 6296 2171785
9935 3664 788923
2665 1245 166828
2299 780 342082
5102 2079 781722
930 3188 57555
2191 3487 1638741
6668 3267 1507651
9007 5587 168499
3306 618 1613116
7479 7775 3085007
2050 1655 1071006
8586 9969 147856
2649 2711 306842
2119 9861 1112740
6328 2239 233910
7463 9360 50059
266 1850 1459842
3013 5481 248299
8475 7929 1865710
3620 2055 750217
4054 8152 832958
905 7452 3674523
6978 3449 964824
1701 1436 239749
1484 9163 663722
3387 1956 171153
3332 6141 750049
6555 3915 571481
3393 8462 1112411
4920 3736 434603
9593 4499 849558
3142 7965 134699
5020 5252 1986627
4913 6291 1037047
1413 1471 431686
4057 2117 2160150
3743 2101 1369083
8716 1769 567862
9196 9307 52193
7642 1313 264967
7360 5929 433787
1879 6588 404676
1585 6672 14606
3939 2197 458078
3344 4773 1986912
9838 1664 441069
4480 1744 1318215
9235 9268 1400785
211 6316 267628
247 9273 1734423
809 6637 1836032
2250 4070 941491
7596 8271 90591
3140 5675 452200
1188 8496 2335688
6831 8795 425486
2730 6895 1959404
3222 6412 698195
19 271 491023
2832 9255 1005520
8656 4137 770232
6454 5719 624063
7960 4068 1232946
1826 912 3777795
