89
5596 6920 289396
3139 638 1308499
6599 1450 1065154
5025 7464 284821
4154 7834 852025
2366 7378 2909421
3835 3634 898404
1711 6346 747018
6572 787 130213
5489 9882 1719353
2446 4853 343465
4004 3066 898065
1830 4583 618427
5099 5189 126296
1060 4413 1257473
3005 8329 568458
2324 9882 897351
407 465 1586929
6026 4441 2538103
6394 3860 157763
9701 6587 411011
6935 4269 631875
9993 593 1406078
9461 9945 1021886
1597 2439 3125099
6695 7238 1490155
3377 7395 1064747
7459 7139 1135176
203 7793 100585
888 6710 982932
8546 7668 348644
5106 1386 133924
1189 5383 3310926
8204 6638 7063358
1036 9389 1700841
872 2568 29941
3734 956 1350464
3048 6587 778689
5948 3058 2162414
822 5603 186101
4578 5173 1323674
501 9124 1010643
6260 4393 1656759
6490 468 503750
3822 2786 1383110
9433 687 932460
8717 6704 26278
9421 5032 213138
3812 6796 789962
5807 5571 341103
1482 3296 3169223
2498 7920 138352
8178 3996 647622
4568 62 2893646
3953 3485 797647
3828 9750 458624
6577 6756 483989
8088 2756 369408
9630 2734 268088
8118 1266 338998
4231 2493 140825
6460 781 743976
968 7362 92842
6704 9557 2509650
5084 5567 1953852
3227 6174 1653416
8285 5114 384826
962 8094 907837
3895 9918 3750191
9436 6999 954974
7660 460 4670771
4953 8782 1116485
5972 4131 124205
4771 8395 1133449
9650 8381 176458
4553 3046 1359014
7202 5498 1428204
6688 2999 276887
6083 4535 1046645
3843 6114 1128558
393 8197 3611210
5550 8275 198674
4684 5009 499359
6869 6343 462905
5556 63 1226702
9805 55 568105
4487 9548 2004268
4756 5792 403144
504 4500 94614
