89
6153 1816 616333
3250 1097 3062102
2097 1483 565168
2739 3168 107937
9419 4406 432638
761 6526 344817
6483 470 1227050
1318 4565 1164456
9877 2061 12205
1125 2420 892187
9998 2221 836112
444 6705 380766
513 8910 475823
5514 523 872985
2530 236 262493
3211 5376 49859
5635 5853 842093
3132 330 356457
8879 3741 171030
4171 9854 1067121
8666 4094 137532
9082 3664 6920586
7568 7527 604721
2113 7140 644417
2427 9068 1122928
2137 5770 307431
3113 6421 4238440
9414 8531 1687314
4184 4658 2027061
362 2057 885729
6152 4958 2397433
6300 9510 970698
4963 3730 979389
9170 415 1191512
6109 5929 291519
1086 6971 567059
2020 2967 29689
4600 9407 929938
5747 3660 1075996
1617 3814 258975
3101 6618 1283882
2075 4683 927689
7340 2520 1894306
4025 2390 284079
400 7922 2247669
2534 2009 1002174
3578 9848 1188896
5137 5307 3441517
6940 6757 2230827
2030 8922 2305590
6509 1945 1119681
2567 9671 746280
6235 9733 132491
1207 593 2348652
8079 9169 808514
2108 1956 1873004
4975 7464 424932
2157 6443 51235
2202 7282 55045
8854 2136 121472
5808 4931 483687
1415 6825 165116
8802 8473 37500
8522 6463 312652
2549 7914 2106475
8107 3709 182504
9741 688 2977857
6521 3218 781706
8984 3030 138571
9805 7453 3888834
2426 5260 1398167
2653 2938 971852
7591 6865 580703
8662 7036 1105612
6702 5232 758003
3045 5518 520417
3328 1350 4128299
5354 8067 32116
6683 9515 1012094
6140 8008 49263
4077 5155 2906930
708 4061 85988
379 2788 545228
2132 2536 1498226
7182 9096 364148
3797 5639 715371
6718 4046 894268
7545 3845 2321615
5484 131 3540864
