89
2244 3907 602483
5968 7075 2481396
5092 1180 290110
2646 3453 439587
4117 5046 2227431
8589 1047 421985
1699 1995 633585
3624 1399 1141823
912 1139 1629973
4000 1471 1735904
4429 6102 9550
4138 7977 1053205
9965 235 161497
5256 7840 40241
3134 6082 825909
2330 134 787985
7830 2452 1535582
1114 1865 401500
5719 583 234422
681 5375 1053932
3498 68 142188
7672 5453 137341
2094 4191 522856
8046 910 737714
566 6360 367350
1860 6819 864591
7818 8739 51168
9274 205 1001152
2773 3336 1576998
6921 1492 345855
3542 6738 131275
1868 3091 1120828
3997 2393 1006221
564 9318 2404277
1159 5632 4308998
670 5235 87835
8022 1881 266933
9487 1519 1702779
7717 7195 666269
8854 1727 1740882
8930 441 3030410
3169 3129 21037
9403 601 1877793
3910 3426 1651460
4358 5155 313822
4813 5268 334971
6046 6976 905499
8169 3973 2411593
215 2522 1322753
1128 9408 1992145
6340 1014 2977225
2151 1486 800286
947 9681 54686
7292 5980 2469859
4533 1249 2334814
9880 2076 1798864
1187 8347 69314
3883 6087 653471
447 7793 1045819
8442 7433 1036652
3042 542 1058647
8767 8998 10206
1907 6188 1298444
2069 1693 493530
1104 6635 635617
1435 1024 1270018
9910 1964 5086233
8400 1866 2042483
8246 7800 311497
6428 3721 192036
6798 9514 1189607
486 3420 285965
5760 9515 291999
2970 1454 1395322
9541 817 1302281
4182 4145 3941303
9771 8158 1265168
9011 5515 1318943
2830 9274 334874
6619 4579 645985
8582 1217 2105284
7148 863 1387064
2568 4038 54291
9567 6515 1368570
1384 979 1741535
2603 4305 943927
7785 6628 3208419
7309 4494 595243
3478 7808 231426
