139
499 8448 659633
1428 2691 1631870
2336 865 70659
8037 173 77462
4863 3273 334848
5468 7570 1051011
4093 6408 206163
6726 6796 259369
906 1071 814925
2071 5074 244284
3510 6059 415307
9106 6038 32360
1632 5488 1156984
7838 40 1342387
1460 1428 223189
7439 9650 4001418
966 5061 137299
6328 459 413539
5833 9512 678949
5100 5297 4009482
4272 7349 954916
2647 3360 211566
6342 3618 1284201
8387 3947 403330
8801 5339 223497
4145 1620 716822
8496 3893 390527
4361 9590 137450
2229 1742 12361
942 3475 926526
5749 1707 23499
3633 3298 940338
4787 7887 390551
835 5186 1721876
9162 24 827131
2214 3130 1344118
5851 1987 47717
4461 7902 1759251
4945 6572 951418
7045 9317 41385
3657 2339 1218131
1732 3990 1271945
6644 3559 98080
2761 3496 494026
8443 3583 106949
4947 7668 215389
1361 2701 718957
8555 5045 926591
4638 7010 226265
3471 3860 54410
1574 5312 2963015
4183 8501 1016868
8125 1226 193303
7134 495 2455578
509 9718 34828
5883 6650 3776272
8528 7347 33634
986 814 100078
187 4205 292105
4825 441 85910
5929 9124 183925
1160 237 542136
5411 2241 351004
5520 8461 480843
4209 8354 199220
1538 4481 771976
3748 575 320874
1829 1020 736063
9423 5559 602791
198 523 991473
7840 6992 725333
5474 693 592980
470 810 674154
6603 2005 61496
8389 4744 612607
7889 1064 342098
6455 1315 569415
6380 7883 160734
7711 931 228698
9462 1672 293565
2770 1665 592159
3800 8805 466804
3872 839 131597
2504 3644 545682
441 5617 526321
5094 2303 698759
1992 2732 6068
2579 9845 75310
4296 5196 605852
1026 3178 2591840
6520 9917 2834472
3949 8779 1756224
9875 7279 484340
6930 3311 263163
6547 2124 19382
8004 3744 854510
4092 4709 328699
5411 4841 477743
4814 5092 231865
1605 1866 553374
1061 1644 292783
8643 237 235996
9365 1901 200322
4684 3523 209203
3231 415 210198
2433 9967 825475
4858 7349 1159553
9675 1490 393911
1129 3526 296920
9019 9311 304452
8104 2562 577316
366 412 1606165
4470 9701 855444
8212 1860 427259
5230 5155 189914
4071 7798 614229
2177 9604 996276
733 7791 943055
3917 9931 87144
7933 799 422283
5143 6378 491252
3502 6254 173221
1601 4583 749739
5091 5220 452912
3057 8206 464186
8550 5602 1291561
290 3796 780770
1112 1545 171035
8155 5431 954476
1716 9150 374423
4176 3921 3218986
2890 6246 498886
6234 2157 1499696
2498 9502 438792
5145 1250 947296
436 6405 1722697
9232 3782 1248981
8768 7483 1617588
8473 3536 1218104
