139
5895 3197 249650
2604 5962 316159
9682 7610 1624519
600 682 204440
2397 4841 425557
8942 3096 22296
2241 1087 626457
143 8958 101883
9806 178 8117
3966 3520 229043
5758 719 806056
3425 946 2173199
2276 6182 1087517
6692 839 106184
853 6047 244195
9945 8457 307277
2017 5333 1099490
5968 3608 18237
3427 8794 1712717
1752 3315 769720
7524 2368 511832
7731 6892 782618
9438 2481 82675
4513 2795 1895302
2601 2926 318612
4621 2962 206741
1356 1473 810103
1571 7420 1330097
4934 101 216911
6296 3782 176509
3290 8177 126046
7138 1969 951575
4804 374 72305
3058 7800 1824247
6021 9332 254839
8035 561 99875
812 4511 393871
1100 231 1058879
7353 906 631584
3831 1162 75183
3070 3133 1346927
417 9271 1074679
3924 8876 1250178
8830 8538 278214
7026 158 2283355
8730 3555 887541
6062 555 25890
325 5199 500738
5257 178 129953
3458 2472 967904
1087 4811 415160
9307 7747 483014
2042 1845 294592
5915 4156 1738137
859 4900 453899
9888 6707 2935296
500 1936 78686
8388 2977 214804
3482 7257 1891213
428 1763 187077
2964 1211 811485
2726 9850 241177
4406 2270 274693
152 9318 643629
2485 84 291768
6245 629 290514
8046 5290 35063
4638 4029 421254
5835 6767 1552364
2854 9214 75285
9161 139 227370
5634 1343 200164
5724 2212 81188
5525 3378 995249
8027 4209 1200716
9933 5029 344379
1985 9322 3355387
3475 2794 988637
6033 3081 1939119
7815 3648 174111
8753 7154 1663067
6065 1202 346344
5314 9109 18326
3341 8695 295009
6222 5859 522567
9841 4097 427396
198 469 1297569
2896 3675 151569
2762 9551 405885
5953 1566 2145096
5863 3882 2234286
9680 5622 619577
5342 5887 659605
3721 2771 529783
5255 9234 859283
8437 5544 317669
9101 6078 391681
1413 7414 439210
6927 5932 743559
4065 8000 880508
2361 9347 85978
1528 1470 67474
1914 3886 717389
2692 2512 802392
2716 7470 263053
4329 8592 207955
6402 2742 267968
4337 6170 476361
3137 5629 126823
841 3000 568733
7060 1065 2057762
268 6445 1009906
357 2569 40350
2103 4106 681077
1290 3299 1203168
4983 6782 77790
4127 6794 1270150
5072 3015 1016922
2204 8992 880236
9552 7618 2295881
5328 1732 47261
1565 5540 42128
8750 1372 144132
8449 7436 248649
9867 1613 3869213
2284 5704 383299
7192 1068 292786
1187 8961 935902
5032 6225 2327797
2001 1755 1345695
3181 733 1051291
1266 9453 22654
1429 3676 39647
8983 1719 439203
9238 1385 97362
1879 951 1461085
8148 377 1147815
3709 8194 1177565
3192 9588 327833
