139
1193 5359 133407
8686 4654 302547
5942 5762 292961
256 3329 358177
5067 4195 148721
993 2836 148058
7171 4569 397042
3695 1828 87566
1726 8667 349500
3618 5606 117495
1990 3883 377305
4731 1944 216630
6236 1086 800077
2527 9720 517755
25 3450 629239
4432 9894 388088
8970 2541 454084
1098 7461 6147
5537 8891 361636
2681 4054 130639
9016 6444 172489
4899 7316 517203
1692 114 459796
2341 2046 183483
4605 8737 696579
5337 7775 340030
8557 9647 1310878
6566 8421 494049
8669 3799 62366
5096 5365 1152
8184 9717 652322
2879 5816 356302
3656 6362 415519
8247 4289 405213
1656 3438 3484311
5303 5575 36962
4986 6628 270059
7792 1817 1521999
1656 7018 1279317
7935 83 1338089
5401 7800 283074
1960 9378 953279
6780 8214 1988886
8030 4619 1336024
729 5179 2397870
2363 3800 116724
4095 1339 184496
7052 94 804531
6755 6690 29445
8043 8770 1514678
795 7566 958434
2811 246 794662
1781 7182 1333461
5131 8912 591542
5641 4382 873544
3112 2971 1649279
213 6506 278742
801 2773 1699852
2295 9074 30367
8650 5239 821317
2615 8573 1005856
6253 7984 484969
699 9060 73726
8146 608 1277783
1337 6020 387125
3890 1278 1092201
5383 9116 664981
5492 6774 545830
5681 2261 1398656
1379 2767 592643
262 5762 340490
2144 1791 659753
359 5872 101478
4906 4811 1677372
6494 8009 1764175
826 4640 408667
395 5501 208005
1347 4461 541756
8961 8535 778196
9066 9114 3281634
4236 2300 681122
5296 3142 1065609
9331 4675 757188
9615 8010 591913
2781 1987 488969
8440 1645 256480
7248 9930 133033
4715 4633 1210731
4928 6641 85056
4063 3061 3953879
5894 9269 397888
2739 4060 325588
2319 3 435540
4408 5597 1577190
884 4144 1097491
653 2708 231798
5439 56 86248
5662 7317 3401609
8404 4828 1200099
6671 2760 170689
5050 1786 1333918
9021 2061 262685
9087 1461 401447
1735 8788 564645
4985 9902 334641
2861 1746 70551
2400 4076 183837
4931 8675 668028
1804 5741 1115269
7245 8817 3651
3883 8462 583430
5331 9580 951502
4732 2663 717179
3245 7855 167076
2107 4906 809521
973 3545 56033
7550 6670 226026
7133 2140 73570
3395 5238 481261
8056 380 804826
3058 5414 1869955
4842 1687 1400929
917 805 1342364
5084 1051 67332
8037 3966 1555346
6169 7421 5299
6831 1778 639509
8834 4118 410368
179 9977 1012252
703 4765 111890
5657 5880 354235
1653 3430 834416
1721 1642 478997
8341 9284 426358
2072 6264 567131
2193 928 2668207
3919 4909 1738930
6715 8274 31632
8209 8124 386939
