139
949 5825 419754
8262 1749 300058
1660 3279 4005606
6359 5210 112638
1830 6140 1031317
5380 9613 393132
7251 6062 2013345
6226 5738 287680
2795 4619 180471
1566 1640 1335122
5546 7049 130415
1173 506 237317
1657 2426 226075
9445 3842 1654769
1192 9909 107907
9740 1583 565302
1049 4305 1185914
1445 9964 554829
1494 901 2363553
9650 1068 1167120
8143 1983 481563
3590 142 379920
4954 821 233503
1472 5949 386960
4853 1470 1101285
1131 6902 200067
9579 2101 2843396
9943 2967 305224
3405 5054 487049
2833 4523 207650
4291 1070 363400
2383 1526 96942
8860 4131 385243
3206 7841 378676
2492 8270 1273826
9416 1527 1857592
6466 2738 121598
3728 6098 636615
1149 4771 745417
8241 6645 189635
1624 7371 1693188
1448 9992 153470
5729 6930 97260
8939 5072 297084
6664 99 464524
8181 6673 465970
8262 2678 99436
5555 4028 564361
5970 1727 873634
2124 6186 469331
815 3939 17836
6191 6878 293577
797 7934 230972
7229 6773 158945
5298 8355 303994
3340 3798 2314498
2892 2848 2591311
1524 1232 137731
1336 8431 74405
8528 1979 532865
9680 3425 383917
5964 8685 3434
7832 838 476014
441 4928 465533
9033 6496 1774867
6514 2613 2006629
3018 4540 609811
521 6849 2096782
7190 4586 483703
1579 9189 1137341
830 1317 263794
7044 3399 21716
9639 7954 731546
6935 322 2501530
2054 3571 334404
2768 5818 93682
5773 2187 332552
1019 6089 359707
992 5890 450135
7119 8995 778591
4219 6846 159808
6524 6933 671325
8373 6409 2776752
4479 8524 584994
6761 7672 317034
8111 491 656755
3637 7037 851123
4328 6091 292085
1712 352 1585935
4240 5707 1022749
9821 4633 3397282
5672 8976 37906
4596 2590 24017
5910 4674 109036
4748 4821 50528
7189 4507 916524
1614 1411 132795
7068 5081 238702
5484 9523 1290751
246 8139 382675
8026 6765 40889
8945 6903 727227
1467 4268 188273
9682 84 2877
1037 4685 668062
5676 425 18827
1903 7477 1431681
7055 2031 913729
5337 3820 207819
8485 2557 2234194
2238 6619 169532
1392 9783 489493
2765 5704 875603
4793 7008 698022
4739 1145 840607
4121 5957 463888
5791 7672 699988
3467 3662 15519
101 8053 852332
4524 4975 181773
8431 6274 1241124
5842 8279 823205
3528 9612 131459
5312 629 329987
1857 1990 333938
5335 964 3396515
4975 8944 341955
4915 9867 653395
3337 283 27208
9235 2989 411215
2383 6748 879464
6656 7232 798574
8820 441 461463
2137 1215 959249
3618 9046 644391
865 2620 1839920
3539 2945 127494
5067 6696 399461
2122 5578 892907
