74
6328 1270 1150646
8989 5816 184815
7961 7808 2399945
5164 3003 1365121
7893 3030 1055979
4300 5508 4587205
4780 599 2547407
4687 4662 889303
8008 1230 1851103
1734 6242 702072
8599 8248 659071
807 9385 667526
2881 7654 487815
9962 9479 5989836
4301 8706 3835270
1164 5224 373573
6142 8413 58450
9224 9414 2086334
1410 8435 3156332
3133 9918 941075
4974 2120 5500382
4454 8241 1769690
1336 5847 403062
6531 3494 737722
7106 7823 169838
531 5278 229187
4588 5160 4642299
5112 9870 137779
6920 2372 714217
225 9813 527871
1921 1906 378993
5781 838 1072940
9509 4257 354545
3276 6827 362727
2787 317 590540
6223 5261 326219
9129 1626 381032
5017 5584 3292350
603 6221 545182
8317 1984 111148
8583 5596 151083
3738 7224 1913346
519 1955 1425277
5498 2142 2090880
7131 474 259263
3839 6530 3180652
968 1522 709364
7279 9198 3387033
1519 4569 1626200
8067 6638 1699189
6552 1875 370100
196 1322 424184
6974 8507 75549
2047 1478 2293688
4061 121 109092
3022 3479 3009386
5067 5877 337573
5707 63 2561900
5250 6 2490979
4621 7772 1934500
1855 416 1381862
2061 3606 632684
3520 8893 435816
6395 8846 1098183
7715 6217 525180
791 7786 594095
2818 183 218494
2893 4325 332725
5991 7656 69993
7192 697 3068970
3541 9592 2521092
986 5612 109068
7518 1552 824283
6843 8756 901716
