74
7304 786 1361068
1335 460 437879
2493 1225 463838
1595 3406 1976242
3935 5668 1446798
9429 8869 257518
8796 8568 720900
6173 414 2184555
8175 8101 935710
8802 1250 2734337
6460 9006 801588
2254 744 17327
46 9672 4226
4918 4154 369642
202 8931 1908210
4574 5781 4282794
7680 1300 453069
6191 7560 2365591
8485 1716 276051
3716 400 1521983
4561 4094 747784
9997 965 661252
3397 4541 312008
4913 5762 3686
604 5354 35848
4654 3242 1258477
8326 4708 950721
2196 8580 499369
4619 5371 962948
244 802 1589884
6661 7424 1587926
652 8086 620443
8907 3956 1824302
8348 1840 2682344
5788 9438 905673
200 1680 3007581
8937 3395 251132
3959 5763 80632
3961 3403 241695
3009 2979 1247798
8855 2626 2934946
8584 3554 689695
7425 353 4603531
1925 9951 3524132
5006 5638 1819066
1104 4656 1560511
3982 3612 3786191
8544 927 590047
2730 1459 530537
1523 6265 223981
5157 9220 1528381
5956 801 983692
5420 4408 1557469
9777 3686 2250795
8738 2843 3812069
5737 6670 1724379
9144 8402 4236392
485 3443 4371
7209 6013 2826195
8618 654 397223
1410 395 4099975
4080 5736 713688
7548 1845 267156
3507 3451 159687
7014 1595 1648777
320 3133 114215
3996 5757 239282
8383 9828 2603664
124 9760 808524
5815 323 904548
200 183 779991
1425 301 850674
5070 4588 1128911
3635 6458 2106476
