239
4872 1938 265199
7799 5238 119198
3137 2156 88141
8382 6187 414678
1890 8517 140989
6950 9112 282110
4577 4806 78409
1013 9154 46896
1710 4983 639149
3511 5680 116291
128 6869 658600
5694 3024 192719
1984 7364 73944
3998 3817 525965
4027 4119 612529
7341 1463 1414530
3608 1937 617297
3846 9297 596864
5289 952 343298
2425 9531 611998
5483 809 264174
7603 8818 1044923
9655 147 13293
6008 2201 454953
504 8795 67790
8247 7688 22828
2080 1970 546385
5957 8063 63713
7884 3888 36118
7588 6759 112445
7140 2145 109112
472 4614 961574
1862 1254 208487
6861 9789 450781
1706 5376 726742
8349 4432 98917
4429 1608 291405
4323 8425 2954
1499 2765 295858
4966 1854 96381
2991 9211 313922
895 1882 277383
8527 2272 21760
5576 4711 219904
9619 4932 1288332
7839 3961 55732
902 1547 203380
4050 8190 951349
2235 5205 157950
1211 3480 272668
7425 9486 519018
943 6074 1112930
4440 3462 2379824
9105 4107 113085
4583 9755 758652
5217 4581 133898
6545 2876 932231
48 9630 418583
9134 2257 406122
8611 3044 325846
594 5982 133637
7873 677 818692
6880 3722 77069
7977 1554 536414
8788 7389 576834
2224 1088 446470
351 3692 177884
1568 4858 33924
7986 2618 358425
7560 3350 2090902
1191 7074 26055
2036 6401 95729
1323 834 532581
4690 2222 180383
8132 6611 110424
5099 5318 253342
2195 6085 619140
8296 5103 27552
1604 9870 304200
128 5431 249149
366 9524 89704
3806 6184 96561
2874 3854 124020
1438 4197 692732
5924 9517 267229
5613 6293 122392
2114 5035 806550
2910 1078 28936
1056 8438 2412
7861 6770 1534988
4539 9195 312409
9568 8370 172689
485 5930 163691
745 2007 1057542
4185 3680 377143
7505 3622 394028
9855 1021 150859
2540 1299 672929
8319 4165 91808
1753 849 436240
404 5533 685057
1132 9663 59604
1479 9663 500493
812 3584 184710
1780 1606 203591
2221 1674 221243
4082 8847 138944
3773 1943 167914
8143 2787 327417
4528 2692 423696
1185 7736 433557
8465 7200 455822
5684 7582 416829
7721 5924 198066
7059 4582 390033
1401 2336 334941
8993 9102 92732
3648 816 1133541
4029 1940 133416
3345 3131 184360
9064 1190 1776947
819 661 169644
1337 1411 135961
8670 706 53749
798 9047 100183
6846 6189 456579
4169 2056 317978
1264 6282 196886
9320 4050 399654
9025 7320 1533263
4866 8337 96942
8304 9805 144128
449 2452 23224
234 645 95977
6450 747 106738
4946 540 1088873
946 4421 46107
4360 6029 285994
3191 1915 2181289
6170 8114 470969
984 82 149688
3767 5964 18552
1640 8133 79001
214 3279 5738
7240 7484 105224
2743 3287 1093839
5566 2363 1341030
7444 4377 697653
5833 4838 122310
7845 2846 447659
1508 2321 258291
9647 3614 149924
92 4655 385171
3070 1293 110497
40 6622 955482
8847 5893 1243058
2651 7335 127630
9228 9975 943117
8843 1964 354880
3841 9294 1055420
7652 9399 46632
3789 7120 232958
8323 6475 675647
1496 769 1188227
7155 1979 207030
9890 8753 619268
9217 5412 577576
5902 8092 1156235
1092 2015 544834
8699 6824 13927
4470 9080 635718
584 6995 219572
3493 4884 467095
4268 3961 190260
7606 3578 393258
2261 617 49399
5504 4188 130118
7035 6045 49811
3273 6822 83509
6168 8479 288255
3320 4379 513618
4619 3044 250580
9950 7644 27007
6257 8234 20580
125 7682 140334
3946 8954 55315
6976 8821 806121
4177 362 147978
9379 1125 125816
9737 4300 355909
8105 9560 206598
1790 4364 1146568
1518 8337 31258
8875 9376 566398
4839 3011 107174
5782 8271 301138
8766 3390 46720
7254 2552 946038
1709 9991 180529
812 3839 304920
4696 8300 103071
5780 8218 533178
7777 5440 663038
4245 1869 370474
2080 6641 1537541
9216 355 415107
3009 7075 270497
5959 3747 1518391
4089 7008 33996
8634 8896 316333
6580 8342 575750
4266 1415 422076
9731 4045 61899
9549 6993 242541
3225 1310 23539
2189 846 38895
5826 6460 244443
3767 127 2006247
8502 4476 91082
2601 21 1398502
7894 8670 83605
9080 7097 54075
6482 7631 85832
2629 1100 753933
7371 1933 126236
7080 8903 745841
862 1489 237702
797 3345 141166
4034 9563 1398725
8470 5680 556340
4568 2755 114810
5346 7399 344627
2954 5027 367610
9043 28 153737
3949 2547 515566
9504 5637 4271
8675 3454 1297767
5493 1361 633752
2444 4164 1642788
