239
8328 2481 548490
310 8259 522998
2612 9632 274183
5814 6386 808242
9810 2789 452296
7925 453 441008
5556 3571 1658470
6733 5750 224755
5938 181 647710
7571 4085 108531
6130 2868 157153
6845 6345 257617
2841 3629 2578739
5180 1428 1308118
8415 4892 268989
5979 5538 130658
2966 8044 174964
5644 6235 244693
791 8501 108012
6095 1721 83369
467 2557 475318
3635 5654 308740
8546 8547 198069
9024 8853 54287
2750 9095 511890
7327 4854 395448
3 7820 714515
8921 8482 155939
427 3081 285322
4698 6024 228806
9228 3031 148895
3528 7821 193132
6708 2637 327589
4266 7608 7261
9057 2616 98233
5579 1773 423791
4294 7839 392485
3544 2719 950330
7576 859 162375
4352 937 1132906
59 4737 894092
7069 1857 723423
1556 9460 1288722
170 5087 132647
4968 9516 601739
9771 6886 193676
1209 3675 256529
5891 8309 467488
982 6548 127961
9001 3272 4412
8343 5035 82505
3578 3635 266847
5934 279 634846
7864 8538 1065289
9262 8734 245652
5403 390 1163428
2254 7659 616883
9318 8608 182572
3311 8557 241949
9710 194 630409
4971 6924 213844
1151 6040 6676
8543 9672 260196
1978 6311 645656
1475 4017 42800
6798 7691 238797
9726 1670 96105
2582 5106 496959
9476 4139 327563
9791 405 811560
3241 8529 115962
8176 3204 138550
343 4521 188816
4982 7557 306301
4925 2774 76388
772 5476 590858
4759 4146 476113
2073 1088 124568
2260 9030 239123
6831 4938 956498
5438 279 209673
2368 4469 637347
706 4006 71463
5413 9620 497413
3563 1024 115176
9512 1816 167211
3937 5168 394756
2212 2754 176562
3013 7804 1169605
347 3124 148012
1723 1153 27819
8443 1105 122103
4437 5971 278586
5386 8768 457437
8610 7408 121681
6040 2597 39767
2931 5696 181589
689 3907 185371
2513 5536 129376
6170 6349 792531
4516 8691 650874
1293 4854 196229
2629 4262 222882
9434 3101 137071
8348 7784 557331
3245 5804 326972
5398 2139 174757
6197 6651 177546
2887 4141 57248
2522 8769 17329
8976 7197 35321
1209 111 525567
4905 1296 43342
9517 1529 389414
8938 5038 1464
7295 27 910617
8708 2237 1151844
2289 6811 1222133
5031 2685 612994
1332 8064 802190
8149 3969 385540
2385 3581 1061080
5796 2425 509574
4867 4265 78504
7849 2601 80083
5605 3707 711481
4904 491 808146
4562 2727 293319
9499 8670 247763
2432 6327 160944
4238 252 83196
7130 7958 615067
5568 9571 323389
4810 9617 232511
9341 2194 521235
7927 3202 577306
6314 4088 27410
2900 1053 149925
4834 4041 492368
2235 157 249840
3164 8478 391926
8949 4391 2750679
909 3964 760070
651 4736 562256
2678 8792 209996
4041 975 814671
6721 5713 131444
1586 827 921294
4362 1149 1717
3841 3560 38443
6291 2267 601303
7733 7191 82240
4671 7533 92805
2588 1322 379934
7071 5562 283431
7854 5579 533825
3504 8073 1337139
7702 5126 105219
698 9320 435573
184 5838 574882
3671 2839 750556
5598 6887 598032
8282 3259 178991
2492 4294 734348
1862 7233 1327342
2796 1964 349787
4268 5508 64632
3621 5602 67679
9800 9454 101512
181 5532 63510
9707 3969 473257
5715 7224 614186
5801 3384 43630
3008 8516 88378
5356 5797 288073
3454 2397 395528
5837 2664 1322934
2342 3903 376633
4137 8813 225585
3167 7404 174545
7354 7083 290532
5223 4873 651629
1967 4997 368879
1055 4843 316567
3936 4148 648995
406 9815 587674
2869 7075 272202
2963 2790 370697
6592 2256 143519
5073 4248 726894
9367 1791 126700
224 8542 219936
4900 918 686688
5768 1938 138777
8217 93 372019
1064 5261 632816
224 3165 91798
540 6865 364037
7383 8428 1043495
7789 7002 885758
9649 6789 1443948
1914 5849 472665
9923 8981 792839
4914 4655 476978
2621 160 184440
9654 3260 254613
2695 260 2460957
2358 8752 684471
3803 6884 292966
608 5598 14921
5506 5253 264313
5224 2993 766498
5745 9417 153212
2254 1565 330969
8546 4826 450518
1095 42 90949
3018 4950 18945
940 888 174834
8147 5338 529979
9445 6797 890965
8062 4314 150811
5773 4814 165796
1324 4038 412399
6682 9192 47698
9255 7280 28671
897 860 129115
1182 7234 524125
3333 5054 359428
8401 4553 909479
5165 7894 642609
999 3760 124992
1061 4814 374705
3860 3407 69295
8537 1804 33135
8594 1509 41515
5031 5699 404054
4179 1819 28690
3177 1108 470860
103 1486 61034
