239
9828 5617 431154
7656 2355 209304
7668 5071 1768463
1591 6164 164085
2346 2124 569901
7747 4456 682616
2680 514 1117736
4807 4501 144280
7693 1672 840414
4415 2436 341354
8353 5736 1046573
704 3946 230056
9122 8435 150439
6710 1229 109535
742 7919 540513
7947 6442 369960
9274 1696 949221
8122 5041 238942
3527 1386 66517
536 2799 138890
2436 6313 9903
3295 8131 516346
6474 7462 106373
5703 7541 322458
8628 8603 396962
6230 4444 92351
183 2047 1672495
6369 6470 345921
7487 6214 197326
6733 7013 112469
1088 3045 67533
7306 2662 848427
3508 8500 89586
9115 526 290859
3168 883 550754
7425 178 192372
8841 825 957926
8274 2135 27457
1874 8680 14475
8011 840 104529
8452 8697 532533
4517 4380 575170
8651 6821 11884
3391 1531 249013
1209 4389 994930
4165 1714 369880
8588 115 465576
5876 7096 72145
4598 5472 8788
1777 7144 139275
4270 7152 124015
3413 1799 834364
332 3473 750271
7194 7999 119355
6269 1253 298329
6077 3605 487321
5486 4219 901804
5565 7532 184256
5756 8285 53267
596 5328 198378
3422 2919 1249414
1724 7114 223799
2477 9283 308012
2441 2638 124185
9184 9690 194388
6573 3685 1212301
7959 1947 553897
5704 5094 660776
9764 2894 574684
2844 4845 184971
8481 7662 107422
5407 1443 401379
2001 3200 133641
4317 3655 51036
3898 4322 138060
5332 7965 1331419
9681 995 237985
9163 5088 626115
5896 957 85449
8266 9255 7583
3825 8219 77777
8405 1906 211973
6549 9930 653575
5426 9131 796943
3183 7831 246145
4317 6430 297258
3531 3695 358555
7532 6456 1352394
8891 220 658706
5915 4198 209685
4496 1836 226086
3557 125 39847
1415 1073 616476
9933 163 131915
5305 9345 17082
8128 8161 1665133
3346 4636 67296
2153 1711 267401
6963 1608 846063
2987 9978 206211
2793 4030 556892
8419 4078 59436
309 2399 180948
4801 4712 317100
1445 4064 5885
2360 7956 398242
3771 5009 190556
7279 5989 941881
4072 4772 165800
5843 378 742110
1414 6015 194810
9550 6957 60604
5442 4354 361602
7281 7211 101403
3878 7929 1546798
3760 1312 624115
8880 165 1926247
1075 1247 2221271
2466 2706 266203
9649 1009 270650
9834 2882 791548
1868 1627 551446
9841 3815 101282
5390 3835 136991
9454 3770 49967
3427 1893 348465
390 8004 476843
2675 6519 353134
3109 5110 218500
8924 7380 468914
9678 9047 318560
6284 4936 310884
3673 9051 85056
4228 5411 100167
5680 6285 167464
6916 9778 268749
916 6168 19465
5677 526 1503701
6455 100 1976019
2474 3924 52250
9587 2769 9094
111 5365 363279
2092 1931 614665
3803 1984 729847
5008 1773 183592
563 7553 136699
4047 132 307467
6019 8280 131974
7074 5552 138730
7310 157 385876
2653 6297 202485
8800 697 762945
6956 1006 416607
8600 7821 30953
8287 9659 1370361
8239 8821 103292
9280 576 9015
695 803 93468
8264 4418 100195
7526 6039 526251
9546 4211 616885
9355 4416 82147
3501 1444 1574608
1200 63 179278
6541 4172 9826
4022 9293 1222431
9333 3917 46598
2030 7086 1224202
3887 7226 465045
1961 1807 107913
6795 7062 101444
9048 2528 337974
5204 5021 218385
7176 4296 346453
9977 6537 439605
3290 8262 524066
231 5038 188357
5153 9186 19909
8576 527 220668
8662 4535 508618
5002 1118 26812
2606 8865 372656
8022 5367 296006
3680 3398 337927
4589 6461 640158
7116 2476 443919
6775 3314 635686
9124 6541 54122
1029 9038 59474
3154 7441 145080
4397 5647 1452764
4326 4648 357293
6906 5288 228599
4385 2164 136159
6002 6576 839368
74 4306 442214
160 9351 611559
9450 3532 946339
6645 5266 16694
5339 8842 636368
4725 7333 805603
3879 939 237322
2852 7697 631476
3850 7008 205241
6521 7308 219635
4889 4296 615272
7613 2895 260531
1260 4000 229896
1324 8214 363708
8042 8865 270103
1275 7504 449699
238 327 14441
7069 8534 251877
6511 9991 221686
2507 4081 855450
3581 3242 696728
2920 967 806449
5094 491 173363
3512 4649 136264
7627 8308 9693
1766 1513 447568
7252 2303 175034
2593 8819 465179
631 7046 7293
7904 4368 69148
5841 4212 124606
8068 4356 1015830
5391 151 404164
7480 7334 71616
4565 789 461351
2559 4149 515992
5638 4601 235672
5566 4464 301625
8063 4608 94233
8237 5972 1048089
2264 4698 303352
9505 5426 357399
9131 6152 419702
6528 5151 1115282
