239
4265 8314 1454249
2601 5041 548247
6585 4163 408936
6110 4013 574925
7111 9306 156796
7014 4714 732368
3085 7943 42081
5377 3786 431201
9696 7432 77034
2552 2659 65960
6474 3878 47571
5879 3771 824620
3200 8211 27984
6467 4901 751493
4183 7878 140766
5706 3287 378954
6474 4547 227776
3292 4899 621065
6245 9075 34254
2319 4007 163690
6315 1786 52951
8159 3264 127305
1197 1557 1081927
1207 552 415976
2181 407 735686
9664 7826 247051
1999 3895 117312
6813 5484 680602
1649 5997 858643
4781 5258 706362
2801 7520 722514
680 7750 144478
8781 9603 642995
649 8749 95795
2042 2775 80459
5249 3132 831401
4762 1129 379783
2809 4321 96980
5045 4261 278826
1323 9871 122503
1370 299 635042
8694 685 42513
348 5747 345773
4803 4074 316625
3445 1362 1884381
1706 6034 208075
8267 1466 1010483
4642 6816 12247
5346 5931 2043870
3025 411 24015
1676 7396 285471
8055 9682 129121
6805 9015 1819300
3091 7399 47283
4340 6519 135590
4618 8135 494743
3842 4742 928634
3207 3943 68140
8828 8987 77460
3813 4554 436782
879 9823 293499
2648 7614 209445
3694 891 582847
5366 8458 357780
592 3965 42910
7350 8906 1118334
6432 418 1020829
257 3409 798110
8652 4599 581597
69 9861 351774
9835 8660 100570
157 2722 594587
7600 7018 601872
8413 1366 826904
4473 5702 81319
8073 2003 9871
246 346 506343
4298 1226 639618
5632 1194 156250
2888 631 114298
8252 9777 492374
8843 3726 125777
8658 4474 57653
2836 9525 337834
2615 9727 4432
6782 2582 101773
8442 3487 11286
1193 828 720595
5827 5181 783748
9814 5672 1415410
3014 1592 137125
3162 9522 165217
1375 4714 328500
431 3135 664173
8879 8397 796838
3403 7210 848924
9687 7497 488048
2059 3445 30920
8486 5292 200516
8167 987 171362
3832 584 577435
9142 7687 440517
9058 4911 97880
32 5547 216869
6109 9603 641462
5583 2122 1600744
8984 1960 255780
4304 8877 223360
4673 2221 130742
3679 9643 244466
4033 552 148031
2591 7924 26173
7273 1271 17653
7964 1349 327237
5222 690 301861
7011 9294 139511
240 7234 189928
6334 8576 38925
309 3916 344130
9438 3882 828362
8328 6918 155139
1879 1081 1032819
3122 1356 159315
4822 5158 46281
8764 9060 167250
5776 6930 82769
5331 7497 1495233
7360 5516 5721
3241 1241 428118
5048 268 131293
5263 155 410227
5667 831 54307
4725 467 211876
5854 7548 113024
8463 1266 250846
9746 8390 171226
8969 8110 1546603
6852 8448 446108
4835 4281 690709
1503 8214 171463
5888 5744 24912
8751 6799 1082958
5363 2985 335953
2750 6090 1218215
4655 2826 166537
8382 1035 745944
9081 1479 568480
9962 6638 1567065
6754 2647 241219
9105 3879 134009
8382 1822 71548
2759 9492 261202
3196 784 411418
9100 3778 314217
6623 7977 145114
458 2331 1573927
2916 6127 739446
7195 4886 1166151
6939 7520 458288
392 5181 276105
1190 5666 80299
8191 443 7284
6837 2268 94326
5819 976 310188
6644 5370 112163
1080 7355 110002
710 5861 252725
9608 4523 51453
5126 2264 581632
8163 6867 23273
6651 2263 1226470
9479 9877 27234
6216 1128 862944
2239 5259 200116
7250 6266 949417
1099 3445 145700
9689 6460 9869
9257 4522 544086
2873 4978 378111
609 3828 24849
5251 8192 393252
2512 6580 697892
6129 6262 421048
3750 5693 76077
6445 6305 980973
9427 1230 305847
4484 3765 780965
9959 3636 230911
9313 1225 268765
9938 530 347069
6593 6626 465684
8027 1201 543336
2603 4643 650190
201 1792 611610
7130 3160 411273
8360 3166 311936
9918 5806 633943
6509 1684 1072659
5886 5102 198794
2580 9118 43668
7231 4808 1577420
5057 4499 286423
9570 1583 195315
7026 5252 59501
9514 6161 42184
7823 6539 1007855
8609 7506 839895
5828 2528 117888
904 3634 192968
5522 8444 34482
457 7794 1059790
5373 390 217759
2592 5434 404034
325 4199 615390
5512 2345 520896
6142 5794 251619
5131 4335 16772
7059 9707 613
3342 3432 259339
2239 7421 128503
5217 8076 216383
2635 6212 1539656
1041 8715 7677
1497 4450 24057
5105 2328 166432
5666 5263 1263464
6154 9685 171856
1332 7590 23441
6880 9644 482342
3150 2371 115159
868 4015 87792
6709 637 1281266
2425 3591 195906
4236 7625 27642
4322 4474 14161
9525 9359 518101
2039 4588 270313
7897 4831 198820
8485 6621 118423
