208
5688 8193 26864
3739 222 453137
4899 6912 51023
7416 4952 311971
3726 676 546946
3961 4890 502806
7930 4189 222288
5195 5382 432954
287 8862 214901
9390 3564 697236
9200 2072 318370
8079 9543 27503
3373 1706 551109
4506 756 851442
164 6598 466909
4480 2273 177847
8979 9075 684056
7001 5383 21675
7494 1640 36434
5755 9079 1104952
2684 3074 201957
2520 9288 1913039
8789 2462 83860
7677 385 123512
9654 2298 278978
595 4446 468557
535 808 197829
8161 4135 4381
684 1843 525967
5337 3704 105821
2306 4424 303554
5375 9741 350593
7925 8328 487038
7700 1274 703187
8977 2636 120397
2843 8495 654752
6646 2241 149410
3525 8100 448515
330 6730 407090
255 3997 223926
4565 1053 287510
4894 6350 588749
8772 56 488672
1679 3366 850088
9211 4208 604154
2536 5701 185297
1200 7746 134450
5895 7261 31294
9591 4113 97615
3610 5122 1288408
2825 6648 233884
5010 3874 1006296
6963 109 394112
3510 1896 599679
6875 4795 728870
3013 423 309403
7796 1306 1172746
7804 6614 639476
7597 4526 2012912
1453 3468 42357
6227 1045 789100
3841 3759 482125
4388 7857 235120
524 6599 256613
1346 2048 9804
8478 4869 47124
800 8647 1228566
1739 2076 355756
6206 3352 99306
6952 2107 66720
7087 7589 461920
6861 7294 235372
6291 9979 3160
2743 9326 1162217
3764 5487 265467
3740 3279 151705
3505 4377 32297
7184 7667 705499
6111 1818 835999
2831 3347 143808
7675 4130 730476
7003 6598 2169
8621 4441 204604
698 8687 184580
718 7542 345108
180 4327 720992
9011 1489 892826
7588 8979 868684
7515 396 132729
5462 1844 276868
6246 9241 63155
5811 3603 212813
5187 4956 498711
7438 3991 2220728
6349 9875 5768
933 1522 1590856
7954 7263 165526
6556 8617 641766
649 8410 508246
9976 8329 139526
1452 2950 530295
7233 6863 1084688
5744 7215 298334
5723 3409 251140
296 290 736721
6630 7915 176702
1970 3054 485799
2383 7784 9244
3473 406 265114
3537 7071 617188
2178 7726 1290636
4759 3559 388672
9752 382 688134
3336 3172 107667
5183 9477 271077
5170 3064 12650
9666 1170 684070
7374 4545 1318199
4402 9041 1029222
5488 8337 23448
906 8003 1389877
3507 2681 333072
5485 5637 84790
6387 3217 349250
6766 8022 7123
6550 2173 700147
6810 5134 109564
7190 2779 567955
7764 3183 349834
9913 9783 727244
7872 4991 68200
9050 5070 217491
7396 7761 554604
9702 3828 368460
7284 1040 320944
8669 2196 651919
3247 1274 360653
3613 9688 1302861
4360 1381 2145072
9042 2014 65255
5200 6609 526981
3355 8297 953376
6171 4052 263066
9984 3231 366211
8695 5020 1013554
7482 6931 872198
9316 3495 388753
7649 5482 661936
3363 6669 350348
2722 9586 860172
9412 2477 707859
2992 596 591802
9578 3817 820345
1009 8834 102535
9173 8428 123728
6852 5463 65922
7994 2688 201068
174 7378 293238
9403 3030 678279
138 4049 546678
654 8460 113663
7771 8876 1196165
6846 112 66900
4771 3899 349427
9119 6992 425539
1032 4676 561393
4810 6100 586350
1781 4899 117234
8823 1605 129047
4235 6290 102116
4901 2353 267148
2504 1526 1140156
5757 8142 8026
4349 3238 610760
2926 3740 79779
9109 4264 988346
3168 957 254830
9262 8796 178802
5719 6429 1036924
9286 1815 1395858
1524 9745 798328
844 9391 2433894
8061 8914 3497
2325 9977 482559
990 5687 330379
3312 7976 38073
1813 2084 1208849
4495 5222 943600
53 5662 63857
4729 7259 118246
82 4213 207
6239 2242 101279
9067 3264 717581
2300 3803 38883
2005 2721 247929
3243 7935 8179
8195 6763 274971
314 7234 83778
8827 4513 734354
480 6738 663481
5675 8610 696844
9456 2962 1669647
5440 390 427983
2179 9703 196214
1826 5106 1053689
1850 1357 214221
8246 4684 377024
6976 9648 10060
