208
5527 9976 1549071
3541 2875 74970
5163 2806 580331
3451 8397 583860
4257 3079 84294
2189 1828 701688
2146 1649 44982
3638 2803 258672
7946 4203 376479
4128 5753 58713
7932 4296 1763615
9488 5819 608011
7485 3926 502620
5314 1991 267244
5901 4945 163926
3847 9183 685440
248 6589 787967
8631 2575 491841
459 2898 506320
7131 7866 174521
227 7082 63986
4502 3642 129610
6346 4759 99954
5784 4525 1043523
5855 7946 62317
6561 5597 55592
3560 5779 577862
4144 5532 1443360
2218 3262 15564
3565 9362 1438440
7972 3129 92347
658 9898 345923
486 4797 465128
1321 9341 297288
1441 6648 39914
1362 6476 221647
7021 2862 237807
1211 8577 1381770
9026 7401 825956
5740 1867 47055
898 4353 227872
6096 9459 2334222
1509 4313 377236
5384 4030 875586
8720 8925 380516
7603 5293 66830
2356 5979 214594
5154 8899 279234
5300 9794 315564
5877 9057 335338
200 2855 417980
2323 6715 954876
3043 926 876097
7351 4163 422522
8516 9963 427430
1818 3982 49702
5447 3740 675779
9058 6321 187122
6102 5906 73701
6077 3487 182230
4484 4808 696491
4628 8066 344272
2751 9459 30438
3608 8006 315090
4917 8882 1319178
2626 4015 48031
3759 8610 59720
3887 8517 977766
8053 1350 452272
839 4358 60961
8111 7602 178343
1826 3024 19538
5136 5018 739914
4334 4472 523774
789 5257 490369
3844 4781 101941
4711 7027 182916
6117 1338 17862
6187 5354 1204644
740 7265 593706
4163 3525 540162
3818 5582 2267572
6259 4034 215592
5277 2519 64291
6898 3251 1312594
4105 6366 4781
3176 847 561526
9470 1289 379226
7300 8586 522139
5791 4071 278227
2709 3168 1992277
6238 9625 57084
8186 2939 236935
7108 5702 801271
9657 5671 114433
3010 9591 254424
2591 6819 273304
42 2655 625091
5727 6714 509188
442 5624 112861
1878 9942 896294
719 7295 408582
7632 9454 552392
5604 9138 114808
8537 8795 2176
165 2656 458856
3613 658 776038
1463 5538 423366
484 3579 72312
6366 3584 222693
1861 6326 632706
1853 5793 47341
4562 741 269507
5558 8575 235227
3313 5296 1165018
2094 5579 161409
2465 2113 271296
6716 6556 418231
3090 4598 381959
7818 2870 12459
2356 1244 545820
5006 9278 2137739
936 9822 419443
9671 8996 298865
7294 5529 666825
7942 9625 393557
317 2024 229459
942 8654 754012
5054 297 388127
7446 5266 126351
6593 8648 153435
4152 5816 234266
4383 7372 297495
8599 8756 515290
8843 414 182683
6739 7479 325205
7576 9834 935188
8817 2831 1322365
1678 2442 972071
9693 7932 54277
4395 5477 100384
693 5824 1307475
7634 9564 91409
5248 4246 794389
1383 955 265336
9898 6023 216251
1850 8263 345580
4412 8466 201741
6509 5665 788264
3556 5752 523409
2641 7326 55489
2355 2869 458759
8638 180 13365
1042 1603 863990
8863 9338 58547
7884 1097 122849
6653 8452 477342
6384 4212 236248
5574 2584 502697
8956 710 1200335
1102 7263 426929
3140 2395 327464
5296 9057 27640
3954 7911 365468
5206 8959 474401
1799 3662 1375746
7293 5624 33586
8895 1983 61847
8860 8301 713176
3244 8941 545275
2644 7563 323932
3562 9980 17447
9793 7383 844689
1045 644 384083
5940 8554 1246938
339 5423 745404
7863 2555 72249
3435 984 584683
4845 9045 842093
3114 6958 17997
3059 5542 1442945
2186 560 384631
4434 3326 658166
5669 9531 260473
5116 2806 661849
6075 4535 85830
2901 5070 1530888
3599 1425 18766
960 1264 605331
8635 9565 494053
8624 1223 683144
5150 1278 111805
6323 2259 16758
6305 9019 2046675
6085 7276 272251
142 7733 183885
875 5023 151229
2442 8623 1405646
246 6904 70843
7238 4069 250851
5412 6238 25701
1752 9173 1103894
3765 2659 1335516
4949 1494 126084
6413 6533 1065506
7678 8366 32342
9925 7896 84846
41 6741 55800
