208
9899 7427 1405630
9482 1279 1403973
9948 1283 303666
9344 9164 445017
5697 9998 203206
3564 5826 2359725
9306 6026 845662
7295 3107 638305
5417 5795 26975
7615 7180 26412
7854 7037 364958
9277 868 439180
5725 921 48348
5238 5945 45496
2504 7910 1151392
6932 2694 797
4045 1447 388288
6488 8052 332534
3458 9852 435437
8848 2840 741237
5343 2000 272799
6844 2165 218989
3033 8503 647253
5992 8773 522440
5847 9924 1287393
925 5459 45805
2293 4117 380415
3751 3675 903511
3494 8310 406650
8389 8443 453917
3274 1282 165577
9041 3636 247159
9884 1701 509746
4719 4679 125550
5620 2352 45211
500 8987 18524
7918 4606 1320935
2162 5424 232869
1387 7742 582224
8499 2095 298924
5686 6386 20734
2141 2214 255860
9410 5556 74782
4417 1035 498388
7917 5065 52207
570 3588 281000
4504 4413 632485
5175 6742 929818
3126 6681 1179112
4048 7668 328679
1296 6516 741384
4050 4755 256134
6944 3057 77980
2602 8819 110720
2254 3910 173615
8179 9226 32650
1102 3982 6979
1574 2415 564142
4771 8970 95531
1652 3787 672212
9951 660 1429904
7266 807 1321980
2159 9802 727260
2017 2469 63865
6498 3342 66726
371 4774 464843
7168 384 12407
813 7965 1578110
164 8591 1552948
1352 5583 78172
9426 5286 791113
6467 7103 162309
1842 2587 508070
772 5681 926174
4219 3871 1163730
6197 8594 1003285
6313 2705 884956
6977 7256 437091
8732 2607 241515
2985 5626 17089
8225 2508 223026
5565 8554 1068567
8044 1152 1001964
3756 8110 1883839
6164 912 1344637
3444 9660 450747
370 3161 836550
9365 423 953684
8798 195 535840
4842 9120 431359
9404 3960 291811
1758 7179 21530
2486 4951 150449
8075 4195 1281
6352 6209 213857
2596 171 180674
1679 9198 2012114
9435 987 9754
9916 1841 158680
2378 5395 14747
4966 9383 32224
5443 2624 711754
3023 2625 77693
3449 4697 67689
3597 9925 1136103
2526 5545 31101
2197 5017 65195
6189 8056 67314
6845 9967 351681
1819 6814 84188
8375 2778 610130
8338 4649 559748
7467 1961 368705
7088 4498 239253
6865 6107 107214
7708 727 62608
8950 8840 769071
6591 9091 566975
6018 3230 89930
9273 9061 486484
3998 2717 415377
4827 953 1044574
9667 659 627560
9834 8758 226411
5937 5142 38455
2891 9747 562227
9132 264 1165238
6063 7650 116147
1990 5114 174558
3427 6411 308407
1402 4382 680477
9355 1749 632639
2889 5102 253855
2937 3874 189111
8569 1006 147175
9085 5935 26553
1970 2098 1233423
2151 7794 99013
5409 8270 298004
2780 7870 817981
8770 6914 234342
4107 1127 98424
8485 5271 118337
8391 447 114899
5609 2022 824910
8247 2007 1104592
2121 1117 65878
3321 8123 778578
1087 4754 776534
9240 8705 327944
200 9578 258701
6125 3376 274259
5609 5336 655478
5107 4295 19620
1210 3725 686517
7756 7854 447573
9990 6191 64008
7662 101 365673
1953 646 245694
3672 9007 45098
5822 8904 1228380
6903 101 305927
6138 8043 867959
9454 760 553613
6356 5326 149595
6811 3832 1931880
398 6019 3069183
6999 7426 70392
9522 9807 359602
4607 8776 99589
5825 2273 671472
8189 5472 1570298
1322 926 501897
9514 348 176059
6393 7078 110886
8082 5656 210688
6817 3073 241469
6478 5919 1493821
2016 776 71187
1481 1031 733096
271 6177 71082
4325 5470 77737
6324 4649 34733
379 6987 54575
648 1268 47856
3192 4525 322802
1895 5145 420722
8951 3762 238962
4444 4912 150551
6366 1373 146138
770 2312 3927
3803 6 15723
5437 4290 1612297
4370 2045 373114
145 3069 724875
5353 770 117336
717 3640 1002910
8968 5024 101333
3651 4028 1365970
4055 229 10537
6833 8325 73258
8666 4279 555810
8328 9509 418438
4479 5373 5424
1696 2019 764813
2447 1277 367811
6127 6391 470801
5389 1603 490970
