208
8557 6242 229065
480 7219 152705
8107 9835 138531
2588 6175 205895
9494 4370 364697
6360 8643 479946
7077 4183 49088
4022 7914 174555
5605 9802 676616
8055 4274 2055598
4910 6822 974127
9682 6586 2183329
1319 6272 243073
7160 9907 60358
191 3089 647192
308 4365 552942
5538 8641 888942
974 7781 109232
1677 786 314709
733 5474 915481
7981 5974 1166478
3741 2734 120373
1406 1606 416067
9309 1602 440800
1967 1066 454145
4527 5696 475718
8763 8471 1237442
5262 9607 119940
9729 2629 87978
3255 5399 370637
9298 1957 1012793
8679 1149 1308521
1800 8540 143200
9177 7892 400241
6378 3496 221113
4523 5126 120301
7199 1745 431191
8607 3411 569798
7702 445 995695
3461 2729 2695166
2586 3978 704419
7936 6933 433992
7227 6889 530635
2377 7593 95394
5054 1239 313222
6262 9185 977056
475 4825 160383
7358 3426 710177
4185 2027 307293
5494 9444 476605
2728 5594 520020
7622 4071 1559040
8812 8841 1511170
7687 5348 134778
1608 1274 201325
8586 8069 134170
1575 3196 70030
6067 3181 197537
2656 1347 560263
2983 1118 340575
483 2844 703550
6686 2302 9036
2908 1366 1759017
2887 474 14776
8126 6477 1844733
8744 3148 78776
31 3839 98457
6432 1337 258706
5506 8788 352501
9006 8353 399153
4404 4739 1333961
52 9009 133246
872 81 43628
2220 4791 36373
2910 9380 190701
738 2749 401107
3339 5063 1245924
965 236 80645
8093 3573 221774
2345 6460 155505
3964 3229 298972
2809 9283 238660
9749 5632 278451
7354 3949 74580
6378 2875 154536
1984 2329 1043561
3633 2039 301585
1897 8454 419488
1066 9250 20391
9671 4998 146764
8000 9202 145337
4229 6249 386246
1670 336 332217
6029 3990 11760
8380 6920 82434
4805 4696 333989
1120 7683 1391536
4054 726 392715
8350 6544 84325
7274 7832 514264
6266 2113 236423
7969 8044 489221
6642 2897 27576
2006 3458 67016
6354 365 502332
4069 5108 528523
7923 498 903119
5659 5694 99716
6948 7373 344548
1452 7000 504413
5990 7229 446543
2031 9749 615236
8821 8616 319622
6011 4465 37325
7950 1170 26316
3484 5959 621616
7688 3563 202092
2405 1698 1014669
6096 9870 603856
3828 2141 1255632
8830 5204 205324
4282 960 237710
1584 9924 1597851
2119 3394 346147
193 4061 233816
6110 8834 255247
6143 9670 1436588
3430 1813 227746
775 4948 141464
8484 3759 24357
9537 8619 617009
2443 4492 14312
699 2010 177287
5289 1298 155940
840 1677 425288
4111 7644 122104
1826 5430 57922
8286 9261 114429
7545 3214 353373
8195 1461 675715
4130 8361 121913
2710 1011 139553
5543 2534 1406882
9545 5252 374786
6862 972 520917
119 9986 282538
8083 8995 959165
2034 1387 243280
2108 2818 197755
3273 6903 439974
4650 1019 754594
9650 5511 1597241
5511 8916 251332
6239 8412 38494
1627 5265 337053
9666 5039 206070
8208 9392 48702
4546 1962 31199
8396 6702 353206
9407 5857 700060
902 95 160268
974 4276 221542
1235 2547 54409
2209 317 67683
1866 7099 936489
5200 4305 336434
5039 6220 569135
582 958 492783
9569 7260 560515
1036 721 449222
9711 618 458229
7050 4560 14506
4780 3221 294674
129 2219 257907
9933 8605 1460525
4189 1823 283607
7584 841 116774
1594 7832 2361177
4516 4369 369805
7258 8957 651271
8034 7339 464138
4806 4065 734369
6810 1172 171329
5185 6039 529463
6182 9216 1074090
2698 6094 299975
9307 2625 79279
5457 2428 447309
1750 2788 757461
4594 4611 1122470
4328 39 402766
637 8933 373340
3415 3148 58301
9399 1879 2373521
9809 9774 837834
7143 3976 206009
7337 9862 466606
7535 1889 322883
4618 5523 52435
3525 559 411721
4324 1284 52027
7865 2664 1033882
4498 4669 629642
3819 386 46734
4813 980 594004
4608 4027 214295
9891 7290 125225
5025 1960 576658
