61
298 2888 643977
6398 6828 11221093
6772 2405 246620
1781 6184 400549
7609 9074 752067
560 6310 1972466
200 6709 239746
2439 8600 2073284
4775 6324 726848
7691 7056 608173
6815 6876 1371020
4185 5415 3134964
6271 4729 4085222
6547 654 78529
8411 6893 350252
1497 6898 2546156
5657 7426 2229501
2590 8122 1222051
2181 4846 1214821
6920 7056 2458856
3106 4909 688530
6516 6883 2411344
2363 7960 1305481
5601 1656 539592
8637 7912 2057273
2500 9146 824345
5850 7730 2319042
6960 9114 344031
331 5072 480671
5902 8813 1051646
3518 9279 311623
3935 9179 812715
8825 7911 102305
2656 1696 481214
3516 1218 1722074
349 7211 3199289
8406 3452 2926930
115 4749 774514
2384 155 676392
2595 6996 98988
5019 7823 3014300
8573 8246 1594511
2814 9229 3975268
2983 8358 1748396
4430 5561 3546523
8470 8629 2021061
1053 9590 4582324
591 5566 415063
7320 2947 2782227
6339 3656 2958884
2452 6240 765149
1248 3659 1990402
719 2916 1999623
4841 9419 1401766
6147 4806 281246
6943 7472 174136
8839 5418 1157529
6882 1306 45030
4854 4124 1274002
1718 7782 3526470
1545 8516 41896
