242
1433 6454 870149
9830 547 352144
4978 4889 292925
360 4490 76358
2297 44 280843
6829 9184 119161
6602 6791 4279
8518 2683 498790
9752 4463 830696
8566 2981 547912
8101 7072 43494
38 5108 847345
8602 1181 319572
6938 9233 510996
4518 5241 1249598
8468 4150 433628
5450 2131 65291
3111 2985 763885
3640 8806 430723
6030 301 138564
5345 7494 20907
1568 9042 208090
5215 2035 191101
3722 9547 11089
9655 7045 135508
9686 9465 77580
8463 6386 84138
6688 9619 105105
9138 9113 564350
6436 1167 1528669
2079 640 214880
9315 3692 723928
9831 4770 402299
5522 3185 46925
8449 3064 568770
4420 806 127579
4353 6506 301193
2789 2637 167881
2634 5501 312321
9391 9349 35783
2615 6248 475123
7403 9880 462603
4117 1476 152371
9261 4586 231515
2725 246 21095
5323 177 212284
4830 814 119957
875 6610 265014
7084 6628 48945
1429 5557 1484371
9681 6012 312858
1866 6148 1236531
7763 4901 885205
229 4188 677814
4514 5826 203094
2333 6008 316705
1957 4454 47155
680 4545 453035
2547 750 530529
1881 9510 261927
9196 615 323233
3697 9192 363442
7670 8246 780854
2378 8289 68490
142 5320 222
2381 9183 21170
9807 8763 315607
1723 4720 292349
9875 2917 214989
4901 9784 202018
8671 9679 150480
7593 6818 200971
9916 4088 342573
1224 6684 49844
9344 610 415867
9942 5469 1386790
289 1930 1193835
1030 3589 315019
4395 5841 231870
7222 9777 261868
2470 7391 547874
1241 3104 616053
5705 6136 695853
8283 9846 67541
5699 2022 341608
6272 7443 194227
4447 7283 372428
5893 7946 127734
9912 1594 498377
478 7271 101743
9496 7639 287386
7466 2823 322368
3716 9254 97579
626 5525 112435
47 5688 183227
6673 818 55062
164 5536 2785917
7844 5746 402535
9063 958 413606
8437 2605 156734
8666 260 188636
6000 3827 627928
841 7032 73970
400 6517 149596
9483 9011 375937
8397 5044 477544
8931 8124 1200952
1774 227 100606
6986 3981 55158
8356 8649 701904
6893 2394 146722
2720 1661 12131
8619 9764 1237334
3840 4901 495949
693 9917 1042691
1511 550 175686
8305 380 271518
4257 4676 669062
2784 4093 361519
2379 6541 288792
5948 9164 417537
9721 1786 546213
2358 6887 98367
7208 655 24623
230 7517 111366
2895 7137 552804
4151 7676 234017
7232 9373 498512
30 6226 873945
3408 7610 338786
7752 6980 356725
3772 8510 99837
5780 9420 95236
4122 1300 613540
2575 2480 560657
8334 8356 504474
3215 998 1534533
4695 6357 454044
3599 2615 405355
8727 942 166712
5346 1815 122945
8482 7528 728798
2562 7733 11773
1927 4783 1764504
4652 216 85071
5731 5413 413934
5248 5966 11060
9811 6479 393854
2223 3020 135786
4724 3342 19565
3589 7735 226566
1605 3208 687469
1855 8088 595082
3676 3636 25684
2350 86 868510
3073 7024 516572
8482 9181 25446
2273 7665 553140
436 5686 268256
9990 3560 497380
2421 3250 419126
6816 9036 814850
1979 4895 23481
4003 2029 566783
2647 6281 337075
6081 2211 355568
3553 8492 107875
8435 1826 1430051
1638 5156 454808
6551 2298 84268
7841 1291 73846
6715 1540 416784
6962 3094 319733
2580 3690 87445
3659 6303 995232
2308 9052 592556
9315 4774 421047
2616 6670 782518
5163 3746 481026
3769 7214 202611
7678 7336 326926
4607 3860 16495
5946 6711 131870
7963 1381 101687
2892 3586 1155953
7694 5086 438345
9214 9762 1816963
779 695 1813067
283 2851 612550
567 2575 69117
5111 2060 29989
7253 738 421578
1758 3483 381011
9215 5413 83434
5251 7821 737420
6503 6022 344270
3607 4043 599396
2251 7456 524465
3422 7816 462667
946 718 18341
7526 4672 292738
8390 5998 269272
5641 543 330206
5541 5125 41113
1671 4019 734219
2417 5642 47796
100 1240 15714
5677 2659 175800
4567 6351 527712
1836 5010 1202197
5526 2668 59562
6687 2850 835102
515 4416 38500
5016 7365 315449
6261 2354 362246
4447 4298 832010
9339 261 243536
9272 492 640947
1436 1371 614150
5518 6620 136738
9651 9149 206515
2075 8150 542093
4992 7683 143237
2917 3984 60601
3800 7291 68766
558 4426 231479
334 3509 544606
9714 6373 421900
8434 26 400609
9059 838 516882
3966 3063 141740
8739 7297 1180957
1300 153 741744
4748 3789 678678
5875 6899 566663
5551 9977 106085
8723 2879 1473097
8352 8740 121968
2364 6162 600093
9949 2844 564344
9359 1549 246754
357 9209 167284
