242
1254 9424 1293374
2695 1983 7804
3399 276 600451
9231 1734 393948
5730 9997 106643
653 6343 295827
4523 2017 734917
4685 3279 592510
5478 8519 1481093
4849 3223 646145
8049 8017 179027
2365 7804 483508
9202 5553 544960
9959 2110 7045
1685 632 300997
9508 2224 171309
697 2512 4418
1519 1915 936682
2342 177 182968
2827 6846 640825
1756 933 146523
425 8030 1149457
5035 1671 266070
7207 9418 377752
7147 4686 841656
5895 5174 1197229
31 415 119562
751 2863 234120
5248 1374 79091
5265 9174 655097
4170 9647 725518
5535 8321 100489
2277 616 14099
4107 7000 91782
7607 3491 483005
4444 8986 50355
388 1800 505342
8313 3139 328450
8684 3764 729879
1516 3224 175767
1352 1676 585161
1494 3361 245526
6666 1151 221881
3678 6096 68180
5150 1950 231570
4310 1557 629351
8171 9981 430864
1251 222 223443
3667 3120 710676
1681 9868 372194
9541 9269 469881
8490 1954 182499
6552 69 130309
681 1629 703589
8854 1426 175663
7422 9477 372031
8522 8725 207601
8076 8266 1378504
5528 9306 330619
6886 4932 138346
9309 4450 118380
1788 2832 457809
8635 5912 242334
2461 4058 1022914
8879 1029 81598
5213 4415 181557
2454 6840 5011
4761 580 1134184
6672 7570 687164
4460 6428 984547
6294 3429 258188
7447 8 22480
2347 2217 279330
6942 1683 198432
1897 7250 144050
3974 414 690164
8438 8516 478920
4245 5696 42329
295 5054 664142
4464 2711 58111
7593 2915 186963
5574 6232 295660
8555 7016 83692
5023 5939 1452002
65 733 174197
6002 787 1641991
1000 1962 69877
5970 27 590707
8508 5772 336507
7895 4668 1406592
319 4149 766437
8534 2415 1521295
7697 4403 73262
1052 9638 36860
5758 4562 477064
104 4373 195544
8218 386 100693
5614 3565 902383
6372 154 208156
6258 8713 683354
3802 4271 16389
770 7179 589193
1214 4254 647570
4750 1110 967350
4399 2959 114836
1518 8697 513032
1983 8075 580543
8016 3311 106749
7538 2449 367740
8393 7877 121381
8418 4559 838105
9545 9636 488850
3483 7572 183895
1676 9605 173330
4120 8907 547807
8835 5817 208104
484 162 1197328
6533 3958 20024
2084 1977 163015
4223 7612 172033
6930 790 103666
9643 2238 544163
8030 9923 222604
4 5015 298943
6429 3217 127967
7165 6925 454359
1866 3615 651976
3068 8489 53805
265 7950 837393
3668 3938 529270
9693 8352 405674
5128 8297 451202
4887 1873 23821
8411 84 561895
4060 9626 1018249
7956 109 100263
8798 3600 377400
5800 3607 65958
4696 3464 1129464
2972 6682 865497
6748 5129 810697
4149 5843 481194
4480 90 446290
6528 3646 115764
5852 2268 583610
4020 313 857115
2680 9259 1614690
6666 655 1106526
8244 4618 140122
2103 4624 603846
1153 6156 87
9349 3127 409218
5762 7194 591920
749 8195 279746
604 8419 458256
3941 3636 356126
3699 8719 41992
6172 442 101946
7520 9735 320016
7628 6765 83419
5586 9681 552232
8486 4581 5927
3422 2008 728110
4458 6941 109781
1734 6372 26309
1654 1683 578151
890 9657 109171
5707 1183 112043
6411 1603 561
4109 7566 626600
8051 633 1349347
9792 7244 170739
4862 1647 35623
9122 6751 1318481
6201 6776 1166012
5862 4 393690
4417 8985 456252
6585 6853 531450
7657 7818 29977
2722 2492 312375
3431 9826 144521
4559 9042 37428
1708 3247 397773
7191 6034 25042
270 8423 195986
3861 5641 148044
7547 8273 354011
260 7090 61447
8638 699 11164
5092 5800 52621
8598 7482 60533
3569 1781 403635
8204 5199 900906
6511 2569 819274
4256 7553 390346
2893 7201 891241
661 4223 156254
8926 5456 415525
5628 3982 44983
3912 3901 1046406
446 6864 186405
4440 8811 308702
6107 6504 399875
9248 8042 204563
3058 6711 859831
596 5471 1753182
9843 7757 525995
7674 1785 343624
4824 343 39771
9433 6565 129845
4859 3704 625062
8942 3987 223134
6101 5461 212667
1340 565 266119
5978 2350 113239
2469 6211 19616
3034 677 2852
7223 500 40730
8555 4343 210393
3809 8208 174978
7732 7803 613788
5194 4384 13281
5788 9146 712641
4945 4748 126894
9305 3696 96093
6947 1368 1187783
7092 8618 82150
3863 1439 446495
5755 3139 77011
9340 2042 123574
3224 1766 98018
7268 7414 349713
5417 3880 265833
4864 1062 861563
4948 390 1610
6299 6729 399561
4968 2131 158216
5889 3165 100363
8407 2415 665636
7729 4087 113505
7508 8001 525629
1795 722 288204
