242
710 6295 509515
3271 2152 18759
4871 2873 2329
1845 5505 393978
6113 2824 1262557
9236 7776 235981
7912 4139 82459
149 3331 28821
1681 9690 607427
5460 5786 126759
8056 1700 43923
8180 3629 554234
9209 5561 564628
8738 4161 1429249
6903 1673 251896
1914 1890 410983
7423 3817 47785
5584 8610 26514
1101 3320 577652
2930 5912 393558
868 8109 492126
3776 1553 635289
8004 3525 76836
5927 5948 97409
3928 5718 403107
9595 3669 12506
1865 4135 191674
6938 9735 26207
2919 1821 218676
5186 4842 223472
9014 5954 591875
777 3151 30525
8123 9272 942726
4597 8931 798436
1151 1284 608335
8096 1877 295606
4913 4999 51915
880 7160 108299
358 8156 823810
5029 9378 453305
3957 4532 1240248
2085 5583 51574
2816 4339 1014538
343 1341 357641
9370 7026 87346
9582 2611 822604
9387 14 267537
5293 9491 1057743
6789 4666 259857
7469 9433 500839
5007 4255 640992
8496 5963 95437
4481 3300 584813
3583 772 156176
9699 3773 736636
9478 8979 190936
9628 7418 209579
1439 4012 202277
3977 7969 82951
3468 2695 217326
997 191 378082
6565 5387 425514
7541 2581 870676
3936 137 980984
661 8395 228346
4368 7609 336253
5532 7696 1125276
8815 1298 69291
5673 1924 450539
5550 8372 336524
1840 7838 236352
1119 9082 83867
4080 1214 209777
8236 4145 569970
7842 7749 773783
3713 8804 189668
2208 9879 374637
3616 4910 354909
6032 5478 636617
5923 8193 69766
4792 711 375021
2941 7612 479350
4947 6057 143976
5836 1052 635944
6891 9238 113238
6181 6145 320597
2165 2048 41857
3719 2829 272558
944 1898 157285
8218 9264 655617
6115 2894 59236
418 3267 191011
3131 8149 116444
3419 4695 19307
151 3200 63190
4938 2438 380348
7404 2233 1671323
2117 190 755548
2804 3876 299008
2499 8433 137360
203 6464 186931
5965 646 2028108
1417 1835 121017
9853 2441 123611
264 1733 9180
6235 3019 425524
6908 3410 527285
4545 8732 13777
9340 6470 146782
2711 9648 134424
879 8771 460966
9248 7722 280115
2898 3951 327736
3903 5654 401330
6840 4647 1430211
7738 8186 327921
4380 8761 32960
62 3233 244311
8331 522 317125
8308 7308 40367
8193 6546 2678
6105 9944 352810
5780 3963 125251
2523 7570 477032
8041 3650 113609
3437 9663 2026099
6639 3074 191924
7714 8223 295532
3722 2234 604255
3483 8098 1744592
4244 8615 1056360
970 7282 5802
5600 3753 413004
8998 8976 446449
5899 6171 1399387
651 2386 503937
4824 2240 50964
3171 5442 178364
4793 5765 573398
7007 6534 637477
11 5594 28706
4855 6597 1096209
1955 3968 599482
3396 60 112551
6121 2514 257308
4713 48 345864
4041 5490 414882
3965 4602 953674
3762 3308 10575
4786 8219 30094
1387 7339 883098
2884 9377 8274
8758 9625 142713
5357 5148 795012
6778 2712 314632
8077 1148 833380
3916 4530 14652
2380 6449 305145
4098 7748 246958
1035 1136 1681487
6025 9800 2115471
3917 7621 508633
4406 1175 345473
5236 1771 580824
7849 7235 723302
5502 5139 302865
2819 7178 7645
2669 9820 259440
2173 120 588412
9337 6453 535502
4429 4434 39656
8237 4916 37953
818 720 332226
1624 826 92602
5088 9612 26040
4705 8637 82951
8178 3300 485650
7250 1536 208567
7345 2442 676205
8731 9508 356374
7373 8928 159796
4096 9082 772124
7068 1705 135079
9764 5934 127388
8433 3299 639266
8395 8128 114455
348 8519 361811
4391 4582 182319
2979 4348 264517
8767 9990 969010
2994 3055 113646
5367 9748 84804
905 5929 84346
2641 5493 1060169
1009 6506 409146
4583 3764 99889
3505 7921 25598
3275 3322 404377
8804 9826 77224
6766 1255 231913
295 7813 783775
2449 7031 435805
6584 9570 121190
5174 9315 563559
439 9120 620686
1217 4223 116110
6518 3680 784603
117 5877 66148
1519 2115 823006
5373 1925 470724
6340 9251 323867
1826 8767 502212
1900 6184 444820
3815 2052 418570
5748 8369 290671
8517 6609 69523
7155 5761 66318
3039 243 591750
865 3216 1126935
389 2553 335965
2647 8441 264045
5587 8863 142951
8399 7984 1142300
978 5808 557950
6514 6111 516085
7796 6841 1676213
7309 7237 320323
2737 8588 203845
4829 752 271680
3064 5752 106853
5206 3689 227148
6664 5302 712165
7685 6631 129758
4388 8077 37051
948 7865 296920
3623 9740 356139
7384 8105 259905
8258 243 63795
3491 8350 1295627
7975 1767 59224
5764 2858 77163
7610 966 833414
