53
2420 9124 844378
2142 2789 137007
6813 3826 1795228
4883 9429 2961890
7395 3252 404305
1589 2774 4863769
3251 6000 1121942
4851 2364 1101484
8663 105 2245302
6086 3531 2773583
3081 2531 794221
8973 2482 615011
5066 7630 60223
9012 2252 1540579
4071 6312 6132596
1251 2695 1808890
8648 9328 202300
1882 621 470291
1955 4304 3020014
5109 2591 2761921
8561 3934 230824
8544 5344 2626145
6979 8616 414454
8440 8898 276338
2906 5487 1571434
5159 9058 1142952
8234 1791 1788545
2312 3405 2675502
2833 2396 1926287
2906 738 846097
6204 8744 203272
6137 7272 1382367
4931 3683 4863438
8981 6549 2665325
1141 2602 378623
3340 5364 494007
1915 7873 2043001
6676 9422 1415459
6749 359 1537093
2699 6846 271334
9799 1017 3765144
8580 189 315775
244 1747 293422
9398 4295 293000
5334 1050 7254118
6108 671 854447
692 6481 5697189
4055 1293 12577681
5820 1044 44029
7854 9201 17502
6208 7055 1959733
6007 6148 595980
3782 6428 1924549
