53
9701 7490 2637129
2538 9083 136131
2126 273 2178279
4830 4318 2314090
6066 26 485360
6543 6441 2467497
1037 1313 2769109
9526 3650 1163803
661 9750 80015
4823 931 1381001
4690 2187 1487256
4257 7203 5094867
8152 7248 3300623
4041 2883 11784666
9648 3064 1038919
8736 3332 2722060
8696 9470 335283
5729 8069 2493417
4613 4695 1570100
4915 9144 738358
1151 871 547277
2605 194 456878
8392 2409 995120
7907 7529 750467
2970 553 203011
2131 4430 415947
143 3345 3164774
5741 3031 383641
4921 2110 1763795
2683 9154 941279
5293 5155 1084483
3746 2204 533909
2944 4782 9498388
6697 6948 3728431
6395 8413 1069469
7052 7158 313730
2253 1306 2493882
3291 576 2123827
8731 865 671061
6590 4982 591430
396 1501 3429832
1931 9284 4456374
5619 5734 2860488
2070 5865 707676
647 8704 2246044
3982 5191 395028
5438 8602 603955
9225 768 693671
6827 2409 781527
8822 1324 19432
6161 4125 2984537
9016 874 2362811
1561 7613 549863
