231
1815 76 43059
1282 2252 594664
5462 3287 1136732
9157 3272 1025105
5003 6456 521903
7969 3686 41712
1163 5164 62449
5049 9770 64413
2388 2482 140273
4165 6495 645211
1182 5223 553414
7436 2956 503223
9407 6010 126484
2181 3394 1556890
8202 7210 158032
104 8632 1351742
8318 6142 103130
6041 8209 720979
3203 5557 39040
736 5357 167522
9179 7808 783749
8427 5111 156903
2677 1182 479782
9493 3781 74383
5851 3576 20124
2848 3197 270635
7249 532 662319
5994 3505 1240053
6580 3695 447565
6261 6130 740037
5854 2206 3475
4556 6613 277003
6000 1610 1189243
5470 775 76120
394 1361 108491
5569 9299 86563
3742 4219 65884
727 5966 407165
1711 6710 372782
3458 1853 99053
6383 5200 118834
5778 9794 897786
5853 6370 372251
8503 5327 232882
7748 5346 785386
5040 2247 19981
3104 8841 273130
6630 9631 712644
8265 7319 46516
8130 3351 818079
7593 2105 364813
501 9413 25293
5694 7779 1187711
6575 9421 222480
4986 2080 13306
8691 3972 375949
2557 2547 860798
5147 7270 675256
1185 4206 578400
7715 254 181759
8450 2484 103708
765 7640 665222
3392 433 245934
4031 3368 253879
2463 3691 234187
1219 800 564787
4382 7389 586363
7481 1763 664301
6526 6816 249962
7363 8221 79192
3456 8485 228648
7962 2570 263835
9226 4619 195674
9346 2249 305244
7490 4205 176933
1688 3925 249905
4947 2597 314058
3312 1764 906377
2331 3951 815637
9080 5262 200707
7658 8011 337426
7020 3605 111312
1682 4294 472144
4998 8773 123750
9941 4729 505267
769 9051 429830
9569 316 63834
2689 3353 200959
7753 2148 581810
9340 932 88816
9539 9059 403385
9273 8558 594384
1145 6759 1019649
6582 5491 179138
6300 3082 7693
5116 7463 763203
3587 2010 260340
2809 4317 241785
4057 7313 476440
7307 9262 1073301
219 9401 119386
8567 562 1142822
3643 2002 304616
3636 9587 161476
1363 7427 79675
4516 8692 68750
3977 3227 715009
798 9982 587194
9050 9045 144728
3238 7348 192181
9325 530 76379
4803 3881 43718
4872 2319 143631
315 217 109347
1055 8938 68226
2195 2490 6596
2209 5025 162186
3884 5782 725699
1143 4088 183080
2215 8160 454147
2813 2749 235939
6331 8137 75693
9993 8742 419242
4954 4518 441264
9734 6524 119809
1603 3398 1079764
861 8433 30859
7538 1504 1002851
4575 6968 285164
5984 1868 316246
7710 6855 1403847
9362 771 33833
5522 7285 391211
3406 7741 469801
3641 2609 84303
2536 6118 1134524
2747 6623 39092
756 785 93396
7705 8297 2453098
296 2631 401232
8984 513 184730
4160 7205 1273450
5574 6512 608967
835 190 120497
7227 9476 1069264
2028 9852 205000
614 3181 289653
2243 8180 30541
5636 4445 669339
8431 1890 158339
4585 5977 298768
9054 8212 19853
806 6470 859764
3925 5867 1111426
6703 562 126830
4558 8414 278036
9523 6061 675051
1114 4358 372275
2512 9468 95268
379 8247 1937118
4087 5508 611308
6310 3646 317294
5324 1045 2477379
3954 1784 401398
15 6853 2897283
8722 8095 120689
6677 2465 932752
5872 7024 382568
2143 6468 171659
2936 2125 1626684
3337 9659 353907
2812 5606 951188
8041 6994 1215239
5574 2569 116648
4908 213 158222
432 6302 144812
5695 1104 158200
4118 2154 233894
7185 5724 225566
5945 3801 264209
3014 5787 1874
7215 6598 506715
8985 9382 682642
4975 7500 1075155
9594 7551 74018
4264 2642 155476
8856 4520 289296
783 8233 96298
7583 5784 298133
8464 796 469479
3598 2895 45157
9782 7708 21753
9122 8341 76826
9918 7256 103152
2313 4779 222082
6822 6071 395841
7273 9238 995844
8334 4399 477752
7515 5237 352463
8934 38 57526
1376 5746 53860
773 2039 1155928
6712 6082 979687
7172 8488 206813
6366 6534 23906
8502 8332 256451
6877 6589 511265
9414 7975 29842
6064 694 660218
2553 63 33140
7876 3752 561218
22 6313 23357
8488 7361 305710
1812 5454 490395
193 5798 45693
9778 3096 660788
614 8856 272606
2585 6176 263513
6249 368 41156
2858 6342 249182
1238 5325 460077
3739 8466 287874
1299 5833 339446
5524 4753 557804
2228 5674 120078
7151 8036 717808
4317 2927 312751
6162 5621 220642
9445 7216 124430
1472 3326 2298289
4001 7609 73930
