231
6370 4704 352046
2979 1115 881609
6150 2266 427293
3636 3859 1330552
3373 9061 13722
2302 4572 650942
2521 753 2290304
437 794 429077
791 1712 320313
551 6112 534475
8620 2191 189866
824 5376 284397
4253 7433 22271
3764 5889 224637
7949 1151 215050
4490 1944 641375
1057 6579 362898
2890 834 325450
2355 5131 770775
4386 2719 345688
8799 2384 958977
3149 7933 236252
750 4122 575139
5488 1133 932651
6545 934 45152
9164 5184 79928
3072 3138 551067
4742 6077 40650
9137 9703 271047
1939 8391 90941
4479 1098 223080
1804 3723 360524
7497 9217 93499
6048 6626 34154
6940 4882 229989
5008 8757 160876
1491 5908 378902
1003 6311 662205
6454 727 397309
6967 6065 157695
8751 5305 1150985
4394 9274 37266
2332 7314 907185
8996 7027 128191
4174 8329 232214
1034 378 484465
3534 3996 1020265
3461 5443 244060
8201 925 155770
3695 7118 216995
7337 5536 1093671
5097 194 221627
1719 5630 3421
6136 5575 22369
7855 9528 382370
9913 7168 56434
8927 4376 17023
4564 4494 1081885
9374 8755 4482
3696 4222 490625
5212 9031 366133
6606 8773 214458
2707 6765 165905
940 5055 203805
1114 8664 264147
5649 3239 977273
5153 3551 440313
1996 6466 543374
7905 9647 948907
1815 4719 513983
3135 6884 146369
7060 5439 1320959
5613 5055 256755
8651 3783 238295
6473 4408 230949
751 911 46848
9521 4413 142592
4789 9684 1054171
4705 1373 900041
3952 157 256427
6767 5736 1344710
6605 8853 105196
5443 7870 531053
9364 9450 944317
5649 8833 304609
2861 5770 246436
7913 4500 6302
4129 2206 25807
3114 3050 538694
4063 3596 255464
4484 4718 74993
1955 7519 24755
3263 4230 805414
6334 2373 126028
9855 1998 922890
539 7077 896128
9184 3314 537361
4230 8486 424239
3301 9163 160802
8860 1229 464503
870 5764 177519
3226 515 6579
5727 99 87379
7711 4990 887882
7354 316 1189550
3194 3101 65847
8789 181 359296
5059 8269 922320
4513 5115 179993
8109 8591 154959
2153 6883 423457
5281 4558 368098
5840 693 225402
511 9681 459039
4166 7030 327293
7298 7463 315571
1994 2112 128464
4519 9649 407911
6939 4135 24444
2095 6978 458818
5074 2320 304820
9626 1961 1308875
4232 8113 165137
6919 1858 10788
5082 6277 57426
2283 3312 144911
4090 8404 1250717
9276 1404 1590057
9524 5657 130318
8088 3715 86498
7575 613 311412
2808 8344 285250
7901 932 300401
406 796 314644
9976 4785 7815
5066 922 744512
466 3195 660944
3025 9507 1075460
93 6849 1523886
1072 6292 25532
6121 7343 385421
5805 3553 502737
9368 8843 247526
4845 7794 869644
5587 8230 108663
8804 9348 46493
279 9532 195446
2977 1921 467146
2849 4222 991999
1533 2349 1037960
923 6522 36372
6729 6210 77187
6806 696 248845
6510 9801 293227
2567 6382 59545
7399 663 107534
6299 1081 387215
3178 5351 241556
2690 3911 129181
4847 1288 656847
5246 4009 1078770
4879 6011 1196134
1237 6274 432180
6812 9446 26894
9354 8656 365323
5694 989 294391
9494 2318 216321
112 773 974885
6265 1744 539718
756 4689 134904
5252 6125 448717
9940 4990 748144
9889 7603 157783
3851 5637 681828
540 5624 663815
7614 5021 735500
4296 7101 34230
5858 3634 337350
8730 9114 610406
9926 7852 814294
3762 6995 77874
3025 4813 321582
6703 1029 1178748
4537 9431 127482
8257 3711 2846
3476 5557 162448
7906 7805 336279
6552 8051 481602
4849 866 666342
6118 2322 1589559
6084 3537 668
8384 3449 914817
3991 1119 108470
3981 5229 351953
6981 6438 532401
7465 4183 142377
7046 1831 1449587
9307 3329 568097
3213 9680 108272
5867 946 52601
3592 1620 534151
3459 1139 196844
4319 2679 822770
1792 9720 470539
9375 7713 754637
7201 4874 63581
801 985 400075
7449 703 118406
8130 912 104943
8754 5026 300152
4587 5686 294978
6555 3357 96297
1853 8227 65359
4003 9029 709736
9322 4972 517369
474 6671 549487
6464 5659 219977
9579 4210 5120
8790 4365 425234
2772 5911 235121
1361 9872 867202
9944 957 793694
667 686 35209
7138 3788 984487
1008 3644 470437
8507 6250 426914
5238 6687 93323
102 6289 500893
7883 3660 339195
1973 6017 606648
4217 8046 756377
