179
5274 5114 698625
3724 7067 508706
1666 7895 35352
2234 3932 408340
9851 4458 73415
9554 1725 525588
503 8983 314185
6673 149 71480
6678 2050 371750
5008 4689 114186
5294 7373 18973
491 5495 806585
671 4386 304018
1631 9998 390016
3320 4495 1195294
9991 10 474243
433 6648 222587
7869 6164 207083
8867 4086 165293
7447 255 482341
3319 8055 185224
5258 9584 187256
7938 938 38117
8708 6786 833676
2783 7865 50907
4184 1632 813036
2826 3988 280852
282 2704 576383
3720 8285 414959
5217 5510 1011198
5262 7391 1345337
8448 6577 830853
7888 4510 164664
6060 1220 29518
9 4006 314702
1944 2513 88492
2206 2895 94677
2990 7927 796979
7883 8810 336510
9127 8371 30369
3896 5846 280752
6077 8870 1155026
7848 8558 277630
2520 3943 9518
4575 8422 160742
1780 6030 184066
5580 4145 555878
189 1988 2892
2116 8190 250079
9403 7636 308473
5519 9491 62650
7666 4827 65483
8938 7966 651975
5135 1006 59363
5726 4726 187419
3177 5545 335677
6921 7013 267893
5403 3029 28695
3016 3114 1017463
1707 6304 43508
8642 3503 277127
6749 2913 104564
1854 4460 142781
4310 5678 286085
287 2041 1227870
8328 9080 15610
5652 7967 809263
7171 4842 1098971
3425 5060 158357
602 3812 321232
9721 2280 400923
4291 1844 18848
2019 2696 1557973
5143 1272 815651
1291 5462 1338220
7291 175 543665
7027 2499 1445340
935 3478 749348
5389 9777 1593303
2423 9392 40659
5658 1417 709964
3059 8652 60882
2867 299 818679
858 4323 1001141
8765 3425 144618
657 4950 779310
7307 801 548984
220 6378 380864
3131 4601 329528
6687 4869 112701
2957 5638 488789
1599 673 406144
6232 4432 110621
1367 5919 1211014
4245 5270 1636386
5198 2444 207625
1369 4044 489485
8395 3822 1651374
7259 6703 36922
265 6808 786902
9180 6681 546696
6883 279 366997
9791 3345 1661779
1334 9633 615072
6297 9500 372108
6676 2659 3532
7192 9158 1746129
2920 1840 1000695
5749 6386 152225
8238 5680 93046
9223 6073 18878
4111 5476 1279793
9814 4136 815328
6463 2501 112167
1026 4366 854872
2854 1475 606649
8195 8100 1154628
1391 4598 446685
1342 5308 20874
402 1557 213484
1759 7556 1050242
5532 5797 259827
3832 1831 257641
8867 3293 96037
7749 851 222629
1496 3909 2400736
2568 6831 1286476
5706 5801 551489
3759 514 366188
2812 632 2350242
9827 287 139568
9485 8306 270117
4427 9323 200938
3719 6321 181867
2902 9694 928211
932 3544 225008
765 5699 1058147
7620 94 600451
85 7135 1061853
1383 1408 152488
750 7971 151415
7199 474 550856
2042 9206 457452
3322 8822 756266
5586 8859 1169293
9442 5236 538997
8322 1128 609643
7 9708 1716997
4702 8587 2649759
8629 960 301826
7482 5898 406429
215 5486 206827
5651 3828 593105
3746 2881 533909
3887 5683 93679
7765 4072 667229
2335 6026 817302
3254 7254 539416
2306 6797 166568
9631 3478 7783
6269 5756 2528621
1659 2573 836263
1726 8390 169801
9191 2447 900769
5319 1722 196331
9332 368 190257
9288 5181 106470
2611 9021 519872
2227 3613 547009
2262 6263 839550
681 209 6890
9822 465 314893
2821 5442 292864
8446 7312 1941681
8307 1469 1933614
6100 1620 150407
4298 1846 2703603
9912 3701 417550
9591 4155 152338
