179
3494 7908 254400
2799 4719 81004
8065 8241 55411
3283 6091 42348
3819 2448 196375
7443 1093 355284
1396 8827 201637
891 6303 256870
5508 9052 215585
863 2206 355077
109 570 81657
1228 3053 219326
1950 7700 768636
4342 2018 643725
2932 4914 301105
479 8330 91187
4294 5587 2026729
7746 2784 110089
1708 8539 571367
5556 3934 177345
88 2603 2012783
5117 3047 238695
2490 7039 1502753
3664 5155 2541824
4176 7122 113784
2540 6312 373734
4715 2349 1383796
9098 508 286092
4101 9228 641062
7413 9622 44308
4501 2633 204886
7593 7460 328399
2205 1078 28190
6742 1734 482293
1427 5745 539340
2554 9275 3736
4285 1086 20209
2085 4836 426677
9234 7404 815945
6801 825 531019
9099 0 854330
8274 4039 3396859
2639 3211 287978
1369 8212 11840
3888 639 577763
1519 8047 138522
7852 3189 47644
758 7289 26660
1700 2403 1170935
5947 4149 1083134
3888 5341 500963
5199 4250 110423
8566 9206 595005
4448 425 75687
9635 1471 624999
7017 1628 402524
5450 8816 734781
6817 6053 398170
8125 7022 557791
5709 5665 49587
413 4007 605471
1734 2068 221283
5047 3779 560761
77 4912 2164034
2866 1752 786949
5204 8709 1314119
6974 2978 120106
4178 1366 93536
7253 2575 1096778
8344 9329 117986
5384 8087 291440
8633 5110 555755
9911 7983 230662
5478 2285 1502020
3347 1358 90496
7201 8561 321865
2415 6578 285874
2840 6434 740554
2337 7650 304048
2976 3954 511492
3243 5953 63952
2658 8347 5485
4169 659 159487
3394 7054 134696
2129 5575 614784
3519 4593 1171257
199 3376 35561
8402 121 302361
5436 3358 1110544
5610 2919 174093
4460 9185 34485
7785 4292 434212
5075 775 551963
9480 1681 89201
4079 4520 206933
6424 9001 637775
5432 1283 953794
3340 900 211151
5641 5036 314840
1278 3753 62742
1096 396 918991
5041 9128 641904
1935 766 335836
9805 6250 818471
8134 9583 227852
2203 3162 20912
8866 3656 1018950
4596 8613 132221
155 6496 106548
1478 2063 363004
7380 1108 472851
2468 4106 613532
9688 4500 60394
9992 7894 1034387
3133 5526 545348
85 3088 362691
2154 8364 493782
3165 5481 1212402
906 2308 168756
2603 6848 493659
5961 4912 256793
2221 191 350578
5905 6565 1746947
1361 5020 3158391
3383 2493 928348
3166 5950 37317
4198 7059 44553
5469 1724 471897
1235 4755 415190
6517 858 1681701
828 2973 676057
8019 8553 712049
1809 6850 501125
2924 5877 717390
7086 2710 148735
4272 9193 759518
9250 232 895842
5233 612 426057
9172 8079 59401
2890 5303 234477
6541 2017 347393
9585 4959 725894
6416 9266 1164352
8736 9815 274030
4362 7460 498563
4908 9630 337098
8809 3885 157777
5122 6138 56977
8009 8304 730767
4067 6766 240229
1978 3072 235357
6991 5845 793334
1273 1286 305416
4400 3134 604366
9812 4251 269582
7527 1195 1768820
9608 3585 562491
8632 5785 504966
1278 4889 470084
8679 9837 49208
6734 5641 813551
7931 6301 601695
1455 8889 803240
1610 494 316955
4586 9008 81935
8003 4609 385657
875 2656 620511
820 6737 1604698
7354 3986 79719
8715 2586 756168
2842 6841 123868
4673 561 1397489
1724 2708 52468
3339 343 307302
860 3265 183725
95 1821 127853
678 8842 1955978
9324 8984 2993230
7759 1712 2077575
