112
1453 7667 20094
8084 7772 458366
2659 8075 760635
9364 7348 63471
5125 6464 1308926
4453 1103 438150
9368 2115 684557
817 2359 787648
8470 1647 621506
9144 6812 828755
7342 5365 208878
4274 3285 3476910
1586 4601 333991
8962 239 141593
7987 9006 919354
3248 6428 1224587
4488 7580 1124200
325 1592 136792
2368 801 60247
1341 4935 537216
4711 6568 687146
579 8077 925163
7453 5026 1849458
9064 1297 296599
8866 9415 1532202
9904 9004 3496844
7077 632 967614
6890 780 106271
3517 97 2981433
6237 5009 1061552
5911 6111 1416566
4329 1878 587048
8917 8034 391037
726 1153 2212676
9738 230 130098
9609 3733 699603
1816 9670 652898
3838 5590 246320
3571 9618 241053
2936 7924 757444
5828 8279 359422
7513 8295 370672
1504 7688 72878
286 6936 379543
686 2478 11002
2512 6167 40770
208 2749 573927
3272 220 36991
68 2719 651378
2241 1690 263644
2581 8507 1432068
8746 213 2926958
8650 5550 526504
3042 7781 589089
64 587 321198
2965 7425 1720557
6416 7264 1044838
2217 371 312515
1081 221 4380419
2251 2559 1695899
5435 9288 271452
9425 3141 310833
6803 4433 108628
287 3336 985364
7547 808 101635
1699 6711 250548
3384 618 400812
5550 3698 1315977
6966 8537 94908
1171 2142 196537
614 2048 4934778
705 2455 38848
6208 7772 989872
9574 323 923442
7036 5299 862581
8627 3834 26725
5212 4287 463064
2569 6489 217484
2362 406 382732
7345 5255 2336964
4880 5187 46198
9743 7167 729038
4489 1551 953963
4034 9222 9091
4251 4994 356410
9124 9655 917417
3467 4365 126545
6852 1155 713163
6501 9951 1557537
607 5946 136788
7974 5010 310280
3148 3847 923933
3880 5477 1539082
4188 1358 657930
3349 3470 104681
9827 7434 3652059
8646 4907 2182107
2675 9710 424408
64 9265 551695
573 9240 176967
4376 4939 5826
3407 3045 225322
6964 692 1958008
577 8115 2202014
8517 3461 150058
6524 219 433287
4028 6398 151806
1590 8913 1318454
1268 7358 5678193
3092 9227 119081
9898 3429 943661
1660 7544 2446641
