112
629 2144 106013
4023 7644 810860
6936 4483 11022
7240 4391 409096
6722 4712 1916509
7205 902 168394
9859 516 3663263
7677 1251 488496
4020 3981 1366449
9370 5044 903528
8927 3248 37090
1640 3247 2797299
9264 6050 277465
7292 7590 956752
8756 3686 189131
2022 2776 2127792
7313 8625 1424305
5703 2943 561342
183 8550 4250
59 1663 338947
7551 7678 231130
667 7970 1397265
7800 7569 1404504
674 2070 1629234
1185 5739 1938070
3606 4421 2046809
51 1031 289733
2116 9761 102595
12 1272 1034299
4767 7405 2304270
7625 9548 1776564
8258 6596 687786
106 5182 1428781
386 9338 1096619
219 9684 621115
3909 9903 395482
7426 8772 425326
7388 6908 1277620
3528 9239 281849
9219 8352 1452038
3603 1718 287426
5570 613 6745
6050 1519 2052922
9555 9728 1547704
6879 1436 1442299
8858 5996 468482
4509 2419 205913
7106 6626 1569020
1840 1606 3976161
9945 2637 88957
2132 1756 479904
957 9778 654738
8364 6154 38453
8752 802 34401
7435 3396 244506
1741 3684 1082875
9594 7400 69526
4324 3533 240618
5001 4741 1345377
9200 6932 304108
563 3975 2320039
2537 961 203405
8261 1310 61649
7767 658 1353427
860 8826 65453
4956 2486 1016890
7308 9137 659386
5331 5457 1998786
3260 3275 2097350
2151 9950 161090
4064 416 2691734
7992 1110 415891
158 3760 1205641
8497 8712 1227721
9838 4380 2256661
4369 4490 2353635
6506 674 152021
4141 9039 632081
2780 3915 484308
6852 6684 24975
5812 2524 15172
9718 9329 563201
4016 8998 178507
311 6882 138746
4135 8499 936280
1993 7421 223967
7892 3628 1225969
1665 8288 171137
4890 4204 644756
2880 4112 697556
5885 5357 840392
8069 9804 510200
3789 2052 383971
5455 3604 470728
6247 6379 97843
5035 6601 1421162
7172 523 647127
4201 3045 534424
5147 1144 110378
9616 6547 1261954
5771 68 630138
1598 725 380630
1301 7743 542612
1988 2657 1504540
4315 8494 316280
690 8199 386771
5689 2326 3429082
9500 3256 236405
137 2391 104565
5298 7264 698643
7107 309 2782284
3625 9512 13210
