66
7308 5269 3197010
9636 2498 2231542
6225 9510 2013578
6060 3312 2069404
5600 3123 4949367
9046 160 2873265
430 7702 6405699
4996 7507 654817
1960 5383 2771915
8397 7164 609020
2702 7165 673527
8162 8725 270804
6066 1815 1458038
7972 8116 814843
1987 3207 809646
8340 8784 1258461
4441 2505 1181128
3493 5047 64694
3804 8889 1064406
363 9921 1655156
4579 8150 629185
2698 1324 219383
3538 7635 3848415
8035 162 73155
5012 9958 13824
8163 3442 2089479
9365 7922 203843
7470 3817 463
8912 5274 1139925
8290 5798 74379
5201 3729 513014
4179 489 1775732
3504 7311 2144964
8921 173 3642827
4047 5132 1238775
449 7033 2062774
3356 917 2451951
5443 7913 166082
6970 1985 6852878
393 273 995931
663 3777 1018447
2454 5828 2509232
4476 7153 1153821
3812 3317 565610
4449 2276 1318084
8099 5801 1920658
9014 3472 150557
8554 7216 252270
6865 9727 1081382
7187 8711 3451304
598 8018 1965216
6896 7236 3095962
6383 3966 5082638
2690 3858 887634
9687 5256 937112
8446 8906 623733
4580 9524 509337
3617 4696 95283
3623 2326 423711
1645 168 233836
9059 5298 496763
2350 8918 328096
5060 7982 411411
8546 1230 1772783
1601 9120 52344
9197 7047 2499477
