66
4887 8442 3400489
2308 3743 7067637
2995 5877 3234114
3453 1962 2248008
4708 1639 105520
1354 2518 1449890
2835 4786 7367267
594 5814 44252
1357 7187 8754
7093 3713 1034399
7230 4540 1000771
6522 2448 524699
1476 6431 90712
3884 2487 854831
5915 3002 3087355
595 4605 46761
4499 7665 2838583
2201 3011 235770
2331 9281 799404
1963 2244 4092
9702 513 1459489
8579 7951 1042746
8377 6908 30306
661 4457 1139287
7680 3568 418753
4090 3952 65852
7982 8433 25826
3984 7206 27912
7131 4507 26565
668 6806 1898677
6318 7084 3757350
8458 4730 7536424
7700 990 637965
9593 143 776106
1127 4284 362805
7832 862 2609144
8978 2766 400423
7872 7417 819120
508 2883 1374738
9962 8563 1141530
7651 3953 1518880
2048 5778 122911
49 7536 2771308
4391 6151 2449344
7995 8036 1668112
6152 3078 987060
7194 7604 2288484
5898 4916 2165325
5067 8239 1467
1063 2417 3272311
485 3523 404096
9918 9142 711158
3263 9428 4715135
3124 3124 161555
9386 8446 443120
5107 3587 1651548
5080 1318 802082
8426 6078 511351
3982 7232 4120605
1178 5832 455263
7338 4935 367897
5489 1375 3659807
1884 1700 75535
9706 1342 1188954
973 7084 644889
463 517 1847477
