78
476 9772 2658884
6425 1170 1032188
5676 4559 2153368
2354 5776 418468
2740 2430 1562442
8976 9383 1919437
2484 1727 304918
3023 1885 356903
7178 6268 263472
6267 1575 126036
1849 9541 3766700
6583 5797 225241
6083 1275 595137
5497 1685 2764665
5214 8018 690897
5646 8943 374257
6459 7673 58745
1709 4306 739178
6151 5701 835916
5778 6924 1272622
853 2906 356094
3455 1031 151810
1893 3972 1791554
6325 137 36036
9000 8059 731938
2166 8379 1866913
7245 1251 2748520
8433 9144 3361099
8764 9678 285114
7485 3793 440485
422 7212 1009979
1098 7464 1134001
1788 7962 2509213
3795 2785 295949
4985 4567 1453597
2889 9546 2427115
3037 8732 72792
3109 4813 592098
1598 7671 312131
5545 7651 3127496
8302 7855 512853
6954 7427 429772
3479 3931 446794
3762 5567 568741
4368 2569 19343
7577 4513 1151084
1656 8180 183284
5513 5671 556670
5102 2484 689633
9092 479 3756926
5593 5762 1031431
9327 1133 274200
4925 6769 58078
9544 1696 2046471
1645 6099 171196
2284 8174 3055975
224 8499 2078905
4012 4857 686910
4731 5540 2313460
9595 971 200790
4501 168 1245688
8941 1267 5255881
8050 8558 809352
6474 2576 646049
3045 541 332391
6122 2158 4031186
3491 2060 779189
2184 1800 739650
5556 8878 1310194
1515 1504 957933
7205 4501 1388061
56 2616 1546407
3201 265 2771124
2186 8521 363571
4229 2285 3972140
6892 8580 450052
5896 3908 3176306
8617 6364 3168902
