78
8311 508 2224594
8234 1067 1438315
4479 8707 1545932
3130 9294 1010994
4094 5635 539243
5407 3216 281487
5739 3169 89997
2476 8258 586525
762 4540 4661888
4104 319 38655
2941 3048 1840992
8430 4266 2530534
4872 435 668021
1498 2576 3996864
5799 8340 2072966
2805 4667 596110
9470 8098 1366326
5326 7830 600425
7890 6477 285857
7612 3723 843275
8612 1360 683077
1921 6208 756040
9227 937 181168
8582 9218 291318
4560 3836 329303
7923 7416 2866248
7985 9728 67674
3513 8748 994839
5267 6106 34478
4689 3790 393470
5637 6586 407377
9552 1512 1582513
7401 7597 1048484
8861 1925 955194
9400 1137 794047
3412 967 3203998
5641 51 1883593
8868 1150 1169379
7432 113 833463
5660 3635 706635
7365 22 885764
1716 531 47641
3583 5390 3118962
6670 7925 6098337
5406 5785 1396857
9015 3230 196869
6361 2055 1134517
8375 9975 1681631
9158 8136 261879
2733 2292 1936112
8695 7697 1974753
3259 8786 1042293
6888 1814 168288
2239 7131 2330229
4189 3840 540979
7512 2964 2849753
8753 5789 2725336
1623 4788 1871671
7885 9078 2308362
3067 4941 667661
934 9815 121283
7872 8252 1447021
5080 4246 1095120
9077 1823 1155561
6116 2536 605866
8757 2424 501341
6425 904 229477
9126 5063 2549050
9091 1178 256334
3549 9301 396356
8124 9357 550270
4543 3688 326279
5109 1754 1642744
9827 1447 1916813
2187 2400 2018906
4859 3053 3389228
5402 1900 734155
5366 2671 1425004
