105
5033 3001 190927
2182 3507 181633
3336 1293 1887647
9746 3410 156018
1172 5324 103810
1961 8116 496502
4832 8325 2434247
4946 9209 1849361
7393 9220 57084
1051 3171 124947
9335 3113 66130
9820 5471 132696
464 8611 5335525
9331 283 148157
4529 4733 1763795
6385 8601 109088
2305 3077 2199317
7895 5875 582861
3153 5717 285437
5417 2820 170765
1257 6001 841238
2304 7285 2309003
1667 3903 1733161
297 9114 615238
2262 7534 1419637
2607 9146 71417
1462 4492 889685
2298 5907 987635
5729 322 2177679
3683 2354 733597
8524 8462 4776645
8012 3545 507656
9594 2014 2200312
3300 9680 5137814
6560 1226 554100
9752 4572 325252
5678 4156 226349
6789 2189 1158668
2991 2434 156307
3098 7058 3656796
3850 1794 892584
94 6626 256841
863 596 624805
1964 9701 1749537
5124 4765 277550
6613 6160 70445
4066 7093 926652
3433 808 1117589
3256 6091 366405
6832 5371 1705924
6340 2209 125967
1742 7516 128855
4349 4375 210044
5486 1498 2020008
7565 1654 294466
5296 4029 113365
8617 5780 626127
4866 4190 2977464
6883 3901 792320
6793 7038 345736
7752 7341 2505828
4969 3920 3055062
9294 2949 795061
9874 2829 301811
8224 4292 189849
246 8095 118024
6423 2225 1007275
9955 7261 165286
7342 7302 719119
5486 4753 48358
5081 1644 189639
2757 7933 2034633
7087 2374 456877
2001 4892 2545
5631 6722 513059
658 6542 4186952
4649 6454 5072
8961 7375 824697
1598 1071 207325
8126 317 303646
8822 8557 1901675
3598 3669 223799
894 7262 1025402
9043 8350 292504
21 4909 1247383
8181 6897 815803
1827 7372 1200743
5760 8179 1618474
4976 1521 161075
5572 446 398734
7608 7348 1179698
4973 8258 303133
3940 8180 505417
1998 8366 1014050
9647 550 791246
6828 1997 94745
9566 33 2569719
7339 2018 221318
1107 7263 91820
4018 5288 89540
7305 2706 897453
288 6133 173837
9930 3427 453650
9533 4051 163347
4098 4075 558497
