105
9474 2837 745888
5104 2340 287016
6450 6813 253302
148 2710 2570597
622 8155 39012
1292 813 1975009
4895 1412 126646
2373 3470 537109
8652 6715 287281
9901 5821 263148
1513 1360 355598
5055 6698 503189
9831 1288 1909713
9449 7606 582154
629 3167 470781
7 5180 1631035
508 8894 410722
7905 2920 548033
2392 9454 360340
550 5315 1169719
8831 3040 267303
2348 2636 1525453
8466 9499 398504
1116 2349 1724977
1662 6071 1257881
6704 731 806353
15 8782 666575
2666 6368 737212
5312 9462 854064
6287 6131 1746966
2642 4683 391957
1638 5209 1033860
1406 9488 132871
2431 2110 1609897
4993 5756 1043058
6006 199 4098224
4683 2297 715238
9409 9501 1050725
258 5761 70078
3690 3673 636993
9875 2795 365482
9499 9540 2036244
3118 8412 888265
4129 8887 2833942
4258 9595 863155
7506 8533 102948
4361 1561 1625738
4892 9097 50174
8261 2373 1607191
5437 2601 86454
2537 7579 787015
8386 4812 3285526
518 4697 1516675
3477 7530 598627
4042 8080 172303
989 1010 1678647
8036 3267 482136
5850 9623 952037
3420 5948 578626
8933 2928 223960
635 8017 1147657
1335 8797 211638
5168 8259 1152483
1257 9613 1183875
2420 366 1843806
9352 6724 829656
7169 9792 163582
8055 4773 2150656
1415 6620 875220
7230 3365 268105
7718 8288 596809
1156 8404 1514036
4650 6141 20667
7098 7708 1561660
5765 259 711485
498 7604 727592
671 9537 467515
4657 1328 1290697
4924 8643 1065601
3449 3476 386579
2855 6023 611024
424 3149 2930736
3624 832 3977892
5197 4266 564818
2521 8561 1631468
8652 4937 3309625
8628 8719 845101
9836 6793 232025
6883 9683 206245
7734 3493 1274284
7671 2518 1241168
523 9217 620958
4123 3007 305661
4392 8849 1811263
1177 1338 1795555
4520 4231 170940
8604 267 1398127
9684 1212 162273
5389 2092 478185
2908 1448 564814
9187 8825 866778
8170 7274 55576
4687 9051 111303
1511 2958 35812
5877 7143 99424
