185
1812 4012 466975
6382 4397 337070
5478 6993 270712
8984 6293 376163
7597 2791 637853
8763 2526 56719
1436 4679 1032020
285 8989 391838
4570 4928 551671
7496 230 252727
3720 2458 463719
3832 170 491011
247 3314 1030131
4637 2447 40570
1469 263 222730
6665 8063 956041
907 5737 2019290
8141 5173 935531
2232 7841 199648
7051 6300 626043
6676 7254 86624
7852 1900 1125903
3214 2958 1427664
1413 5678 986423
9494 4892 561797
8521 4867 543086
7689 287 202648
7635 6971 592406
7298 822 1106703
8914 998 546474
2092 3365 419120
2494 4185 16134
2316 6786 404988
8664 146 208549
8583 1664 299971
163 2848 41636
9174 1336 154417
5477 6825 753960
4863 2069 465307
3134 6352 5844
7357 3492 319878
2492 632 589423
9743 1095 187816
5503 7272 971272
2093 3829 839983
1424 6362 940175
1085 5296 426662
5847 9312 278751
9078 2359 34136
1507 6693 115223
953 885 379596
8412 2038 1479990
9763 6416 195407
6548 8736 821728
2607 6525 1178255
7107 8090 141951
2789 7259 329277
9447 4642 101106
2790 4610 441602
3020 7128 91141
1413 5813 891106
2264 4689 171181
3962 2412 82362
8361 8471 1022871
4167 3801 280525
5465 9032 887834
409 4667 22318
6298 9886 405517
4065 426 678259
6704 6936 515568
9285 3696 145347
5350 3175 941012
9525 4712 387208
6145 1194 425435
1856 4394 231659
4918 1620 4533
5504 7034 711364
5296 7043 383747
1269 8402 947786
5364 6473 94219
5580 1861 359553
5830 2564 70910
4387 2628 56619
8816 4716 177927
9537 6002 150767
4623 16 1224621
1403 1012 505093
2633 2171 636927
665 845 666319
2489 623 14071
3354 7370 265491
5791 9670 57430
2946 6529 45477
7826 7054 459435
2903 1077 194813
7383 8545 416950
2933 2459 330502
8447 4152 1249535
9570 5701 370758
5521 7522 636701
4865 4011 859004
4397 8160 396117
8531 5761 2559497
5041 3755 575040
6879 535 398209
6049 6879 144198
7409 2010 420292
6103 9030 225293
1490 1970 775170
5623 6611 74635
5608 8482 325690
1717 2965 630485
2102 2237 1359958
7619 7234 408419
2479 7521 206370
3057 9845 122323
9634 2366 131731
2441 5154 281381
1929 4719 248547
6631 2057 612626
7136 9843 559530
3722 9141 114690
3440 8837 1844380
3715 5444 752443
9626 1459 518512
1289 7980 130835
568 9867 1742305
8264 4740 266690
3300 5754 59534
9589 3083 685980
5446 1129 52360
685 8780 70813
248 1055 567874
3152 5669 165441
8877 8058 515580
7549 164 296125
2857 4262 76073
1885 6728 264683
4784 8503 604289
4881 1191 111482
1460 4257 176025
2404 8416 190822
851 7619 741
1972 2582 1275900
9838 4298 388287
4815 3888 670658
7860 3322 674160
7860 2445 785044
9172 6815 1306687
3816 6548 60525
2466 9368 1736385
700 8663 297731
190 1373 52591
6101 62 386868
8281 3162 740525
3420 5792 189575
2475 187 619248
3670 6243 167147
8488 8634 157515
9786 5659 885195
7736 2294 904978
159 3341 16619
5114 6266 7300
442 1323 2016535
7997 8029 2593754
292 688 100320
4269 5517 240225
23 207 736929
6341 9036 1006483
3492 6667 726410
2334 7775 2371089
238 4816 1392098
4321 2962 482616
513 4652 392727
253 1435 499327
9025 1464 1227980
7000 841 1839744
7357 2660 448185
6539 5962 1135421
1509 4794 437201
4746 9282 1258140
3599 7423 118539
9629 1086 131940
6779 2302 125885
4982 2927 582084
