113
4967 4639 1044923
2633 5592 608383
5446 8643 336056
7672 13 1325177
8025 499 11455
3030 736 36265
1482 8951 1331909
3615 2049 472575
9310 855 2126758
6375 3347 916236
8697 7341 2020505
1089 1621 1049178
9944 826 170401
280 561 60755
7334 9623 108475
6066 2025 1770238
3719 7203 1825347
6912 7113 1200540
982 8506 552647
9165 9076 1621160
2582 1019 120237
1065 1428 2416856
1155 4440 1339726
3246 1180 981832
3750 890 282907
1359 4552 330106
2749 1729 539917
2577 3830 2605860
9248 5497 1601180
2018 3434 2776698
1871 6003 598594
8641 8348 123140
5314 5867 997469
2131 3246 885088
4041 9281 466865
8905 6386 157439
803 9040 1913012
3568 6026 201866
899 7899 1882701
3553 1976 229070
555 8658 660085
3229 2990 2454638
3777 4751 591585
3058 190 20056
6471 2262 3388750
7443 5233 446292
4191 4896 27312
2416 7221 541474
7799 7307 825467
7009 9255 678015
1973 1346 482559
1985 7739 3769095
1225 1738 2243324
5364 1392 133103
3061 8221 420956
8406 7980 2095930
4096 9159 880008
269 8440 239254
7111 6279 203297
6662 1351 531325
3118 6790 187256
7821 4390 101517
8543 9838 228896
8539 8741 70397
7422 9015 50312
9880 6140 39854
2987 5915 363437
7812 3043 802804
4719 7199 325019
7515 4502 1527262
7137 295 484102
3616 6193 2535035
6986 2115 324045
2336 5324 429080
3319 8670 644587
4497 6368 1481684
7999 6362 1693945
7611 4247 2051563
1227 6084 48762
8199 2308 340533
196 7804 1402747
5280 8159 209308
8708 2633 334389
2265 8722 954684
4506 103 770452
2991 4435 447885
1450 3625 751710
6618 950 2089989
9208 2803 2710231
6645 9223 92939
7767 4087 709349
4469 6815 112977
1110 7893 1741365
4136 6 157326
8400 4433 730065
8054 438 1946768
9532 8360 8725
8655 8132 394222
937 1892 82017
2550 8571 452683
2837 7171 2076925
3701 799 1452699
7910 2947 360170
3467 7811 225064
710 991 193609
9211 4065 1324595
2107 5491 2554091
2908 7684 159764
524 8458 371069
1795 4999 315273
1689 3078 140904
4857 7179 690073
3926 5086 633772
