181
8349 102 2262410
8251 5582 2307328
9781 3214 877947
1710 3880 808596
9823 4532 632419
5830 33 103929
640 7950 374431
2245 2156 518804
2035 7436 104689
9162 1037 86768
1704 7136 453782
30 1449 213246
9013 3941 220423
6867 632 1450117
7901 5705 493702
9570 7753 334354
2388 8706 430600
1687 6474 104795
9841 8182 418714
6680 1569 2352013
3591 7105 2067031
7178 5068 685286
6155 5595 343362
351 5109 32033
1777 8543 12751
6088 6657 152534
9279 4112 717470
3065 6554 2229944
6732 190 39117
7266 2644 658760
2589 4772 42201
1378 2853 1539675
5575 469 186981
5740 5092 162276
1210 5211 175797
9547 7791 379038
3835 4953 856963
2447 7995 1428596
1110 2091 995223
4569 8760 470294
3249 6727 622557
5677 2043 1576040
686 129 142312
1304 1050 65438
847 8533 286931
9242 5373 54523
8750 300 1496284
2735 1709 470817
1558 5458 150648
3009 1038 845170
9660 3024 1628021
7708 9590 1715961
3580 6841 114117
2951 6840 48357
7436 1555 88290
7245 6042 738772
1698 7212 47109
5932 7343 1295301
4993 1776 441871
4299 245 151872
9975 8194 316565
4354 6879 102746
8954 8369 386634
9154 6929 318349
1044 9477 7073
240 6067 378623
1214 1133 630808
2554 1089 747780
5106 918 327429
7588 9524 207842
2018 8044 71452
7241 8639 5756
9836 3436 1597802
5915 3690 435649
2561 7678 231684
2588 6254 1933080
5496 4537 336861
680 1878 321469
3372 2526 712946
9760 1020 244605
8570 3610 130547
6407 9637 467516
7555 7495 671982
8614 8459 107701
5243 1467 215447
9753 1417 1754282
9543 5643 346372
681 2839 79223
8213 2727 149152
3071 6628 36936
8350 6726 527442
873 8844 522305
4465 8511 10996
732 8366 337195
4336 9014 467869
3255 4084 156915
8090 9636 73311
3859 7546 35299
3701 8337 333718
6428 6891 980000
7719 1971 436093
7926 899 265353
5767 1120 78201
7819 3892 1012418
5201 3087 249321
4614 9700 447360
9424 2991 130928
5841 132 215567
239 1811 162067
9732 7839 1145793
1658 4044 821625
2595 4889 650345
3131 1100 525130
7514 4911 139206
8002 6036 1495753
6527 4468 50129
6512 9726 724446
1302 9290 624498
9476 3733 371418
8529 230 234560
1661 9344 269989
816 2957 273867
566 289 825817
6718 228 179946
2073 5950 825899
2377 7416 29026
373 6597 753967
6770 2694 31131
6661 8665 9686
8564 3175 1703055
2452 9193 230377
2077 6706 1161953
7444 4695 1844296
3433 3898 153127
6116 2456 456101
5932 9915 1455347
510 8687 238426
9304 2028 22503
9471 3716 345682
4526 44 86003
6839 5116 261328
186 8132 849537
3693 5566 486165
9648 3024 319555
7130 7034 22229
6896 2036 399226
9759 7046 3359403
2734 2279 241942
7713 5722 498035
44 5305 117274
32 4429 269026
3998 4712 260529
1575 2044 1130279
5171 2900 1318059
5546 9293 194649
7173 6173 1569975
2308 6747 522268
2982 7279 202520
293 6883 309080
8878 6055 3055590
1234 6645 217319
8885 5460 614051
4172 2412 220234
8146 324 40313
646 4166 295624
8154 638 123769
4795 840 1010858
1447 5690 34481
6910 3254 12404
3437 7081 854827
9820 5772 101694
9321 9433 932701
3709 5676 445068
7370 7188 384177
5768 4061 221672
967 4432 219129
6616 1255 53792
486 6128 52473
424 3692 606619
4056 5128 704741
6645 2397 366825
