181
9615 2501 846934
7690 5638 127147
7717 5316 207122
5986 4060 444086
5579 2011 416730
3640 8836 137003
1242 795 1394395
1808 5085 317758
1429 183 390009
6991 7611 395341
9668 5276 1297104
5623 2805 194711
5885 4742 214691
7633 34 840636
1427 3838 243122
7848 4502 179645
5898 1468 262969
4674 961 10940
2780 2412 433778
1226 3048 91212
7090 8277 707859
3939 2328 29139
4825 4554 1151128
8467 9706 34556
2565 4413 1549844
1273 856 2317393
3452 2630 287507
3230 6458 219038
5687 3567 993446
6180 5543 35953
1282 5809 589302
4900 6372 209140
9656 1588 155229
740 9250 1418579
9588 3682 223168
2681 9595 383931
3574 7081 331955
8984 7519 281937
3682 3229 413100
2438 6655 8339
333 2931 261975
2758 9052 57468
3698 6389 541625
8061 2011 203312
4154 7582 989498
6747 1160 92231
819 6271 335913
5161 588 591485
7216 8102 116989
5855 7385 287402
6282 5308 58387
5321 5775 1065863
2853 917 884085
8430 3893 188236
1310 8857 483193
6682 4202 874593
6490 8231 1431104
3911 1089 546694
5939 9373 820490
3786 4582 219398
2952 1433 91401
1312 4286 559940
3841 4497 448273
6930 8044 23009
106 9236 119426
1552 4580 20076
317 983 911633
3791 6449 609639
2134 1040 349538
3279 1199 485465
7336 5777 426792
4113 2638 3619754
6390 3071 609754
404 3745 607848
4053 5508 143326
1809 4167 546611
882 5590 390994
2706 9686 820814
7738 3602 1245976
4072 5446 482789
510 8326 471858
5652 3532 103035
5664 8245 52392
8542 4072 117846
8456 4235 503415
4399 1507 98113
6888 5947 306280
3145 851 1154482
1137 6021 898993
1622 9125 1686821
4747 3377 92922
4675 4833 1302312
7263 9081 129869
243 3616 2693916
2855 2820 71657
5882 4037 218537
6011 2432 834894
6400 8433 1221735
1818 823 117062
4469 2052 1220792
7480 2127 125349
2546 8781 901038
7967 4907 1861
5474 8417 334289
8178 2854 88450
8329 4744 229865
6362 7131 282879
355 8335 392575
6111 9747 38567
378 8086 94632
4837 710 447162
4838 7842 392441
6938 5586 404932
6685 2468 1894677
2418 4921 164442
509 269 1914718
8176 2701 531634
8678 5788 765951
1234 7798 322139
3352 9782 2161340
7225 4276 159552
6327 1793 215934
7917 4361 198861
7184 5967 179695
3114 3359 422111
7766 4314 131739
2018 8918 621678
8406 8219 303151
2067 4101 362947
960 2997 1152871
4321 4264 462498
3579 6485 1956316
2546 551 557279
6302 3344 158595
2392 1074 180592
711 9969 646554
776 7861 485340
5581 2336 191295
2975 6149 525705
5379 4299 29607
2866 5061 610408
9904 8906 32952
1457 3557 619793
5073 6602 2844722
1713 9118 370160
6003 5190 1528421
4525 8137 130562
9368 3838 1293877
7903 373 541697
3747 9935 1432661
2327 564 101280
7192 8738 879326
4019 2247 134095
8907 1488 615546
7697 3975 1551631
3151 2959 151296
6386 124 532405
6450 4100 1592801
5700 5128 21041
8038 8468 648821
1114 5281 149424
5480 5699 383969
4107 4395 149306
1609 3683 906475
5323 7197 266218
2686 5107 201781
205 3678 258766
3361 592 93318
4787 5396 247036
3529 5510 2065
9267 4951 120769
718 8929 1350376
7557 9029 248130
107 1856 405292
9836 5311 179706
7482 2123 1654206
2802 2214 460261
4706 3399 562288
5615 7640 52177
9674 9803 117909
3723 1207 479966
