181
3790 7794 621177
3591 4394 96641
2307 8242 283136
7604 7795 33323
3588 2119 401890
2235 9454 710254
646 2481 466953
1875 4147 519417
1172 7785 737953
3995 5058 119560
1792 6487 741343
6743 553 34301
556 3443 1018381
6591 4632 76795
7627 5676 204773
148 3277 147218
66 9318 637381
867 1157 186894
313 1281 291503
7230 1552 570912
2925 9820 1927560
7562 7271 206257
2366 4825 460695
2479 7033 288617
1175 5693 358436
4234 2986 1879384
9487 224 520388
3277 8712 655351
8608 5925 204998
9687 2724 51592
2570 2685 682177
7028 699 130570
8412 129 1492708
4880 8442 383545
9018 7559 682961
7189 7246 1039071
9210 3137 163454
2389 2628 316476
4166 4700 47756
3821 3475 721271
5726 149 70230
1726 535 256395
4734 164 703800
5654 8969 374481
9534 970 46690
2623 6245 224436
2178 5054 2133230
7426 3359 107631
7950 884 690360
6622 5783 176281
700 5986 290172
2792 2312 229255
2277 4554 273374
7967 6854 203787
741 4764 160059
625 906 781430
4148 7155 696661
250 9101 73004
1797 8747 707025
3039 3312 405205
5238 945 1445412
6357 6391 192538
7358 7163 208575
6974 6610 201605
4900 616 173016
6770 8404 641175
5499 3917 1267291
290 6898 106400
9247 2499 239109
7547 8410 691835
33 5971 23419
9191 6317 779453
6722 3926 270186
4013 8008 517793
3876 3356 1704213
6636 6652 921047
6396 9479 1052178
2109 2306 55667
8663 7237 217363
9172 3441 598550
7296 5441 1011387
6551 8613 94301
7550 8970 684997
1041 2108 183160
6103 9675 1625044
1620 754 1029223
8215 5559 688654
8459 8191 74338
5513 2841 3028170
2987 9885 101992
4626 6618 926741
5083 9831 170447
7681 6794 1847961
2754 4843 243660
9339 5463 121883
4567 2178 150507
4888 732 316226
8710 4482 262782
6473 8031 251043
598 9355 183516
3975 2097 623278
635 3343 79878
2390 258 1018670
7972 5042 1628562
8851 4893 122805
2325 5540 270629
1986 7594 264246
5442 147 285928
1007 6091 1106477
4009 5439 270732
745 8221 423110
89 4844 77645
9822 9607 242599
1958 4025 80334
9937 3139 662484
839 6111 192532
9999 861 3573884
6163 35 738188
5130 131 188846
6380 8231 1585624
4513 7008 1393723
1844 2886 151063
546 6751 1171747
3300 8340 576549
4219 9485 1724997
2979 2499 198751
4826 8587 174959
5926 7474 414911
8600 8125 268327
1706 9955 698559
1858 3482 385704
5783 6403 73645
6316 7035 579845
8759 3197 350916
1730 6727 4894
3670 7161 1214947
80 6766 1176955
9818 4559 271449
5661 3299 166355
4648 6104 556741
4320 4772 360628
4492 8730 1463954
3740 4745 493196
2266 2057 69125
3586 8114 256266
6114 5617 183068
1307 7300 171136
2597 4428 210790
1933 5379 151674
5897 4386 864787
1632 9155 1161930
1863 4828 364848
1444 7364 125322
9783 2560 1066481
8459 8956 38133
3301 216 392515
4411 7892 244883
536 8827 460180
5451 6044 1042483
1946 1529 858087
4941 8819 678852
6420 2456 76664
3856 6809 1504162
3170 2285 310417
3232 6839 1877663
2571 1231 1447400
6620 882 199733
8170 4380 1779439
5739 7806 231883
1087 1935 168969
7368 6940 3157
9704 6079 422508
6034 7782 153689
5946 1557 713911
9183 4797 529236
9195 4067 802851
4695 3829 645970
1243 6105 220188
5438 6152 8806
2695 5261 19831
8967 1448 214262
