239
9596 5809 760043
4935 981 642439
6719 1932 121574
2554 7027 1676825
4646 6929 3089473
1980 8072 239231
8841 906 1368
4479 2533 414401
2138 5037 126032
9485 4306 1233701
5203 1134 437805
9560 7118 111239
8050 2593 646458
4145 17 19267
4082 8926 225157
5340 5201 857226
6144 984 1856358
8451 7600 220956
3583 3390 279208
884 1726 206666
1752 2454 375579
4316 9284 265944
1949 2001 1496968
4058 7250 251607
2315 4991 43760
9941 4711 382139
1238 2546 83474
8911 511 447067
4360 2978 84858
9495 1577 1909164
9572 5391 244693
9443 1103 382349
6942 1288 910510
5671 4020 561505
2455 1221 525093
5479 2685 320831
7488 3313 209830
4765 3449 234944
2910 4957 764701
2721 4621 262211
828 4379 56348
5114 1155 912237
6907 6901 176920
7909 4909 257885
4458 1594 418629
1054 1514 163793
3644 4374 7799
8698 710 418432
8104 3466 258946
5921 5655 579263
7556 9049 51472
8614 7064 1520543
8064 3146 707297
302 9775 136798
4650 967 150655
8618 1132 1025474
6670 1479 290029
894 8089 120722
7316 2773 730368
7974 6888 41925
5708 936 918346
5703 4728 1036343
4204 8224 329444
9135 2668 705528
8862 2057 29191
5606 7830 75518
1542 8955 394578
4973 6464 214855
1303 8513 187172
3599 3131 521746
7515 1 98096
1014 4941 299761
818 1856 220568
8335 8852 277241
4839 8910 494603
6291 9488 136916
3763 5847 481102
3759 125 244410
7486 6417 89038
2454 7164 88000
4351 721 470879
2183 8124 352177
3639 2654 115680
9180 8527 651347
6900 4878 155212
2886 8825 325850
7292 5898 48927
6805 978 833796
3090 5750 248030
1189 2252 45478
8002 716 1024529
2361 4310 165592
2215 1592 13288
4514 7701 199221
9 7530 78699
7545 2504 224682
8967 4795 1180838
6426 2765 2698114
8233 1062 27068
2237 5901 324768
8708 9337 511086
7014 9793 656002
8600 9988 371231
9750 4710 58974
2151 5680 539687
144 9662 35090
1241 556 901242
649 887 165127
563 21 15474
4659 8144 32650
5041 1461 59959
566 2983 124456
7538 8951 220749
2771 3590 107597
6742 2005 836430
2083 3783 27515
2719 7394 229078
9211 6777 123040
4701 8857 1444189
7975 1043 138242
1328 9351 40641
3879 6252 149089
9956 7273 244679
2185 2201 219935
4687 312 139939
3534 5049 122099
2836 245 5997
2379 9811 361392
6348 7846 502102
8705 6304 343656
7088 3017 9107
2070 7201 226316
8566 2781 318155
3899 8767 136161
7617 834 276670
5584 2023 124306
5369 8513 253570
5746 5160 349431
355 3944 525206
588 4877 34780
867 7492 131177
7861 1326 209800
9709 9395 1233198
3018 9117 115316
8125 7568 619734
6293 8689 7947
4507 5913 684071
5147 4600 857839
1013 6553 92669
4766 5311 1664201
8026 3230 470146
7186 545 85012
3396 2169 159216
1500 8548 539883
21 9947 1134
8442 395 2105060
1238 9517 169768
9585 5671 79307
2141 1306 336277
2339 3937 464042
5571 5211 15229
1882 8580 496068
268 8917 374238
7937 3066 568006
7039 5664 93448
6577 1500 1043052
4279 7415 112172
283 5031 372574
6293 498 224545
5551 5362 403813
1470 963 269688
3016 8616 578872
4548 4729 373564
2763 7020 110937
2167 5110 314862
6385 9924 59180
1695 7721 504623
2023 7579 1963326
6916 8620 86954
488 7248 219542
1774 7082 185467
1186 2089 444767
8524 4374 635639
2194 9559 83988
9965 1156 513326
93 5395 631226
994 128 218763
6303 3904 548513
1703 1133 63226
3441 7269 10839
9349 6430 580271
3786 8784 3500
9970 9839 114613
2783 3897 188224
3962 2231 39257
4073 6455 322911
9446 6142 162612
9345 6908 505263
4969 7599 107179
5501 5745 110245
7281 4969 498069
7677 5867 608600
718 9006 110207
8315 8518 371167
8927 9451 1545392
883 8230 200273
1868 157 310616
9223 431 132726
801 4374 684842
9588 5151 73125
3983 7793 31205
5019 6777 148772
6543 9102 66624
4729 2984 98287
4180 8718 26240
8748 7850 349418
8646 6776 691358
4361 6433 270453
9579 6487 715323
3918 4443 237756
9458 3025 2201055
3110 7027 184148
9952 3774 267778
1866 7002 274763
8680 5484 692327
7168 8203 679246
7952 6444 464507
8304 7797 104052
4887 7415 489244
6449 2802 769149
3467 1126 35284
1382 2789 1333443
2028 5300 527970
4458 7934 158997
8159 680 775189
670 4799 163157
4215 5519 128648
4676 1053 396030
2507 8936 1548372
