239
5736 6161 1028677
6381 850 178083
8689 3691 251542
5147 3642 18813
4266 5980 468119
6018 3296 427057
3578 8648 594138
3938 3045 776974
292 1937 286164
9344 6934 234264
6780 9853 650035
5441 147 373549
9825 8888 177976
7046 4258 507032
6679 3636 237926
619 2875 1881053
4013 7225 155668
4307 825 53206
3342 2205 224838
6763 5094 824591
623 9339 283932
647 5320 426029
6643 4857 99116
8965 5749 156387
8188 655 92855
6172 6209 473596
6234 4861 300451
6324 858 328456
1854 8557 422573
3559 5387 418741
4856 5742 62092
1832 8389 104834
7061 8763 1427632
6661 9768 674279
8516 3277 942043
5456 9153 77797
3011 1698 61071
3383 2002 441156
4663 2210 628671
1428 9550 125116
8569 3780 151589
2688 6220 84836
5216 8059 759827
8391 7190 114583
3860 2194 311566
2086 5267 169597
1105 6112 1075930
3601 5981 100127
9895 9482 595445
7631 3991 572761
8374 7692 46364
7403 4306 233061
6537 7242 242369
4906 6452 79877
2252 4204 96499
2343 6057 600040
6869 9872 25542
7883 5741 111020
9270 4487 501266
542 178 86901
1535 3956 114811
9356 921 118355
2670 5789 135506
1372 5728 229455
8186 7914 426380
9467 7401 56059
5375 78 406362
4385 6806 187917
9674 2315 936148
1964 8067 549878
203 7206 215706
4359 35 1324915
856 5013 1096079
8602 6248 404784
8363 195 657099
1950 3129 235245
6604 3103 258550
6784 757 1751342
6119 4209 13875
9381 7496 154017
4738 9101 236258
4213 2510 72329
8773 5888 51611
1867 434 25606
2114 1110 1278303
137 8635 455506
3339 561 99322
4868 3850 1225745
7290 6514 202000
632 1759 349267
7015 6901 57264
5236 4086 323122
7926 1919 237080
9849 8449 18085
8204 6866 395727
9487 3050 70974
2078 4119 49325
8040 4179 251376
3490 2611 1390111
2863 7123 91171
4558 4677 396266
3788 1856 660394
5660 8221 1736
9143 4388 36768
9196 156 995820
6879 2626 360840
3870 5337 610586
4057 9732 475878
9972 9820 610764
3173 3359 685287
2369 8348 167547
1468 3831 366042
920 7176 190111
1209 1106 318740
4666 371 571102
6327 5072 401045
9692 1871 718479
6269 2149 123850
8662 1559 141271
9918 7212 688961
2786 4490 523784
2808 2751 1212045
4523 1876 197282
1555 9546 582552
8874 960 203384
944 5460 313817
5401 1166 2900855
4858 5322 503871
4837 1810 281566
4915 3398 975208
912 4936 555442
7200 2123 545885
6108 7026 310925
811 162 398302
886 3636 229709
5035 7536 438186
5950 1427 282085
7283 8546 121841
2361 2924 516560
1149 9848 596496
3807 6881 40270
5194 4896 526272
6872 3169 514877
3369 9949 59133
7606 5967 492083
1646 43 984991
4405 1842 1046298
7380 8498 891043
5011 227 324334
9076 3568 154694
6842 9618 37845
1221 4467 959173
2123 4717 73579
4545 1223 1041883
5706 8441 1161169
443 1805 2022
1229 7606 859720
2684 3563 461687
7530 6788 147195
5063 4792 241354
6268 7672 1067159
6552 5512 490871
5020 399 101525
7552 446 188026
731 9274 884013
5096 3799 68259
7461 6267 378590
1037 9166 1392866
7625 519 1540350
1894 4887 89904
8285 7465 455695
7767 3182 117194
4686 8400 37419
7217 2246 792580
3258 6868 1112035
5739 8351 168292
1773 8137 184807
8097 1533 283295
935 2969 1818459
9913 6754 231143
2828 5224 136435
2055 852 90770
2515 830 291353
7760 4805 1284618
6255 9252 223533
6761 8859 275809
2971 1487 43084
3293 3577 700338
3269 766 716343
8446 1473 10761
6510 4006 44437
7240 9994 795881
1878 5578 23258
2631 1610 153664
3794 3042 45522
5533 3520 89783
8481 3460 442222
9559 4793 1816051
386 7355 127807
3675 7434 410
2132 6721 483296
3994 202 12113
8706 9132 6341
821 1852 1015473
4189 8040 310009
3598 5229 1545263
5953 5110 113417
6186 9272 69460
2931 3596 246980
5671 3438 68346
7313 4918 29350
5084 9999 13428
5197 5775 931769
8552 4021 666928
3801 3668 1124621
1827 3723 262339
2680 6326 30066
7487 7036 94702
8281 5859 88718
3789 8975 126358
7030 5358 119676
8802 7396 358474
746 7387 828950
9050 6857 17512
813 8375 113923
444 4785 331406
5403 2893 93622
763 5802 86510
6361 7046 100009
1221 4323 19604
639 6483 205962
441 7871 1471310
1275 2916 97027
2930 3090 110983
1638 3919 126597
2764 1346 129283
5787 6743 141145
315 6555 243804
5264 9987 211364
