239
5431 2810 529367
8712 2594 29671
5908 5751 54535
98 52 664219
2318 505 215687
825 1242 1112933
979 3043 129789
6586 3947 6584
7274 3789 261079
6200 8845 750441
1791 4118 297265
2858 4639 570986
5919 1859 140637
5314 6218 166945
5194 7681 888342
2709 7475 296432
9159 5799 333319
6813 2266 31783
6544 2074 94589
8163 258 5421
8145 1178 94184
5759 5197 79570
7754 8855 994034
5006 3651 535888
8947 905 23877
1864 5530 655718
9415 1762 147286
374 9776 199152
2514 1896 202867
4896 2878 124234
2124 5326 124945
2772 4087 180145
9504 7744 309277
3339 5656 148058
3017 992 1187602
7425 2905 443755
9909 1569 630821
5187 4062 15476
2456 2572 33588
2407 4060 36491
2386 7991 132609
895 6114 266323
1818 5337 32424
8657 3078 47833
5177 6819 294963
2863 6614 963369
3003 1743 43640
8741 2014 367716
5761 2392 602798
2839 453 24501
164 8643 218538
1692 1048 93432
3769 6013 162574
4660 7661 2589522
7017 4321 152984
4685 3314 9068
8495 9838 191515
9890 9509 349826
9871 6910 758180
3485 7856 136389
2188 1626 94628
8822 4548 239067
6739 4891 24045
6454 3591 818976
2258 8420 329600
7001 7780 265894
5435 7946 255352
1773 5343 208686
7503 4952 82896
9671 6299 4726
6327 3636 682744
8046 540 510553
8078 3362 278753
4203 9099 875589
9480 1903 77378
8057 1084 142615
1361 7662 250472
7193 2380 347778
7155 2852 344436
1107 6297 205497
3874 5527 231878
3390 2534 1492673
5921 2284 534628
1606 3687 1629356
9053 2278 1178706
234 6664 379612
630 8253 688824
8495 663 554379
9442 8697 81940
3588 6889 1160205
5369 4725 976699
2689 5981 345512
1369 3917 103815
1948 5162 62849
6926 3213 210364
8002 7459 716302
6538 1908 460026
393 175 860995
4554 1232 411882
7270 503 1219059
4829 2292 93309
2116 4438 1043917
1129 337 550500
1605 8431 1032027
616 7739 360362
3667 1588 253912
5304 5245 240163
7224 6878 20905
9532 6520 16384
3339 5363 65456
5246 5046 495130
2156 7463 3533
4254 3486 509442
8547 9782 667972
6975 8915 83137
8270 2264 88976
7516 9280 126322
887 2523 61561
2358 9814 1244400
9101 7763 762108
1605 4178 678431
2813 7244 444174
8142 2825 178440
5619 3978 174577
8235 8599 947349
7756 2672 1418452
3279 4133 897105
8748 1014 540805
4303 8969 236428
7570 9380 551471
8328 1942 1273468
8051 5228 17447
2704 3804 455715
4365 8286 194193
9096 122 129672
684 9800 85596
5597 5145 524944
6174 4849 101168
9194 7340 50134
155 7692 66369
1786 520 187677
7643 3150 255560
1441 6514 210363
239 5308 622171
3145 9800 137919
3387 633 12878
1316 7252 452159
2049 2143 44138
8878 2127 1076610
5622 5503 80479
2902 5980 1331621
333 7518 438171
8305 3065 141287
8308 1439 753490
5010 2228 49094
2874 1860 171362
7303 6151 506125
4785 1571 152427
1185 4470 213652
1343 6987 1600141
6385 7147 436761
1656 5948 85660
3538 2856 16784
6062 8141 94961
6900 9070 137960
8834 5730 1108808
3120 8728 1972211
5639 6162 819513
7436 3683 92631
1807 7276 8913
7350 1528 252511
6038 1791 36387
9809 156 148714
2397 5033 148865
9040 2927 227123
7663 4581 132530
7892 6874 256924
4920 9249 896
1569 1605 467313
2977 8535 57918
2890 5221 31786
2227 7672 124278
1907 1795 283500
5491 4646 223815
8729 2165 13108
7218 8384 1716484
8319 5146 1220956
3449 5260 67458
4992 8971 245984
1177 6006 1029631
6665 2168 787553
5887 2473 79624
9612 2735 650545
7976 5346 1031404
2256 1219 2867
5072 2412 1170077
6159 1401 58431
1304 2371 172484
7644 5409 49943
5721 3032 658728
9954 7205 563969
9713 317 95006
6796 3667 242073
812 3566 66165
6576 3462 1200838
8996 728 534371
2533 5961 1207035
1060 1901 411156
5389 9809 1109237
5386 6287 1819504
5637 8889 576198
8138 7252 90792
6713 3676 1091986
2464 7946 218933
6400 3323 181208
9582 5331 217598
5278 4366 41564
7546 2193 329909
3078 4173 168310
348 3065 424675
904 5400 578507
1987 367 1188890
9035 4293 91026
9563 9580 103865
5915 2881 11073
4942 678 745361
3838 1584 349324
4432 588 763820
6184 6185 584368
9875 6808 406190
8042 7436 24112
434 533 295176
7158 3166 526683
886 3596 1052527
1550 6898 42397
1905 4863 454555
4936 1539 251193
9812 4120 980316
4282 3586 190688
