239
3653 4848 100060
4916 3003 73726
155 784 381694
1004 2809 459211
5160 604 18264
6540 4408 3753
4390 10 353744
514 9831 476484
6014 638 93122
3170 8860 454820
8760 6602 61512
6520 7783 471635
968 2310 77681
6162 6181 459515
9130 3818 258958
7371 9294 57096
7597 553 527906
4271 264 310641
5313 5424 228923
5132 9039 14692
8630 5653 133735
5995 5479 793465
636 7902 876823
9094 787 144719
2104 9904 344053
4134 7244 483088
2518 9802 421858
8971 3271 223877
3557 152 69393
5829 2224 3589
7180 2200 238054
5368 9739 196895
6426 6035 49156
979 3842 38471
2470 1231 25030
213 5489 381152
4606 7314 90615
7563 8509 575698
964 684 109467
7366 6865 280684
9687 5162 1290104
9052 5862 40844
1426 1912 2186771
3602 174 421949
319 7984 307966
2726 3248 2082841
8366 1998 306251
8276 9372 4182
3643 3750 291219
7424 1513 85649
5664 9237 352282
2017 4232 614956
5090 8413 578008
3915 3135 234633
4079 8307 1175587
1147 8727 60378
88 3416 1404489
8804 8309 103158
5844 8644 759110
2694 1316 67429
4506 1353 161311
5145 299 687495
4126 7928 695327
927 4737 144767
6334 2507 686172
3255 8362 906364
7546 406 1183505
5213 464 642630
4759 4617 99629
3370 3361 291603
7824 1589 267984
1451 3451 622263
6930 7973 590224
4177 9723 90038
4732 2678 38349
8423 2129 228850
6746 3849 41883
4959 6983 350728
1830 5022 136376
7290 4381 527063
1226 3967 229614
942 9318 288832
2487 8113 300559
4021 8002 1356754
4210 200 1156064
7959 7325 1020885
8862 4010 191801
593 2339 247879
7555 2302 166183
422 8192 685012
5753 1856 277643
4328 6927 613484
4528 442 359755
8028 6302 1546713
2098 8662 616837
6493 3246 292658
3892 9194 128490
7111 1167 139571
3091 3409 402095
6060 3494 975260
903 2892 128583
3812 8929 23478
1545 6161 186910
1666 3700 1573298
981 9241 1094209
1912 1774 518810
6323 5625 364909
2009 2774 84417
9581 6193 359549
31 343 777280
6487 4235 363790
1536 1816 204723
1317 1263 122729
9028 8765 45576
9053 6101 376659
5700 4183 781697
5444 4054 615388
6243 2892 431932
6471 1615 1663432
73 3212 1319775
6851 5764 55643
5929 3584 441321
214 7357 377611
3695 3812 897294
9006 5518 37402
1224 1307 230770
918 7616 73817
7622 5364 830832
7482 8078 459496
304 94 25109
5555 2462 53944
4604 8787 167299
7665 3911 392269
6932 3430 274198
8073 3497 422936
7371 8415 146983
8668 5467 829983
1167 7816 411858
8976 9115 68634
3051 6668 143226
5475 3584 74577
7261 1360 328998
4383 7649 16086
2643 5346 148578
9323 3047 548080
4205 7451 416691
215 7790 387684
3900 7583 120951
5947 1407 207363
5440 7374 287525
7 3810 236142
834 1185 688551
6600 2461 791447
615 5023 138598
2549 8981 693259
1895 6147 583085
4973 1406 147339
7692 9012 450901
733 9776 87144
6304 207 116980
8847 4088 72729
9186 9657 420917
4185 977 373761
9313 3456 110870
8060 4257 301328
8331 1930 208998
2386 8502 287431
4955 7570 319715
1095 1714 186899
8774 3270 42784
2501 8733 1273035
5725 2476 665566
1375 5358 230365
9725 9009 289104
7090 5134 62740
6382 1372 69982
986 7741 116935
7725 6555 343604
6646 30 171763
4766 1454 508085
9413 7571 663821
800 928 298268
6770 163 370213
1809 397 441802
97 2714 191959
9030 4314 1089905
4394 9297 377089
947 5815 487897
323 4839 212164
4195 3893 1331730
985 3894 327676
4261 1359 118782
1622 5000 416177
4632 815 225115
7932 4982 847022
7329 9675 353719
7001 3247 347629
3429 9030 292542
1936 5999 724785
5874 5412 591856
2215 7685 454633
6683 4841 13507
7755 7176 1573123
8271 7662 1728973
2480 5706 73657
6547 46 930063
2308 335 369647
8528 4691 252990
309 3820 359173
8100 8448 32920
8695 6229 695602
2479 9724 198926
3483 8455 453357
7918 7686 437138
9802 2128 1800245
3376 2192 1338933
6906 9501 212963
595 6211 668336
9256 5989 231669
877 8760 294022
9801 6966 116639
5756 107 349753
7611 4272 226733
7067 1943 1014869
3192 9352 239455
1269 500 95747
7277 363 4254
6845 2151 801440
2050 1307 536951
7038 881 894795
9762 6671 393495
8716 90 314521
755 5450 10969
8804 6145 177588
7793 2739 31184
6247 9265 119724
1320 411 213979
917 7520 67110
4519 2350 536692
