148
8547 3834 1342834
4483 4352 1033014
1684 7799 343327
1215 9551 1139032
3327 8641 823749
3379 2575 1240285
9572 6311 218211
2723 5022 56483
6452 5333 752882
7302 6048 1330746
3031 3232 1325134
6372 700 1089068
6249 7038 193753
5875 5121 1194181
9182 3849 337703
3466 4983 87598
4733 1343 593063
4420 1656 701822
5367 954 572743
440 9072 390869
7010 6511 1119160
3913 2568 400872
7665 8261 324731
8170 6063 109011
4606 9847 1431465
7792 5829 464602
9031 4085 26464
3633 654 28826
7547 7126 523699
1040 9712 116307
2109 3296 275859
5005 3281 308170
3035 7726 551262
9036 9131 437156
4830 7721 1222271
7125 2710 861577
7628 9564 427734
5287 8479 2307649
8816 3031 1089415
5927 4923 929301
233 1607 627255
5957 6081 1503421
4856 6641 34241
2885 6309 1801574
6023 3140 1997995
7018 9535 148457
4497 3084 236266
9396 7627 190938
5538 5034 473791
83 9716 1230454
2114 3791 498701
9337 5665 634553
8982 8354 351105
6098 9568 489759
6148 1950 662080
9649 3255 628271
181 4191 510730
1721 728 610458
6617 8641 324338
3006 9768 152980
7164 2452 151114
5527 7520 558021
5184 604 1166321
6670 2835 202461
703 2732 481947
7672 7835 419924
3700 4511 1404016
840 2538 466140
1385 8419 242367
3995 6479 1034255
8669 5966 2149121
1403 3915 116111
2723 8683 22660
5271 4557 21941
116 7278 1194383
8285 6738 734351
2956 241 290868
2187 4234 547213
4365 5716 2936499
261 861 859439
99 8347 273758
192 540 65785
6814 5234 1280414
4288 8358 405747
4802 6454 99411
3245 7578 151471
7087 3486 2243234
5988 5390 825933
6844 2072 29206
3008 2457 401355
5892 3293 1837754
8089 1348 308352
8907 8725 1768879
517 9672 407941
4572 698 1437028
631 464 901786
989 1051 2199198
8136 1732 342042
1600 4682 1677716
1686 1474 245142
6641 8515 273890
4937 1038 135337
1157 5547 680876
4192 7001 401670
3748 2325 112847
2650 9816 698096
853 3069 1493322
389 5487 115377
9403 8040 593227
419 3505 1289043
8716 3341 369033
3331 946 153685
3631 9186 286487
3759 2667 765790
6989 4685 712589
7730 7335 141837
3029 5897 569339
9234 546 179397
5875 6971 1232472
9827 411 420250
4161 3460 753589
8148 138 582926
2601 8660 21280
7421 784 46056
6604 233 597440
9203 4655 248964
9147 5628 322682
7838 4326 17105
4981 7376 3087563
1419 671 364686
7988 5153 1215417
1870 7694 153816
8784 3276 136959
6870 4536 253794
1803 541 570933
2442 9848 1583252
5711 980 192251
718 966 370749
5159 4157 1166255
1079 2903 393343
2365 5854 359
505 5761 411446
5057 9647 857694
5898 1708 584052
3425 1855 586321
9268 4581 1337948
1896 9996 560003
4454 955 227854
