238
8036 4495 82460
4704 4229 85665
3702 8157 990688
2937 1089 232816
3184 3334 89110
4349 1961 127306
475 8000 412783
7040 4736 597148
7492 2559 728414
8015 773 585716
4349 3152 216411
4682 8000 724635
4721 2490 191685
634 2749 43468
7151 2071 349179
5592 9912 239917
1035 3652 163110
215 9588 550046
4125 9141 345984
6459 1446 449641
1632 8580 690265
9998 57 440874
5905 4375 396593
6373 5582 259560
5040 4778 826242
7177 4209 35717
2337 8359 262137
6309 3905 583260
3434 5210 97414
9130 9187 184928
1088 1062 224239
2480 6750 207851
4726 8916 120544
5173 9745 1010816
9788 2449 298573
9007 4144 39344
9155 5972 265133
253 1125 631968
5459 5430 17289
5415 3010 163658
7371 2375 391606
6346 8717 295329
3793 6671 563447
3912 293 296108
9444 4659 395635
4013 9351 689558
5708 4209 28503
5094 1242 525109
6280 8886 636035
3894 9686 149421
5769 9699 512027
6532 4496 1552075
9391 4311 507507
2272 804 448276
4666 8580 170377
2564 4577 13081
7327 8469 41816
2616 751 368414
6450 6713 434840
2935 3493 1508319
4516 3227 343063
483 6739 655371
8981 6970 33268
815 8979 34914
6461 8708 38640
7409 195 80037
8316 1631 903913
4949 4346 325370
5401 6080 224622
2993 598 711831
9601 9267 793446
7737 325 521083
7065 30 472169
2986 7815 389814
2306 6513 403018
1679 74 1092263
1986 3413 123520
2722 8176 384797
4825 6427 50571
639 9923 158948
8468 8515 366835
6021 2531 771110
9568 3748 1227730
6993 8996 1300616
5618 2818 114636
4345 8233 339863
3587 4730 632522
453 4897 13864
7986 5430 147219
7776 8609 921883
6767 1741 96639
819 2296 569156
4813 6539 275847
7425 3952 141010
6953 8530 516612
9233 1271 29379
6504 2667 469349
7496 4569 1131351
6001 2753 700935
3796 8773 814961
2983 5459 204018
7799 846 301324
9051 4346 195369
9036 9847 329370
1693 3120 526605
7799 713 611709
1337 7045 290874
2376 4097 64227
2647 6847 62009
9060 3102 824852
3246 80 501912
9267 860 1184244
5041 1682 10225
9549 2675 8680
9607 9930 88834
7137 1233 355731
7790 8979 251701
7737 2578 2221
1948 3706 341063
7563 9125 1886857
2117 2923 20619
4901 1373 310983
4112 2069 349035
1475 1295 397483
421 9092 476118
5831 6200 1494164
5604 8659 568841
6369 3190 729730
4216 2092 151711
3287 7984 270196
8182 4055 57046
7223 9239 105889
3377 8425 395203
4530 9271 72117
6341 9829 238589
173 9419 47659
5259 6214 71838
8734 212 37487
3939 1641 1582164
7835 1999 350879
5374 9819 1745665
113 7424 1069008
9860 145 5945
3775 6733 524658
9457 695 27483
338 6388 221841
5267 8474 1145955
6054 9430 398603
9052 5897 630681
6507 1814 2902255
237 1593 261205
7552 7918 65386
8457 5283 129250
6263 2171 398816
5487 1610 304443
7764 4255 338400
4759 2584 139195
3562 536 70887
5325 4887 589031
2529 4856 590299
6016 8647 656486
7503 704 107070
2443 6605 523704
2679 8613 192212
7885 6694 83077
6664 4808 853825
8537 3949 413173
6701 7168 289255
1032 7572 346870
8065 1965 329827
1563 7398 1716352
2876 6770 382051
1948 9803 553569
4255 3427 786396
6619 629 356606
8541 9029 446201
2358 7818 66679
5132 3677 335234
5707 9807 125420
2907 3758 167046
5480 5971 105436
3025 246 136286
1246 8450 1523629
1251 5354 140836
8541 4677 301161
2593 7338 841012
9635 1012 320495
9692 1400 516003
3162 7022 8690
2964 6416 430891
7876 5120 486518
2871 3372 262092
9104 4196 454814
8000 1974 693404
6986 5991 75073
2727 6376 553847
9027 1238 1267099
924 9410 82591
988 369 237680
3704 3064 442028
2903 9806 195229
4261 291 604585
1691 2885 58286
1531 6711 899666
7843 184 170332
1396 6011 157551
7390 3234 394485
214 9298 82504
1350 6557 108237
9925 8890 691271
4123 9450 376941
9257 174 78595
7600 1476 380176
100 9718 375665
7552 2500 69818
3167 1553 19444
7517 7642 362461
8560 8358 100152
4418 8268 1222514
5701 9311 244981
8225 3506 384401
8084 3702 227495
359 8004 1048455
437 3570 51177
4140 4283 308727
5902 5699 19128
4534 8137 326293
2334 2993 292499
8136 564 424788
2476 5819 136418
3343 8817 671174
6435 3025 135431
5851 1985 421620
1390 1147 1017461
1989 5969 469523
7939 8852 206481
1857 3408 292396
8003 4168 222175
