238
4998 7388 1043958
7388 3935 986296
6103 178 39708
7804 7246 1082562
7272 9135 1073206
7597 9055 33644
9147 9851 55121
6065 8416 25163
2350 3580 131590
6418 698 495254
1172 5691 268865
4549 9419 289608
9923 6210 97265
8579 4330 64946
6417 1122 513431
7827 5681 88411
5642 6104 560140
4898 8707 723864
5070 9221 200420
8775 1040 87815
5035 9234 58875
9745 6523 833319
9475 9447 584058
6844 4475 661738
1236 2029 495757
9929 2077 129345
2970 2142 48804
2361 118 843168
112 1506 1730855
5649 6374 72887
1869 6361 73708
5132 600 23359
5077 4872 68877
6033 8598 365204
687 7073 26293
9172 5954 584834
9949 9590 1077575
1075 6725 12503
9509 3107 407213
6733 1427 178378
4381 9539 20060
9799 9676 232789
7694 7898 425689
3626 7063 246489
8086 3332 1083227
4427 1274 1916316
8508 1237 429378
1106 3482 103593
9007 4465 84139
4851 1838 188520
9424 438 390039
6732 450 247709
3519 8536 59337
5569 4168 123466
8522 5466 26126
628 1027 462864
4049 4103 249099
2067 519 191374
3108 4693 311533
4226 9135 694795
2257 3754 138539
5535 6153 244685
777 9420 315574
9449 3454 514868
3438 3778 168957
8693 8124 698148
9367 624 495520
7479 9290 324181
6682 4920 730153
9819 6278 306610
2333 5796 345311
454 1314 176460
1674 2883 506081
9242 4046 850443
1496 8127 1039810
7637 7998 2110474
4177 2284 124296
7315 7341 78711
5762 9718 263804
6348 6607 13602
7302 7301 199767
8653 798 419854
6436 8016 88748
9272 1196 305383
5783 2656 232404
1404 7156 355451
3593 5823 486953
165 468 258555
8597 4043 21591
7513 4785 531798
915 9011 148103
9308 3742 782328
6286 7828 122939
5790 9731 701510
4113 7251 337159
5257 6451 1681224
2852 5658 109469
7278 4660 459497
4267 3352 521523
4822 6134 1206970
7894 213 121458
2661 5771 1116497
2097 9911 77604
6602 6543 257961
4375 2370 233962
2166 1490 623318
500 908 513590
5400 8749 519341
2230 474 601173
3808 5922 429624
224 5716 1823312
27 3766 367693
3085 9323 113636
9734 8169 28593
5046 7783 2016854
8557 3003 335843
1768 5201 130322
5438 7878 218247
1938 5562 321402
8812 3901 356107
9684 4114 52468
7716 5190 412815
111 4328 204269
3509 310 4042092
5915 5933 559979
6196 9391 2360388
1298 3332 150676
3058 5457 252369
83 422 31660
1508 9248 263839
7262 1294 123854
8793 1729 86915
1336 3156 16358
2474 6201 289761
7808 3780 27644
1698 3927 41309
5630 7902 766910
7663 3886 345365
116 173 423397
8141 2753 40570
1565 2545 468944
3910 2422 74610
3997 1936 703320
2948 6827 453092
6210 4567 25913
7326 3400 67152
7223 5345 834283
5589 9662 1566651
2248 9748 10026
8964 9662 242713
7443 3655 411845
832 629 856502
3593 9879 272944
769 6723 418072
4365 4956 428395
4635 6788 646939
6120 6668 357514
4614 7582 490591
6241 7417 210157
4028 5968 551567
149 4958 52827
2598 4483 854314
3581 50 355611
3448 3548 501696
5539 9535 94550
9700 1988 70853
6041 2922 154850
2184 5187 35337
502 21 190410
7799 9623 256000
119 9445 25960
1871 8619 152704
7665 9610 690035
1853 8782 35778
9289 363 535929
2514 7307 341873
1347 94 904075
1802 2477 117722
3852 2344 109276
3202 2517 288009
345 3847 429516
1598 3219 444359
5030 6623 242470
375 3169 467449
8096 434 115065
5803 3261 395637
7385 4782 427229
1042 765 55735
9626 637 551852
5944 3508 133289
1007 6674 1017470
4277 2185 804268
9405 7166 594944
6716 231 145485
9641 1339 221356
2602 3408 4930
576 3520 309558
6531 8741 107569
4564 6347 335872
6000 1487 644049
4030 2949 227987
1023 694 658770
2073 4390 883154
2547 8434 419385
8824 8697 121740
7059 6950 522389
9915 7335 373955
5622 7389 67683
5619 2912 125072
7194 2027 656573
6867 3254 290722
492 986 1042583
3424 6922 16934
6388 1480 201671
5241 2852 706667
4798 2585 215621
3681 175 605508
4887 8800 868794
5049 5031 507573
957 5216 483431
3981 5068 420332
3238 6126 63877
1670 8489 795487
8036 9429 253824
4979 6562 163680
1721 2029 189218
3805 4804 1573046
7564 5192 380197
3333 2493 172685
6922 9407 361908
2941 4201 447557
6164 8008 34872
5051 1122 186187
1908 4077 5603
6095 8154 73810
2412 818 304781
4300 5243 467101
7339 6691 61295
