238
1605 1056 288899
5696 5912 39769
4107 5941 739403
2123 7125 503
7081 9272 102920
64 6683 64294
1435 8243 164954
8692 4438 573382
5624 8067 169162
4226 3418 40457
9751 1646 182679
3386 2137 609675
8788 4945 109602
2867 7039 119861
1065 1464 408774
112 2336 218008
4633 8535 528085
4154 7584 577244
4514 5575 657662
2935 6445 295126
9111 4178 124011
9252 510 509077
7130 1742 628919
5209 8941 438409
8155 3224 1770420
9413 7400 1596205
2146 7848 537601
8448 3621 133895
3834 5320 594267
5600 9241 1167451
1422 9311 703926
660 9839 202716
8061 5526 182783
1397 4144 264121
8710 130 111786
5616 963 1792587
7153 4368 2506607
9118 4609 681440
594 2141 1541669
4973 3610 513648
8100 4497 113255
6708 1505 1043409
2035 9652 209985
2180 896 457954
7095 6165 898144
8568 580 224574
16 9497 31697
5241 610 45877
7546 5779 56035
5164 4620 251112
9214 1064 11602
3410 9521 555865
4172 5033 229817
5013 3332 752894
6199 7806 641420
4986 7431 183766
3940 9168 430717
4808 4011 505150
1651 9315 31408
9106 5466 372278
4047 8898 634313
2258 2395 399763
3926 2464 481353
7801 1212 133416
8198 3689 21343
1808 8478 53597
3132 4306 372878
474 116 667453
255 3838 45419
3941 346 166812
1360 602 318023
4773 6972 1042832
951 9388 467769
5189 1973 453210
3527 1266 75992
8685 5716 75745
6636 8788 856882
3024 8833 540048
2671 5626 496105
5360 1362 165706
6803 5496 191842
7967 4048 341451
5132 5425 54734
3070 1503 447811
4945 7044 810446
5081 3174 535594
8836 4639 728462
5887 2140 534279
3216 6445 1226276
9525 489 34698
6847 5991 147841
145 7471 266649
6565 9143 497489
3560 4889 8738
563 7360 367830
6932 7526 454032
4366 8492 86066
2742 5854 362254
2564 8721 36285
2867 691 1359336
9583 967 189127
6236 2434 412565
877 653 223509
5308 2748 43448
7874 2861 1535734
3683 2756 573531
7041 7477 580331
5287 8750 209369
5291 5668 668578
9890 1277 135332
387 6961 1119282
1129 701 38169
192 3683 195751
3260 7034 337662
2263 6975 605571
5920 1367 167438
5781 7677 382120
3768 7891 825820
5496 6482 45021
4728 443 593391
1708 5742 458311
2861 7797 275447
9992 5323 18784
5781 193 746364
9972 2866 238659
5734 595 468488
7154 5257 191009
3468 395 93860
7968 1065 119331
9047 5304 517699
8779 2162 244391
5788 5904 1003005
3082 4709 463380
5457 8244 267345
7824 9111 49726
7715 2840 53528
4088 9937 147991
8357 5165 935470
3604 5906 342095
3373 3769 41670
6142 9617 343660
4654 6008 407731
4013 8322 237663
9042 2849 207466
6666 9396 297539
7840 1880 426946
3211 1676 584447
6687 2651 190039
1478 2178 661078
2996 984 91212
2137 7895 1346630
9293 2311 240480
7519 9293 139593
9439 1621 82807
7104 9369 121108
724 1156 1031201
139 223 108641
2623 6902 361718
6920 6136 120798
3919 9052 177594
5849 8161 1231
5668 6274 174079
2958 3729 712945
7666 3837 23377
5246 6564 529647
1528 5007 40792
9340 6907 458475
7122 5217 1053223
3775 3474 8074
3282 1896 158624
8476 742 611879
67 9417 689815
8154 4852 886120
8430 1367 218097
6180 5871 46746
111 1760 871612
6596 6431 1141654
7643 5837 558537
4172 649 561676
8966 2879 248582
8819 3021 68934
2250 3823 994455
3271 2070 321731
853 9395 1499983
7254 1410 610184
9343 1459 139772
1249 1129 3825
2517 2523 123431
6441 2099 388598
9543 656 174186
2424 3234 1934848
9360 5080 42744
8498 2659 918575
3217 9700 621750
4247 4328 44428
6281 5522 83028
8121 8988 920627
5244 9323 341449
8128 1473 77290
4277 4662 24077
5341 4919 274139
3120 4350 56800
6921 2910 430345
3579 2398 313136
470 4958 439844
8700 9895 380048
9331 7343 1654107
8446 1104 292875
8444 6198 216659
6293 457 143607
3360 3511 312422
1666 3304 241448
2379 3797 71482
85 5662 215684
8868 3335 753933
1387 2222 565419
7241 3378 80990
6931 206 460596
1578 1307 27659
4661 3020 211972
9137 1018 725939
6992 9352 178007
2827 442 296245
5732 5796 22760
4488 2082 414036
5108 4334 60634
4575 6529 379938
4785 8868 133993
9760 4015 413630
4342 2268 1236776
9595 5634 859193
5524 9274 38440
5948 670 541212
5607 9109 198754
7074 9909 276121
6359 5158 376703
5056 148 732077
7161 7201 6896
