238
2692 4604 232050
4274 9950 500877
9910 6824 394816
5703 9181 216639
5900 9523 540472
9249 1767 377096
6409 3309 255186
3097 6541 244465
5047 4425 9589
6137 9562 499843
1723 5910 32878
3501 7246 27822
7262 2138 1302402
2668 7201 656142
1621 5732 373092
9316 4516 44664
7243 3843 317521
8666 8454 257896
7383 489 116436
5280 9791 980253
8128 7600 1073023
9815 9905 599891
2558 767 1914940
7319 9509 511555
1607 3411 278196
5431 3258 38412
4663 6252 41408
7274 740 84025
4108 7698 1886218
3556 3955 25593
3466 9180 1162578
636 5526 1212048
2242 5372 885815
2178 2388 110125
7183 53 171528
7773 4795 523480
6748 3710 479573
2493 1916 214574
7144 3533 79941
1395 3681 346999
306 6834 75625
726 3718 20728
4268 919 294987
6617 6572 1086094
5542 6481 1184319
1259 1157 451372
4797 1603 238909
1552 4273 25606
1786 5820 76069
5941 3733 589599
3701 2645 15628
2123 3411 413522
5334 3410 519412
5293 7918 278409
8240 4375 121968
4397 3033 419936
4304 3624 555454
6811 1266 51407
8464 3924 302857
3343 6499 252730
9345 3222 409229
9508 1609 26923
5976 1998 2047938
8359 5877 1462529
9804 403 1523429
8200 9439 594846
3965 9947 620639
1715 2415 310898
2599 8903 300029
5715 7854 424218
6581 6129 96955
6806 8536 69900
5771 9961 111301
2820 9660 774724
3703 1144 1216145
2153 5381 121552
9451 7019 916930
2372 7354 1110756
9934 8889 226382
3396 2986 167655
4891 3546 114289
7983 1405 113155
3679 9527 252210
657 6722 84914
5315 3160 134861
9187 6916 45515
949 33 160564
6792 8852 290129
6510 3648 859029
5914 813 56585
3611 6059 504979
255 8430 301925
7548 4631 51995
2151 8557 16255
366 2958 425080
4829 114 590402
7060 3339 153441
9717 8544 481413
5992 8678 1319389
9013 7799 131475
6496 749 429154
500 3223 170640
1680 3158 108138
3538 4354 67424
6743 3590 859480
6703 9015 451332
6882 8788 318908
9781 8222 1251943
3915 5220 718703
2535 8834 371937
6046 109 101660
9905 9223 285107
892 1615 133827
2793 9198 42497
9585 8443 294083
3762 2080 46785
6102 2616 61322
3823 2583 126631
5877 9001 391383
4717 2274 55654
8613 1481 28681
1286 3086 109458
7683 7218 171104
2309 3556 538589
8143 7464 837703
1655 4658 724265
8652 1734 319069
4304 8297 81473
4757 8520 330935
9157 3228 402176
9695 3997 448957
9119 6934 183286
5480 7680 530970
3398 442 48519
5166 37 991123
7280 9908 435220
147 1840 1683412
8782 6501 657804
959 8078 21437
5677 9049 401593
2206 5377 256373
9146 4527 267539
875 3553 111695
8467 9644 219591
3791 5176 72731
9999 9594 746616
9091 1972 14313
7218 5235 96810
1883 8092 238556
9034 7996 261084
1625 7187 93949
8797 9268 79620
7239 7105 412620
714 5093 77869
9896 2246 1108619
7328 1705 570590
6653 3469 2381991
9528 6706 148443
4070 6466 271012
8893 5286 76584
6260 8157 715902
8619 9630 155064
7036 1775 213152
8862 4538 449533
438 6406 930984
4335 826 139344
1187 4628 56438
9679 2564 529130
8076 1098 407957
8102 5852 190646
3571 5356 984543
6548 9559 6365
4399 5807 51403
3369 7186 308068
6421 8941 455567
2446 4059 291473
3834 9493 374101
6078 5495 250663
5539 6252 3501
4480 7837 150505
4625 8605 146103
8928 7167 103270
1643 1431 1014796
5792 1163 646859
2656 6093 64471
8232 9508 251448
2088 8248 18872
8075 9673 292466
3332 1143 24842
7064 9624 660321
8945 2719 218383
9176 7369 284390
8600 8130 24175
1453 5138 819975
5879 994 941707
1960 6723 39512
2672 4067 238647
5279 3083 456050
4261 4242 152362
8980 8540 248403
3707 4936 203325
598 7332 662581
8958 735 1170788
2008 4688 185258
9523 1511 40368
2047 2649 554268
2095 2543 535014
4567 8344 262201
7815 3392 109211
7537 8974 1985007
8545 2383 363579
4473 21 686631
4432 6326 160941
7156 6154 970468
4183 5685 387644
8316 4039 522958
6671 8969 737027
3372 7050 364174
7469 4520 461601
6679 6813 290811
2303 7405 1660744
4349 2804 658770
5715 8763 2369
9221 9972 662713
9723 6434 502562
5565 9384 254187
7801 1137 210538
1397 9451 322745
2508 3119 393035
6143 729 1854719
9124 539 239567
974 8214 319647
9169 5687 84056
6919 9748 606868
823 7425 24798
9584 27 399530
9199 1205 373822
7882 7341 109822
