237
2546 5742 73915
9444 6868 824386
1647 189 340977
9499 5941 647821
1188 1671 395449
3656 6487 584462
8940 1316 219482
3321 1322 336191
3999 2457 287224
6214 9798 1464030
9130 4748 752239
76 8143 395935
885 2381 66016
2325 8355 48930
482 9515 53587
6160 3022 486670
4246 7435 26799
2535 7340 223363
503 2156 340257
8632 1387 593349
9311 3986 161991
4626 2531 1355069
8919 5885 817622
2538 7540 207493
5576 4322 826595
8196 3257 1492926
3203 6156 668026
8178 4892 475866
7886 3927 71138
8519 6339 43532
7542 4447 857842
7551 6106 1901938
8897 2979 162003
7218 3958 80730
8619 6230 1385517
7468 1122 311906
2763 1734 834231
5384 1265 503760
3057 728 1189714
4607 2028 82619
6039 7748 157842
9351 9092 93617
5798 9452 1024319
3468 3632 870700
5767 6647 747483
1644 7925 32850
1023 2036 1152071
3049 2189 104042
4851 1930 505907
333 5392 199443
7342 9290 313651
6301 197 40629
8234 3530 324468
1437 1273 299494
8579 9802 1156206
224 8238 171113
4497 2182 128305
9705 4182 72363
6682 7891 435523
2872 8262 166524
2463 2621 255643
6583 242 7448
522 4188 408387
1959 3057 958174
2870 3066 42822
2940 3120 177612
1959 171 328901
5695 5702 97058
9913 4271 1861860
6461 3363 31954
1289 6757 125838
2117 1348 76488
5951 9769 115864
8855 1101 283352
8735 1840 20027
8801 7979 1298493
931 4178 151533
3122 5741 452753
7287 6429 589216
9972 2862 337555
3658 2400 890498
6642 4067 36171
2230 3694 217133
8335 5099 277147
4877 2190 443542
2766 1992 71148
4782 2974 282767
8650 1608 14915
2083 8706 774052
6961 5629 98388
9710 3241 26681
7342 4709 122576
2757 3787 360271
4956 1066 232676
112 3705 282986
2507 1015 153383
8548 2357 921593
6671 2518 1298997
4738 9636 136027
7155 3780 77970
3217 2279 379756
9118 1734 1930485
4641 9146 532063
4745 5234 123607
8006 4540 148476
6543 202 357505
1566 163 207858
1253 4750 82407
1389 9599 614016
8188 7064 2012230
7264 550 722777
1223 2323 24820
2928 5510 602153
4743 1467 367158
8736 8179 700372
8205 7094 109108
7759 1130 2192510
3588 6384 108505
9972 58 1063302
8474 4891 198684
7952 6975 316618
593 7038 40486
7125 263 953772
86 7472 183235
302 7024 176601
8421 3862 944625
6259 9367 46278
2274 5378 61071
3205 4678 354861
2933 7177 319075
6231 8068 1031361
7273 4310 916812
2183 5144 109403
8251 2159 833932
2536 3512 1106322
8344 655 522259
1446 206 497985
7099 1600 296736
9436 7632 160010
528 9474 44774
9162 1667 23851
7947 8408 84317
4574 9497 143902
6372 9346 340512
4271 9750 156359
3548 999 530543
87 6196 204361
4207 7014 903778
1916 853 33950
1914 6935 129986
5863 4998 211522
9596 8893 399624
581 2032 246239
5693 4417 711896
4983 8615 73603
9444 5614 1218089
6176 7605 605736
9694 1073 218653
8201 4208 144941
7168 8308 548784
9791 7992 85340
8344 9885 362889
544 885 38444
2393 4888 158560
2807 8103 61761
6480 1874 873962
6809 6209 277042
2364 4934 422675
5715 6411 678453
3119 3640 63347
7961 67 230981
6517 5067 1293431
5079 3328 1955507
6220 8831 231235
3548 6946 256402
764 7424 71222
5757 3769 576234
7798 7207 344614
4139 6753 235580
8688 6179 274203
8518 3698 647509
5923 6511 343976
8616 892 21081
6226 2504 204165
4382 6575 1107608
4966 9507 141748
2528 1371 81930
3786 5331 427418
6667 8946 457553
7522 3755 16036
7624 6364 122217
8485 8094 23102
4350 2877 123487
1534 3491 531972
2132 3744 579535
3316 7920 3297
8349 1714 207499
6373 4610 289307
1856 3448 77766
6584 7067 200669
7345 3718 383659
9285 4230 337784
5618 8555 148319
1807 881 1017
6011 793 739581
9124 8282 37523
7903 2934 1846272
7140 8611 205010
9694 2656 179260
337 1606 176304
6020 4674 152727
6805 8679 71920
1666 4315 992181
8067 4933 16097
8151 3297 543532
9795 256 96812
9976 1044 445623
6903 9722 669019
5148 5338 99238
8936 2186 789947
4475 5493 215721
7014 3077 239577
9683 5271 868759
86 8003 229335
9580 2425 719747
4948 6381 1109919
8069 5487 122059
303 4210 47807
8781 5540 481592
1082 2092 334706
5477 8049 8405
1631 4584 94716
9772 1995 189451
6671 2755 347903
6435 978 485573
5686 9173 56125
1370 2494 164320
