237
3403 8567 508052
5052 4452 496378
5593 4117 2107245
5075 9404 368879
8953 8223 694772
1806 1815 815058
4487 3688 66805
1447 3275 1193887
8476 3090 995773
5994 2242 240578
9649 6250 506816
8816 3075 72938
8392 5994 619468
6195 5652 97985
7813 7961 164244
6152 9635 1193707
1497 5391 244114
6369 3907 117873
7420 1285 56693
775 207 525659
4364 6074 798482
9506 2221 286587
4528 3088 566651
7291 4786 661726
6007 2795 1349931
7234 2975 2134337
7288 548 499380
5014 533 471481
1163 8720 122170
5388 8607 102076
3735 8847 500893
5095 3464 302837
8301 2426 270438
9272 773 176258
6703 2168 48852
2001 3542 289371
3525 2514 126084
5986 761 24666
7328 9904 1818088
3389 7886 136792
4099 5549 174243
3088 2108 444224
8211 8475 438562
5051 3523 2407812
963 5343 167434
6740 4632 288267
1575 70 862983
9521 6842 1407708
9003 6952 180698
8572 869 59765
2474 4544 7669
9793 4476 600154
7160 3555 564520
8833 871 440371
2287 3318 504202
9431 2389 43689
2217 8968 192429
5460 9640 192420
8171 6539 167542
4926 4367 35216
7578 572 715939
4936 5069 104352
425 2073 197199
8618 5693 134910
3374 3082 220300
1971 2459 643668
5996 6247 172282
9162 3747 45893
2539 1582 337985
951 2018 427628
4085 5880 77754
2169 3124 23085
5511 8841 662678
5772 8239 269873
1151 6460 1117576
612 4739 181083
5501 1299 115309
7254 3233 1472459
488 2323 68391
1801 8580 173556
6752 2080 183199
1899 9026 254115
6000 3842 107461
5985 4046 173115
7579 4153 461389
5859 2706 45039
714 7833 226452
6094 8588 410422
9487 3473 114275
6289 3639 781196
8432 6333 233080
1603 8807 934845
5704 8986 625548
7761 7350 1122461
6467 8903 10539
6068 3625 8359
4848 768 406500
2875 6225 551509
5867 4280 1047078
4275 6122 585490
9774 6270 422922
1346 7870 517951
8775 1510 762729
6401 5347 232805
2740 3245 646520
4878 3977 225905
9595 6009 76632
5652 291 735549
3095 5734 311354
5912 8301 310115
5494 6916 566885
5234 4429 496850
8433 7941 8949
2272 7 112125
6695 5828 532939
6234 6691 743246
8335 8788 278370
2959 6494 452886
5035 7389 51456
4699 2699 1023480
7807 8779 47824
9795 7977 377663
2019 2466 725928
9324 6567 417804
1425 3094 25132
8175 9812 176042
1165 8874 1156768
9548 4126 150422
9158 6165 556199
4697 4727 90287
6703 3152 530579
6844 1152 657710
8284 32 79314
4067 8638 179374
2112 6478 42908
3664 4347 1170088
4961 3027 123610
206 7068 819689
338 2742 197533
7733 7951 31527
7387 281 377196
3765 7760 807467
9482 3178 712899
4978 8779 109907
3453 8542 112635
5027 156 521701
5144 1327 855784
2512 1487 629325
3145 2794 87814
4178 865 475876
4372 3939 784150
6094 164 856330
1028 5121 233585
2460 5858 783799
9476 1613 31259
4692 712 363614
557 6078 171451
5051 6418 16518
2386 7995 50016
9466 4277 55261
395 5164 11856
2350 8267 17860
2106 974 25575
5464 1003 33780
9468 4839 552401
3012 2248 52492
2115 5294 199019
8684 6279 224984
6372 791 158056
1138 95 84576
3900 1287 92705
8833 1955 101538
3684 1917 662726
9349 9742 214753
2751 6576 196957
1111 3041 121096
8514 9828 104237
411 1450 553094
4058 2286 125957
9940 3374 1019102
8742 448 774732
6425 7628 708864
862 4998 1052401
6552 7570 399826
4883 436 75741
5262 7303 572772
3450 4708 47070
3702 4990 3030
540 2590 583985
3538 7055 182600
5086 8495 654139
8432 6560 443351
1849 2694 900735
2127 5249 1161344
3533 4893 35368
7930 8740 59795
7402 115 221568
731 3770 157332
9451 9883 510178
3475 5243 829621
6902 5905 481062
218 2295 101319
1163 893 162334
9044 4 357120
9897 3916 1403814
3947 815 241005
6962 9057 867605
2712 8018 660254
6299 9854 91636
7887 6691 1771598
2261 8796 182171
427 2208 471398
2714 6426 229695
8915 501 471428
7558 6580 243128
7665 5589 369132
2027 566 298517
6227 5253 1222266
7074 1473 141442
1614 7598 430499
9809 916 387693
1087 7129 373020
8365 7097 448616
1533 8333 355584
2208 9040 320154
3895 7355 167164
5609 8137 170906
9783 5813 187606
4201 8142 817638
5615 2379 283269
9678 4680 66899
3450 1694 524096
9270 7847 452124
1120 8375 329968
1989 7244 71605
3598 7141 328932
8660 5207 89507
