237
9495 5656 94141
9853 3820 330119
1937 5381 801962
4215 7774 119951
1738 4188 383711
2864 1032 289113
7193 1937 347879
2117 4753 184453
3804 3614 277951
7971 2926 755134
6283 6135 618884
8674 2253 734551
4378 9023 207253
293 1330 234945
916 9583 442820
4925 1800 295621
229 3751 3304011
4855 6539 91417
215 7178 1318224
4507 204 23923
338 354 175034
6328 9247 1919569
4626 7999 265588
1845 2936 148304
8580 6159 483766
286 258 1384736
9035 4545 669965
9459 8317 147453
2042 8617 69248
8627 5332 361880
1648 939 2238410
9310 5314 463174
6001 483 406019
3074 5901 27241
1258 9262 38602
5146 8343 279204
484 1024 1173903
5494 2737 193871
3404 7084 394233
2885 3991 36093
2041 5636 654054
7820 7325 283868
8873 7741 381908
9463 6402 78816
4950 220 292901
9436 6549 546493
8750 7326 586663
1573 8190 359549
2785 1079 324368
2451 2020 301785
7189 605 887881
6878 7678 793633
4529 6463 1300083
4328 8065 17274
9762 233 89916
7101 1868 213307
6340 5505 1116771
6485 3419 81950
960 7234 120055
8196 9386 2046946
8478 5232 285606
241 90 158560
7241 817 19716
9272 3460 573629
7831 4604 450791
9799 7554 162107
937 8681 26830
1855 7434 742890
3570 4262 26882
4978 9269 37802
8437 713 114476
6116 8923 185698
16 927 123862
2606 4943 35579
8805 7072 95305
8917 4755 556802
8790 8586 314861
3460 5380 755841
7702 7313 104199
3220 1323 387611
4 523 289640
4144 3122 188901
6872 6169 14696
283 6570 42320
9933 2969 514854
6316 5070 47253
2304 4412 227407
2234 8518 426215
2418 360 1010
8869 9959 915337
9679 1877 561292
3958 1582 124365
6516 4613 372295
3371 8704 3021550
1360 4326 1386920
9001 8596 368516
601 538 1226494
7090 8165 406287
9449 2023 124534
9287 6972 51808
5831 525 288306
6154 1527 239774
3103 3770 1622197
4454 8349 501618
5145 3435 188975
6796 7393 267098
442 3070 121756
6792 9274 3744
5083 109 54135
1395 7234 151220
162 1712 158153
1206 3065 590297
3195 8896 264322
7221 6780 149416
314 4604 215105
787 1795 530720
3982 105 582137
7038 5979 247658
811 5544 177396
2447 4137 224000
3452 1022 382885
3539 6433 208443
6672 9928 404058
2724 3731 140288
7761 6926 673642
1321 1106 350276
158 5685 2214
2921 8239 500064
9798 1081 2546891
4949 5108 216588
7527 3725 275464
2020 5043 422230
6544 2028 87946
9183 3297 40812
4209 5958 415861
7706 2120 90246
4019 5291 592851
2994 8649 302811
5999 6726 392369
7248 3318 379462
1028 6423 515200
421 7894 329305
3609 7811 72765
6166 6221 125107
8148 651 310596
2926 2344 156273
4928 7436 432586
6052 7931 30691
5890 1183 885700
1161 4682 204146
7410 5428 523952
6868 6805 188063
6286 6973 52150
7970 3469 486136
1260 4358 571716
8724 7549 110302
3761 9275 300039
3438 853 289560
4004 2569 155372
8495 7499 123037
2648 8997 291773
7381 8716 98968
1114 2197 417304
6300 3147 554641
3474 4413 11070
7222 3236 707734
9545 2287 11263
9701 9242 317938
1650 5167 463313
3604 4054 929373
8122 2784 603008
7932 696 1235840
1368 9509 98137
4745 8327 242341
1219 3753 636128
8036 6576 92894
3122 8282 402269
7800 3645 775146
4742 1275 1257478
2628 5653 86687
2013 56 46409
1225 1410 371770
4779 2006 175579
7544 7089 328395
8993 1096 379661
256 2586 123288
1609 9384 309118
9928 4833 317394
8228 2727 447166
2985 9429 461147
785 6892 167462
3094 78 268902
5027 1386 212345
1742 4413 262248
2439 6753 895980
4298 905 194745
2223 9582 138173
8980 4627 64429
430 3804 134246
635 5291 369268
8544 6553 822591
6575 5648 343372
3758 9069 238758
2634 4773 65633
9754 1012 306257
6731 9767 6956
1716 1920 181047
8476 3035 11307
4837 2741 558289
5942 20 324663
792 6485 386294
3371 2856 2009
3901 7003 125598
4384 6040 795437
3207 1670 187638
4424 3610 246536
7542 7389 122596
5015 5672 939713
3530 2621 691059
8252 9300 812167
1328 7495 692257
5498 5458 1363847
4074 3544 620909
8877 7034 595300
8797 9370 524688
321 455 449520
2241 6375 707969
9285 1869 256835
1158 6701 47341
6580 2394 311495
8837 1481 400416
3277 5748 359763
4186 9214 1017352
3221 8185 21489
8391 6828 464466
5435 523 16322
1527 9463 1533639
