236
2064 4136 1356965
943 6906 187877
4686 4770 1082354
5565 159 951395
7531 1778 295682
2198 2504 23843
1267 5397 837143
476 6217 70677
6005 8943 317581
1410 8528 519877
8902 2946 1034662
1010 2189 114083
9425 1379 872669
3231 8940 50656
6033 2758 159231
1222 1227 890258
8602 9535 779629
5608 2548 185017
796 3070 54481
2174 150 25117
3293 1867 184824
4549 3636 483337
464 2538 232841
6866 3699 1122516
2820 3433 146961
351 9608 576575
5246 4205 498850
7158 5948 558246
1099 1971 44660
6403 1944 183920
1103 2252 172694
6488 9493 107269
5237 1027 779245
8849 8651 1310004
2281 9124 118865
777 1762 1039286
706 9708 107813
660 2575 776229
5097 4079 527863
1747 3343 213392
7759 7632 120765
6514 6685 293111
9356 9081 717330
5664 6436 1052716
399 1234 249024
6025 9894 35864
285 9404 132200
850 9277 1164129
6301 4529 1232468
5957 3056 170783
6612 4218 1901765
9748 4301 72144
411 7045 776909
4491 3610 402335
9521 3207 385935
2319 2211 543860
5042 1305 112880
6367 4358 20351
3833 7190 202117
9933 2341 492575
6350 4184 331326
5787 7390 427935
5720 3621 228518
7320 2971 443878
6064 5247 105234
279 9316 20356
8479 4743 359932
9755 4710 30102
5704 6641 52359
9659 9461 407908
2519 6028 1226222
458 5984 553557
6169 309 452940
1115 525 301407
5635 2440 95077
1991 5148 233236
7504 9170 321877
3348 2135 174573
8572 6172 480848
6862 1553 137117
5292 4821 455483
7519 7456 1096184
7034 5744 481333
8008 3059 447482
563 1585 632878
80 6026 170527
3016 5786 768233
6678 9808 115724
7817 9191 359700
3542 8436 146849
8725 7468 1087152
2846 6257 143012
6606 2999 586337
9825 1853 259712
5408 9758 527607
4319 2357 244388
5354 3984 876650
5047 3500 295691
8166 2786 145552
9412 4984 1170282
6093 3801 239401
1744 6331 1606003
4924 2123 843200
8728 3400 891560
785 9598 9008
4447 6124 281504
9883 2392 652351
2403 8790 246897
7056 3463 309869
339 1247 205706
9501 8591 176805
8111 3494 1096016
2202 9690 446922
1270 2895 727980
6823 4173 335016
961 236 189224
7354 2542 965347
1997 1517 762032
5220 9631 157424
9535 2922 651082
9388 2672 83168
4716 286 333748
9205 5007 178726
4236 9407 659070
8941 3893 21020
7585 1956 315294
2742 9277 391369
9912 5291 28655
6028 2903 321084
218 2226 284251
8998 6976 198331
2849 5388 685684
8627 2362 218309
3521 9625 113163
8673 6392 627536
8375 3150 328820
5174 8105 804526
5756 1649 324421
7051 2629 541351
2125 6526 214376
9916 2626 157912
9815 9684 268937
2905 3618 420033
3636 2781 370688
8652 5998 149856
114 4868 525446
9427 8661 16581
2375 1298 660276
7376 779 102543
5883 4694 952171
4598 1849 32230
9442 2859 48501
4963 1602 188387
1662 4078 756152
1586 5902 146996
5216 6577 149992
2950 7842 749861
6681 3030 253988
2382 2764 174009
8242 4005 49097
4568 5008 86487
9097 2393 277205
7504 930 84441
6767 2594 42896
9644 466 15872
7689 370 374921
8342 8283 182348
6474 2921 99575
6004 9656 236127
3674 7296 203743
8782 2223 394955
7872 6684 1068347
6749 2383 712049
994 3298 451897
3183 5761 141469
6213 1236 248832
5126 8353 11934
4617 8843 282793
9177 7684 243130
4571 3156 212211
778 2747 268062
3035 4507 1130467
2321 8386 1003507
2558 4552 1014319
8691 7331 376504
8037 4541 79320
8764 3708 867844
9681 8993 125299
2625 5805 468790
7763 4592 73747
7608 6487 431226
5088 4596 12077
5317 4798 158070
8550 8481 304507
6548 9399 356185
9532 7903 575077
4790 585 1428086
9153 3468 60967
7533 5179 191300
8708 5387 242536
9588 1022 451046
4332 9141 734852
4680 5734 705508
4007 5505 196079
9663 2752 883028
7775 372 207966
4925 9315 673635
5985 2966 52184
4067 4608 351303
2620 9570 673446
828 253 537398
5775 9689 146402
2913 812 253317
779 619 173404
6713 589 320173
8749 627 831392
708 8516 62121
523 5980 301860
7997 7069 1260541
9553 1708 832733
772 9088 402483
9682 4356 628281
4142 3049 84267
5073 2387 456257
1835 1653 441151
9279 3318 165896
9794 5130 391235
1840 1944 1051020
2121 7557 1211493
4449 2164 140861
3205 4982 521931
3983 3350 171090
3421 3567 5239
8726 6538 748274
1240 6377 115699
2382 7555 168382
