236
1647 9580 807246
2289 2595 588402
6131 3546 653674
9786 9140 510248
5478 3858 776396
4026 5163 168786
9143 2516 29570
8200 7232 512067
2979 2824 633574
4076 6061 411842
2461 731 87763
6927 3120 516311
8035 8455 25277
9391 7788 692163
5155 3727 27225
2430 6062 449115
749 8585 147172
692 927 191397
9493 6284 209500
3778 7401 208256
2280 3910 1220631
1455 3518 27086
3462 7168 227139
5831 3622 1041102
8822 2509 85077
5473 9526 327867
6777 7224 346171
779 1082 437275
2646 7241 81421
1754 2513 230565
5809 8688 502246
5728 3830 482386
7756 5298 1669007
5354 3069 212185
8563 2753 72558
8572 5017 648214
9725 7876 62055
2762 2268 263022
2261 3435 131505
8153 5577 284064
1503 433 691831
654 4047 3354
5333 9179 803113
9851 9160 1488811
8349 5496 236909
7685 7816 656970
2091 2463 1068836
5859 2786 41587
4976 1249 102354
663 7583 352913
2937 6527 512690
786 9294 299212
3885 4646 96525
8944 9052 497993
3946 7885 903472
1330 3430 190786
555 6178 1441546
3668 104 1329833
6112 514 209890
2835 596 676142
592 5081 679764
2236 2896 80365
9740 8870 172324
3179 162 32311
3750 8380 60927
3915 1170 465503
4746 8351 15021
7657 6908 579557
8053 2978 194595
2287 9742 426970
7006 8314 447785
2302 3302 4637
3421 8935 905444
9990 7741 456598
8500 3378 181360
9823 8357 63157
8120 4586 376263
1211 29 819673
190 3209 59991
7213 8689 1982224
3083 3989 743515
3488 3692 445222
5304 4901 266098
2846 2836 585504
2972 5294 75161
3271 5 52984
7789 9222 421995
3243 6191 143936
5117 3856 1722974
5432 6799 362253
1446 6894 294819
5480 4464 302790
5328 2784 479865
135 1017 511355
1386 1459 120304
5155 5173 1355367
9667 8503 226790
8295 6307 319289
5302 8536 525644
7751 6025 428299
3353 290 382219
1980 1566 176017
8081 1303 67822
5653 5971 338192
1118 5075 341703
7673 5876 390975
1351 2332 115934
2500 4643 24578
6415 8284 284091
9896 8023 411477
2939 7320 147917
8447 957 230936
7514 7010 509843
8887 4913 828867
1420 2829 417703
8220 4043 1411051
9122 1571 499212
7138 8425 429602
918 1337 204231
7451 2972 220597
7800 3656 538252
9716 4325 565720
1374 7857 235680
3059 4901 143511
2932 1604 397623
4023 6922 237578
8595 8300 449044
9318 7068 598141
2682 1576 56576
6118 5358 208714
1232 4163 528223
4165 4965 12409
3146 8990 101390
3416 5666 89129
8616 3333 698329
17 2356 157063
7793 4966 559208
2761 4131 467239
1780 2802 1336221
2452 2208 93438
6779 1844 46557
9748 4372 599757
9726 2306 293407
7023 9059 345949
9602 8838 172985
2590 2431 23904
8997 7394 118393
2060 1202 190333
625 7753 217055
507 7931 801354
8829 5751 968
4159 6146 568309
2940 928 1254852
4474 4664 423955
6204 9792 556037
2596 647 138627
5447 460 71141
1698 8577 548670
8452 9031 178691
8403 4699 3745
3035 5877 424636
5329 819 447537
9965 5441 372431
3850 1644 54067
7512 7416 400228
413 3404 226553
8078 4035 313584
5303 4445 168356
9293 9499 1492174
5098 6197 126901
7507 4039 432790
8247 8102 131646
8540 7726 330737
5954 7245 319921
1199 5764 268789
6558 7146 566370
9366 611 905614
1522 3452 53590
949 1245 279626
1051 821 115680
3945 4702 643209
2294 4029 233669
3342 6127 229286
6510 1703 404167
2109 7409 268618
6701 7962 1095165
8308 5693 274856
7538 5111 575262
7136 2754 139559
7075 9880 374706
161 2088 365471
4787 8762 9088
3785 3610 222263
5938 6491 974043
8387 3747 472012
1428 3293 3147
185 1854 295532
4920 9651 575976
4193 2931 57422
3256 3609 422555
255 9723 957651
9957 8735 467256
866 5895 167718
4462 7664 140320
4771 8175 736849
4447 6964 282790
3143 3582 1030579
1567 3755 329929
1248 2757 465353
2183 3098 233050
8866 1176 348054
4128 5904 283390
9777 4567 756080
3674 3263 294034
7435 7461 1624636
4817 6059 716344
9179 6782 257474
4169 7860 1232298
5482 7707 256547
4537 1356 779766
1278 3855 517177
8085 8627 445772
6399 9331 73627
7347 3904 408639
9384 9293 619954
7848 5282 310729
8336 7976 22312
8496 183 1596494
2172 3535 113997
599 5257 1693070
3793 664 492322
955 9922 1055
4878 6121 119416
2101 7277 85318
7600 7825 533465
3936 1720 87195
