171
2888 4185 549224
2540 7457 686697
1145 2800 911141
2247 3302 750130
5985 338 584135
4641 8797 870167
1842 7512 59140
5083 5910 435466
9754 9815 121355
3065 4082 121985
6283 52 877398
7128 6005 147268
4298 5940 316598
9487 1555 764316
6258 4212 892772
2274 1832 104174
3870 7176 981539
4651 5538 616153
6996 7147 148768
2232 6909 736979
6547 5371 96744
6797 6526 812525
5837 5213 209857
8570 8915 1910398
7118 5027 29140
2554 413 263787
4578 7952 209454
8309 9015 675837
5934 3662 323313
8718 2666 383251
1159 6377 11483
5079 2308 228736
3454 8259 970008
216 7432 44345
8540 861 761340
1770 4026 222963
4244 4657 189220
8469 5825 1457046
6923 9903 1889480
4461 7881 600812
7473 2108 16460
1720 9478 870603
4217 1107 284054
1921 5427 634536
6497 8069 1078651
3565 1409 678021
3297 4771 605074
2190 692 1337663
6280 137 203233
5940 4609 1090822
2530 7240 27114
9608 5654 985971
9124 4828 79586
5656 319 472474
8804 7266 35952
3507 277 1025234
6795 8842 13427
8728 7168 132910
5255 5730 1074829
4114 8805 314348
71 1560 63006
46 4646 323534
3413 8817 1091971
3246 9806 553911
874 5992 726867
1796 5349 439291
5083 6944 238845
6996 4897 1725709
481 2189 762888
6025 2832 350333
1705 988 277365
3876 8499 1329914
4835 5986 1013577
2761 8329 31950
8766 9986 1945933
2382 7313 581038
8988 6816 10411
4212 4395 777091
51 136 490421
8810 8838 40616
5435 6793 301927
2738 6744 92674
6433 6272 908181
8584 3488 250188
3644 1825 314597
4397 1784 1309945
1401 4715 245630
1475 9434 351873
8010 1293 263718
5675 1882 120239
8497 1914 1087877
3020 3021 2760
586 2144 319253
3305 336 812667
3989 2740 189449
3660 8024 984239
4072 9896 253150
5629 2096 1805639
6226 5729 302642
9408 3525 3920307
9708 3637 107934
9834 6400 15184
5914 9603 479374
1844 1659 1404476
9908 2984 89325
8426 5876 2744214
2651 3396 221635
9611 3970 17472
3779 9466 561981
6440 7213 289230
8224 7573 261948
3589 3255 322737
9312 3113 517782
5326 1138 348415
8804 3510 1010626
7553 8956 463465
7842 2164 418965
305 4624 1583711
1216 5764 424058
8689 3985 106783
4130 2022 9516
5214 1355 373173
3128 889 553176
3324 2915 23362
2569 1044 75432
529 3735 12002
3403 8255 1179189
942 5685 1346978
4563 9501 1595274
4754 7277 11836
2452 8932 261762
7649 4830 29751
1525 7197 781562
685 5786 461764
2877 9665 1136878
1936 9868 1037981
5262 675 473026
4313 8784 393569
2956 3669 1935549
2209 4884 685660
6462 2502 563644
1582 3451 472175
404 903 182664
1654 7506 85256
1501 3778 328891
9300 3976 732933
6684 5287 449588
4748 6565 540691
4733 9171 131690
7390 3787 83404
7538 58 65098
4589 597 22120
8057 9409 1190544
8124 1189 46853
7469 9454 850893
89 1054 285967
7036 8177 217948
7060 5878 87368
1229 2707 81190
855 4952 945337
6003 1735 3460880
797 7667 369653
7628 2779 592671
6849 6050 179118
9404 4764 540417
8885 8835 1376135
8765 7438 420341
2864 8853 21068
2414 6158 695805
8921 7201 290382
7542 994 1384789
