171
3220 5383 70453
8917 2063 98823
4684 8593 718
3972 4671 724581
6886 8141 702268
4810 251 42845
7098 5276 287553
9521 528 350853
4287 4576 498124
7028 9426 347887
6858 9351 213010
5392 918 234918
8971 3452 416926
4933 4544 393694
3473 7316 448152
3387 1438 158636
5513 680 176756
7317 2572 24863
9295 950 117917
1432 3113 1868743
7343 8821 46584
7369 6024 596322
8348 4680 1092113
4909 5162 746854
693 3523 341571
7660 7024 29971
5831 7044 1486444
445 6406 425336
3279 8538 277126
1124 8580 44425
9199 3308 22401
2629 847 781269
8568 1844 601356
9855 2331 688417
7538 9514 1026547
4457 9166 47224
859 519 11207
6826 4986 961087
1425 3918 1465779
9036 8545 26506
4199 7838 576464
879 5742 210996
159 4284 75202
8017 7053 163164
8218 9747 23115
6353 3562 1010060
5579 5139 831136
9698 1458 82302
3023 1936 1103340
2250 7623 1016930
5221 3488 887482
516 9178 429456
9282 9498 1367548
1203 244 165016
2703 2118 1016750
4658 5150 513668
4421 2864 455971
1337 1060 548075
2819 9920 735778
7398 6383 747186
791 861 312245
7709 5566 764566
7759 7747 478395
427 7406 63100
3659 2271 209450
658 6745 375651
2801 4979 150688
7552 6100 898401
2980 1857 1305466
6399 9303 21497
455 6501 1372282
4440 371 64705
3536 5176 593325
2432 4843 1292004
647 1280 519906
4641 7265 1034352
6667 4824 532310
5939 9049 214825
6931 3768 465920
525 4678 165083
3918 1127 357613
4634 1332 1543078
8483 6608 713212
8702 7074 248334
1273 5322 606822
5793 4459 405401
4844 4204 78017
8420 5884 273309
7020 3626 107219
6691 653 2085283
3351 5225 158341
8177 5619 70353
7472 387 1205382
961 3794 139880
7414 788 111737
6802 4835 370130
4012 9212 2629231
1906 854 834194
1714 9732 3655603
2757 6423 49544
3340 1154 442761
8568 9637 125755
7463 8400 30648
9595 6040 337181
8080 7478 36448
1574 1929 1652175
4190 3329 1001752
4960 1326 437812
7749 7155 819267
6421 1771 363479
7809 5264 850859
6135 3312 408716
9868 229 198212
2251 5274 36294
2735 7208 1488657
5220 1035 191692
5679 5517 611702
6008 9330 195358
4124 3016 541564
148 1894 367540
2546 9477 2447600
3819 1265 176403
2021 9778 75203
7834 9583 522082
814 9093 1511302
7834 7980 931216
1673 4578 121863
3132 8194 56384
5633 7407 2143222
9043 9412 21687
5264 3353 1090689
913 829 127889
5238 1850 280685
8254 8772 129122
4905 9056 1093955
7699 3834 317316
8677 7376 1146220
1318 8919 105007
268 8122 75336
9352 1041 472738
8435 8130 414535
8665 4682 334896
3914 7566 301336
4971 3621 201084
6338 1452 110478
2253 55 20571
5841 956 627381
6254 1829 852967
808 2797 61807
7433 308 264290
7960 7142 143247
8032 6429 502712
6451 1619 1778512
5179 293 413454
2972 6642 469968
9120 6271 204145
8515 5514 131321
7719 1185 3360155
6450 6543 387139
4580 7801 523974
708 6658 1503791
1043 6957 47339
797 5013 1099264
1399 6761 1347608
615 7107 2542037
204 2662 1215791
970 7184 289602
5712 3303 529603
7311 2568 8699
4783 5390 33584
8441 6019 962167
