171
8942 5047 336351
18 2933 847086
9926 7490 189773
11 7679 1870264
8683 1091 79291
6529 5291 586839
4051 7738 46321
1188 1363 322111
7196 5386 9559
7558 2327 19000
4608 1236 191082
4482 4675 76637
4169 9835 507887
9875 1114 57883
8826 9410 466964
3266 3361 125168
1565 2680 53965
1915 8425 123245
9161 8568 201975
9150 9819 526708
9084 4578 997981
479 9809 706556
8180 5792 320378
4542 7369 218986
7444 8610 35455
9428 5050 313521
5271 2215 441825
6272 3442 514930
2094 2864 83286
347 8322 651666
5937 3826 1565449
4318 2667 16760
4282 4192 218183
5460 5235 278277
1700 3433 87842
7447 3780 734939
256 6293 1373244
8673 4095 115547
4491 9615 365354
7661 2345 182596
1990 7905 555040
8710 8783 301146
8290 2808 617057
119 543 1542395
8617 2838 177733
4004 9967 512368
8303 5418 1251978
7857 4071 113792
8953 2854 825447
2004 5005 84267
975 8438 645710
3440 4574 285937
4918 4023 1985287
8531 7437 1200806
2251 7493 2389632
5396 7823 282686
9919 3962 1611826
2158 1020 862424
3639 4804 1132020
5339 4574 1241650
226 6901 354935
3834 9663 469078
8642 3359 1959811
9151 1885 498770
5913 841 491565
6787 8419 132599
848 1239 255090
5434 742 880406
8341 7794 632013
4408 1669 477308
4304 1827 2862
7029 1283 42913
9983 7472 9396
8446 5422 89810
2491 8755 401516
8228 2639 1320758
3240 4138 1003294
5048 2761 148041
2253 1872 1774438
7949 1837 1071020
586 3473 377107
3991 5708 231348
7043 5373 211533
8978 2791 633869
2571 2972 1088124
1860 8828 42680
7523 6433 3043820
5999 5874 106076
855 5629 159548
4657 367 739450
5983 8865 638837
2864 1509 429197
8738 4000 608607
607 5208 11040
1073 8922 431792
8428 4749 262245
806 5572 1572226
2241 2715 362449
153 2285 481532
9971 5526 571652
2886 7783 814238
1338 4908 52915
758 5308 144651
5122 7031 1822283
3811 5459 966671
1078 1040 962681
2615 8650 46290
7665 7185 151116
3837 1365 160417
6037 9790 183494
532 9598 108969
7337 6418 1537564
2039 479 88538
5488 4280 1178033
8489 1848 1130664
7255 5602 148969
7706 1844 136752
1114 9952 10097
5485 21 582026
1273 7146 164522
7718 2249 187647
2381 2142 332182
2333 9700 302095
6612 3339 748530
59 3485 489654
9144 5643 467587
1729 675 1524359
9563 5705 649987
5795 3491 1085102
7831 887 180708
8893 9824 261745
1336 6925 861932
2902 5204 261134
199 3834 787119
6728 9738 1634606
6017 1909 1063234
2637 5293 406970
8135 6999 20032
212 7776 216836
6071 9751 72503
2091 5140 54185
6069 7791 38381
9536 6400 196676
4697 2467 1409252
8223 7204 370092
5043 1222 2249576
2450 9149 525109
7710 3377 298443
3570 234 1417654
7022 4393 2165291
8192 4190 298196
2423 9897 72289
5342 7281 942576
6119 4647 717101
7645 8156 16536
168 7736 261140
3101 1720 712775
9660 9233 90453
1950 448 502533
8878 2904 769366
7377 7415 173261
1367 9129 810206
3811 6689 39730
2530 3443 134833
7786 5040 1466165
6588 4264 1161103
7990 9279 1777345
7949 2887 850436
6326 6822 683572
3225 6415 253811
1471 3691 98222
