212
6283 1495 165084
8938 8904 611513
3632 7719 19304
4873 2971 435780
1167 100 662816
1876 2620 1277075
107 599 379864
8662 1789 18033
84 4622 404214
5656 9029 500476
355 9987 670893
8428 7795 72602
7855 7905 189929
4305 1127 1348199
7316 5318 391918
6325 7041 112584
8714 8459 813763
5471 3660 49497
9934 1688 555942
6037 1050 416586
6536 6888 264798
5445 9046 1860948
1904 4488 773482
4034 1633 236998
6509 9879 91448
6560 6327 813174
9191 2405 16560
9469 9874 1391449
9300 7546 661725
6730 201 247552
6362 8624 72202
4947 3266 358823
4466 4137 136839
1378 7558 241592
5132 1854 631034
7456 3354 426766
634 4281 314356
2199 3731 1293295
3847 6081 78753
7134 4991 145399
589 3931 563660
9133 8258 223543
4637 5072 585360
7871 9085 1136569
769 2987 23532
8223 805 40571
6278 2528 12141
6231 2727 713432
7191 8818 1335346
5528 9978 776994
6444 7411 452171
9011 8629 57680
3267 9620 817329
6232 8758 1489051
3880 465 306206
7021 9575 550275
8416 7393 216746
9527 3910 880242
7338 97 297027
75 5679 431986
2367 9006 970880
1638 9517 462107
6257 3326 711101
4264 3118 31542
1801 3713 176339
1220 4912 34534
5776 5513 309731
5384 3131 160377
9402 2423 167232
7275 1737 448146
5188 7387 28908
2537 1711 329714
7947 9152 51805
8910 7893 824786
6168 8771 1410402
883 3537 248506
5342 8914 264967
724 8978 255650
1222 1547 267112
5913 7220 159887
7638 5856 289152
8150 1938 363952
9931 566 796164
2125 4211 330988
9344 867 1217420
1176 9999 989596
9117 8045 210482
4280 6143 675814
2151 7637 938142
9951 7769 114221
8213 88 914840
291 6791 197957
6241 8845 633361
9109 1418 1266567
5125 4111 220513
7852 9362 577073
4350 744 137883
2763 9574 450937
3288 4861 67334
621 8629 957179
2925 946 1447327
5827 1192 112569
1971 692 179950
8853 1065 122715
243 5297 489254
7348 6200 1338290
8926 5633 223540
770 6125 126548
2845 5206 754811
4896 5922 389056
4452 624 26776
791 8951 54
3334 6769 36757
8014 4767 783708
3361 1292 494782
7389 7084 530694
4481 8902 374934
9790 5412 53400
4154 2377 462720
7373 3417 42230
7968 9447 292757
1119 3645 389499
6753 7393 1800801
2644 4783 174791
6105 8044 73501
3891 5310 910849
6616 1604 71705
2029 9952 23861
1677 2278 913413
2563 2157 16915
2929 8234 7472
3270 2091 724281
547 4530 246493
8717 6195 1224032
7411 7921 1097169
9178 3337 383722
6606 7899 212164
6182 5644 950693
9945 3144 331358
273 1818 111086
8106 7441 1173714
7072 483 596794
8012 1117 175081
7579 386 43723
6404 3015 138750
7426 9147 110316
1896 9164 3535
8876 8910 176882
4330 7491 506343
4948 4584 54273
474 8830 645560
5 513 531105
8355 3529 6337
5039 1161 511022
9493 4876 145540
7603 1086 279644
3731 8320 1589771
6482 3977 598433
5197 3945 377902
7332 8052 1942
1190 7769 871840
4107 9203 107754
3798 5032 1334278
3928 2960 903551
6370 4966 417443
7472 3797 885801
4874 1502 306714
2541 5866 180034
2302 5770 115873
3881 1513 74768
9194 5670 1178938
2213 3100 320473
2070 1584 280449
3904 1978 80014
6474 1186 504648
5266 6172 28796
6254 1032 637024
7136 5611 22723
2390 1983 649484
3029 5398 32372
8378 3348 39274
5168 9630 617591
1561 4059 697640
9651 4833 242908
812 895 106207
503 3842 121592
5004 539 835116
4228 2667 428920
9023 867 499347
9366 2894 18515
1321 749 634075
4706 7234 141852
75 6940 1443647
6053 9882 983252
5770 8310 17457
7679 1986 387262
4123 8133 1879957
950 3896 223354
5269 4433 1054025
9316 1315 647984
6735 3907 347018
303 6283 155747
3561 1893 433735
3859 5466 26019
390 5899 418981
9754 22 1149260
763 2227 244797
2944 6967 402242
5912 27 373966
5088 4440 126304
9010 9369 1572311
5638 536 456897
