115
8395 7715 86937
7390 4943 352207
6373 1055 254276
554 5851 93192
1196 5899 210804
2087 9068 384761
4676 313 451429
6046 9988 306696
4738 3040 2616101
2823 4333 1343985
2701 3018 1375044
3827 6366 698388
5510 7856 2165999
7993 2558 33473
7045 3793 434199
4477 7718 215406
7693 981 306363
4756 6455 1203865
7132 7998 621316
8598 7973 12414
2315 7533 113052
1907 8020 497965
7021 9165 13510
6857 5146 882096
443 7723 651756
3657 9430 867246
6437 4550 152841
3594 3106 441447
3390 8217 134996
4907 4011 207665
4395 9372 1371124
3100 9874 2283769
5919 8434 424830
499 1746 3798244
7933 2553 261743
2812 1989 139327
8467 1714 461872
2204 9882 870028
3742 8577 888487
2704 6607 1195166
3572 6204 2158609
72 8525 600539
9824 1636 10235
637 7064 1472500
4212 4898 617894
8330 5693 3146688
4 3232 290753
8685 9848 362882
2407 3412 1986128
5257 5556 949796
7203 7235 679211
1802 8823 829743
9737 3333 1858090
5183 5577 343987
4762 1229 1330001
3991 8660 1316019
9369 5593 266557
3922 6882 453303
4687 9626 119484
9669 6241 1401694
1679 7533 955734
2472 8475 1637555
1601 6594 1918076
6191 5420 992177
1166 8510 301425
4192 9013 1442783
2317 142 293632
494 292 165164
7789 6284 508382
6170 9406 617032
616 2142 1572977
2238 5059 157342
5518 267 2219854
4360 7963 895310
1198 9728 394961
5281 9897 1103682
4755 9514 4767892
5419 854 500186
2435 3373 388768
4887 5071 102470
8012 4417 249718
9650 5370 344706
1964 9918 448435
4011 8563 153642
6846 3978 25837
8454 3155 1479756
7433 3258 1606821
3273 7189 1644085
4817 3247 21047
496 8006 131772
4579 8433 160974
804 6125 1803670
9406 7086 618041
5653 4905 882044
7463 6266 185983
168 1781 419843
7843 9534 831606
3952 5774 668068
8996 3726 115866
811 8201 228982
5050 4240 274707
2537 4664 603725
9091 7594 2622645
8973 6078 595046
1173 3454 897490
9312 7909 2570445
6494 8136 789187
2267 8113 4063666
8758 2136 1609
613 8427 493680
6683 2069 90276
4754 2462 1958626
7800 9391 1960900
4846 8251 31807
3391 1915 1071761
