200
4691 1552 295447
2103 507 244487
3217 545 427320
2318 8710 291432
1041 285 1710
1429 2739 267219
7978 5586 2699375
9164 4192 163140
6995 8584 544552
7616 6630 135334
1747 4435 369505
1105 2108 54680
1917 8673 1025147
2689 5594 711055
9297 3579 168489
6569 467 572663
8121 5784 87301
788 3920 53255
5475 1645 824102
2670 4825 1907939
1357 5982 147396
4410 6885 858819
2476 3069 385905
1615 6373 28829
3374 6850 191965
5343 8594 679949
4570 1241 52427
7973 3518 140840
6515 7362 196378
7441 1969 464176
5715 5631 293511
4429 9309 554100
8451 4885 176687
2839 5970 10482
6933 1396 632866
5633 8567 1904430
7096 1921 574294
4024 4290 801838
9225 9738 410172
1792 3070 52451
388 7461 183113
1967 201 93801
2049 8294 95392
3251 3503 107138
6068 6364 256526
2613 1892 6230
1350 491 540210
1702 5050 661257
2024 2977 433579
9306 4609 211730
4093 1302 90091
2039 4177 59787
726 2416 565511
3154 9985 2518829
8925 2099 1128609
633 4904 796084
9793 6305 340426
9622 6307 1535384
3234 1088 146806
2178 5026 114260
1081 4037 139432
6992 4633 617650
4607 5807 923564
8624 8004 1034086
743 1759 256242
2034 2926 360368
1945 8956 1076508
4464 7465 428906
1220 644 337908
6310 1620 623012
3023 6381 196473
9426 7044 1009833
9936 2166 159760
8869 9008 229
4483 8652 159752
4305 1358 871146
6535 4862 330472
8616 112 1931711
5953 9694 270456
5825 7359 917515
3515 1271 438791
8481 9254 382234
3742 1847 57468
7984 4075 897520
1064 7062 344457
6984 7833 98215
3094 6576 111751
4207 1394 66703
7272 8806 298995
3845 7695 257804
1832 6358 1534073
7422 5478 1537
3665 7913 196711
9793 2254 6087
2808 480 102790
5990 9999 490807
2095 2404 100581
4016 1110 1517412
2591 282 80093
7513 402 69521
8189 6283 1626263
9581 1237 158586
8956 2840 578332
2726 5985 1722197
3925 3349 203106
1886 2288 264567
3163 4809 192803
609 8700 127126
4782 855 373924
4486 4133 111683
1066 6834 667108
8645 6639 185907
3857 1796 664480
4798 6607 53519
4837 5327 913573
4127 9488 230969
2966 6147 303030
5781 8824 413487
2310 4772 2068663
6269 6309 838076
347 6776 1960
6256 984 595704
1343 1511 183543
9691 208 2288043
273 6219 55954
4717 7006 1526803
1646 6387 173295
3276 6569 242126
1657 9050 122773
6084 7867 743730
7559 1376 100308
9873 5114 457014
9232 5462 160464
2095 6995 1075498
1810 4041 284475
4952 5790 512596
2262 9308 521817
6250 6945 1254399
8805 6678 578010
4823 4359 377533
1248 3662 4564
734 6862 467791
9199 52 99292
9792 5729 1393950
6798 2579 202141
4226 7550 302671
9958 3972 2030053
7808 9623 277596
2551 7614 31418
1407 9754 166082
5674 4191 70056
1434 8649 92119
6431 8641 314602
3046 8080 384610
9312 4261 85313
9662 6285 522190
2488 9519 61369
5505 3828 177093
6045 2564 304987
7849 4450 343790
5218 4529 152299
3249 3339 151477
9430 7766 471073
1113 788 404608
7943 2464 1084098
3052 4665 81131
421 4400 168267
703 4136 708645
8499 3771 193709
5816 7753 62388
7842 3603 543
3909 5240 1259971
1080 976 60554
7445 1460 478953
2488 3851 403439
2957 7876 496715
3054 3402 200258
5996 9217 1507850
2676 9347 713852
9959 9245 453510
7040 86 704767
8492 4381 429983
4702 4050 572642
6155 4478 199296
3438 8942 1297620
6226 9921 1803013
986 7215 42539
9090 7093 1076684
9734 4916 2433014
2228 5505 362376
6653 563 930800
9834 4163 167595
9597 9316 244266
2448 1779 352677
7442 4479 31301
7770 7296 617699
8026 5295 197819
5417 5903 35454
981 6125 82651
1895 9035 1094330
