200
8078 1482 162739
9156 2801 2442071
3954 7577 698050
8042 442 27672
2441 7014 648182
4208 3968 516677
7149 3599 1717248
3574 6311 351084
1654 3587 14341
8852 6472 263998
5705 982 317522
3366 7634 1726043
9173 9151 26841
6861 2587 495786
7184 6087 173238
3106 4630 243383
5396 1934 1264228
8991 9805 1381306
5371 8332 1640584
5173 3707 358772
1842 5200 1290179
4843 3524 61528
7229 3348 339340
2357 7815 16269
3576 1435 99046
2073 2840 17263
5527 2082 436867
9282 7321 67262
1341 3389 16626
4241 926 383936
7720 1784 69787
6298 696 1230679
6914 1109 200343
1209 9691 1373597
8901 1560 257050
6073 5288 1190061
2111 3619 723774
1644 1543 588294
515 8905 120324
6618 5405 824982
7644 9378 1559203
2938 5178 1256104
9675 8472 273865
8312 4238 169431
9518 4444 655025
1293 647 32713
8757 8308 105690
1343 8409 243636
9883 9166 39067
6685 1473 577237
7598 7545 161224
8560 9995 213009
9847 4316 271932
8607 4902 896
844 7089 403132
4558 1037 826694
8348 4307 301842
6867 1387 18531
3607 6728 1140100
1376 5767 254129
6003 167 336546
5450 313 32053
3428 2194 189799
5185 6610 969
906 1752 1036934
4573 5484 661419
2342 3242 457426
9103 2430 555721
5993 4117 449959
5203 9390 890889
9441 5928 77565
1762 7759 651027
2941 579 1723207
1970 1545 982962
8679 4977 426284
7456 3136 132109
9255 4840 22265
4738 6820 9019
6579 4308 363339
5399 692 270077
8923 2117 17977
1050 6753 122654
8211 8815 18835
8704 8044 1471108
6680 794 162742
1344 4410 1003529
7020 3658 390806
3920 4798 7377
2551 396 750183
4092 6193 406822
3437 1461 239962
8454 4117 91236
9421 36 995409
9176 5239 115969
3432 3803 454761
2026 4743 375001
6745 9360 99480
7938 4738 162475
2117 1220 1264713
2361 1278 822674
2862 2216 518850
6544 9213 515716
2003 2255 420805
7613 9788 94981
6123 274 152059
7223 9021 88853
7241 4533 189779
9157 663 416218
7397 1212 88539
1003 5948 2805
9831 5008 371600
1226 2939 515108
3290 5353 1243865
6130 1388 902477
6454 9632 500848
2738 532 437340
1356 456 422156
5661 3161 127148
4219 9117 2049096
9801 3699 30632
865 4982 534756
1670 3327 12499
1112 9780 631153
3429 5115 174844
6404 2725 463071
1115 6773 445994
9877 9518 155824
459 9839 92313
4510 5595 81222
6520 3138 77517
2650 3582 95248
3972 7147 563665
7031 6671 313249
7110 215 2886078
8130 1451 56593
211 202 346459
7474 2524 362885
6530 7929 945008
5467 6893 361258
7856 7662 121573
670 591 208169
8736 5236 245300
896 9832 42180
6548 7262 216632
9921 160 219383
8527 5919 89437
337 6706 565232
8689 6127 973371
6793 2165 2047387
3421 9376 538969
3124 7971 96894
3042 1111 205967
1996 8716 810088
838 919 884296
2435 7141 134641
2348 4974 200763
4422 6818 694864
813 331 1556871
8068 5001 395737
9530 9324 409920
3981 3292 1332921
8187 6098 102641
1730 9560 75072
2680 5388 189681
3637 6900 1525594
9079 144 566670
3763 6089 855557
283 8391 1594471
2819 4750 21814
5685 7251 455612
491 4938 284199
5012 1353 1307
1193 1636 5630
7836 331 2325404
2009 9560 564529
6955 4199 963830
8537 6806 328093
4665 1116 155018
3151 992 414090
1142 4246 23272
3410 1736 594138
9831 9921 114730
9163 9544 835977
5119 8556 925203
9555 6015 329217
2627 2421 894098
3528 5574 313511
7880 4398 246549
1469 9546 161743
1295 8808 167560
8187 9748 864824
9171 2364 594068
8675 1238 160611
9923 7459 156881
2370 1458 309433
4128 2814 1174987
3732 2701 34458
34 2814 1249084
5454 8302 62223
5881 6998 155401
