152
5879 589 413102
284 2788 223006
844 5574 979487
2134 1152 319092
237 7246 710007
5995 6415 31629
7009 3357 393944
3405 7380 397065
8296 4289 1941730
368 7083 431773
929 7558 2113315
2200 1038 334897
1104 2252 622321
1115 8210 596723
1437 5002 1288231
982 6949 685686
6669 874 265928
1964 6483 3560060
3511 2014 1725103
4496 3343 255905
3060 4848 1418956
8791 7054 2482894
1221 7422 570852
1131 2995 709318
8073 4124 1037014
73 8065 107062
3609 6812 886826
2195 6408 20311
1955 4707 1778489
5900 8339 23489
7895 3464 127370
8131 5643 895916
5907 940 659696
7841 2238 1546209
386 6731 148355
6516 8584 718785
5258 2858 244466
6838 2830 551636
4693 3322 728605
5791 4796 1024777
9783 3056 1277564
1726 8001 121155
487 5813 460012
1615 5392 183938
3410 6976 456888
4295 6388 481438
7350 7560 641601
6556 8521 122287
3558 5111 358869
8576 4575 590196
8003 2994 317222
4767 6715 13148
4531 8885 849081
4625 4296 5210
4356 536 565545
7446 1938 61534
4954 2839 663034
4050 7798 734154
5165 6044 265504
9116 3041 15839
591 8891 269784
9847 6790 13574
7072 4196 392898
2914 4224 867766
1293 5790 105851
3439 3728 391644
1068 8410 554015
1133 1626 56462
7751 1201 392110
5709 3959 160830
7153 4731 1430330
4713 2273 352055
4403 4763 72010
1077 8040 501931
8057 2027 327576
6843 961 450268
7852 5978 622736
9232 1180 800017
5556 3209 396307
1577 6430 170889
6026 4738 387258
3840 4977 58818
5525 8242 286007
137 6959 660337
2013 302 648730
945 1451 3742971
8824 2025 641486
2467 2593 36391
8263 8722 7373
4466 4588 1387400
7986 452 93326
8618 5256 2157052
9897 6076 785963
3687 7260 364182
3190 5529 308698
2846 3944 130304
1490 3559 306896
6087 2933 1220158
1680 3215 291733
9527 4487 224518
3713 9778 481867
4581 7760 250996
7196 5199 198485
6238 190 624155
1519 5768 540588
7688 9308 60657
2303 3943 474767
1363 54 160693
3011 4318 1432275
119 9213 25366
5119 9050 1932463
9398 2298 764236
7408 8391 398755
3599 996 104116
5708 9844 348446
5179 5623 879135
9790 9770 790987
2637 9466 736893
7451 570 411514
1735 9211 2224461
6188 5601 866730
68 6739 553913
2891 7083 963725
3679 2062 157492
2147 9479 1432929
6378 3159 475077
8561 2520 1328321
50 9521 120956
6724 7800 571260
1410 2756 208458
8020 7838 1440452
5410 742 528732
4716 7910 2246625
7862 301 642497
9694 7748 723466
4502 9304 1007939
4567 9933 1267484
6203 9855 100889
6478 320 205563
7076 285 1689983
9118 936 1639694
3934 3835 347099
1013 6659 109170
5354 1409 56266
4990 6166 790751
4955 5539 198205
9392 8590 283500
981 2544 267379
258 7181 1330438
9371 9778 860134
8876 4607 1423011
4079 5192 98104
