152
4733 7880 339461
3375 1782 330444
2893 2890 150522
7663 3215 552478
1110 1070 3303127
6720 4927 1019448
9885 4167 117009
5643 8136 182230
5459 6572 1338554
3385 3847 701454
4419 7889 417467
6459 175 753618
2067 7478 450877
5829 6491 1308876
3357 9860 313437
7025 2420 668745
7119 4510 1106734
4583 5148 174156
522 8444 124658
3815 8020 1189805
2746 2808 508428
6476 2910 141328
4554 964 1966142
4788 1739 662519
8005 4067 1163685
2031 9811 842159
7248 3367 1186734
3450 7607 161047
751 4094 1056792
5351 9744 757824
9635 5612 727786
4102 8535 88496
619 6230 88974
6376 8380 546749
4044 198 529580
7302 7079 83196
9701 5164 1024433
6011 5596 847511
4661 5945 289342
6942 7581 3993034
7267 4380 1443804
6275 5995 330204
1531 4179 281462
7873 3057 47219
5527 2749 596529
3603 4890 9627
9289 8017 700318
298 8513 412773
9807 3065 278894
3468 4033 612822
6041 8025 64382
9104 7501 74373
1086 4873 752509
4799 1643 580457
1438 9955 457944
8196 3385 1167396
7295 6239 510727
5455 4706 409058
9040 1137 482810
5579 4717 1064235
1705 3045 633654
7320 146 1022222
5364 5653 22403
7449 7442 416865
5919 8607 16073
2998 9342 195651
642 2849 419909
3454 3663 542280
671 2876 1163859
4406 2802 485030
6051 5861 1446883
6236 6618 335040
453 2381 1452302
6984 4542 12171
1003 6476 282381
9538 2184 439323
559 7607 183668
6686 7269 809478
3169 5294 111887
9538 5059 37026
8030 8929 436522
3009 3968 128920
2030 2 15366
1898 2865 180703
864 3366 631690
1284 7416 281042
5958 8387 86186
21 9360 500249
359 4298 1638672
371 459 965368
3915 5196 138247
5588 5017 2079789
7401 4419 1705572
2192 9282 10056
6918 7886 179220
4039 4194 1047091
9871 8349 547991
870 9680 653827
492 3417 1103453
3674 6074 208784
8862 2593 386332
9165 9739 850533
8463 1991 1357886
680 2387 506059
9189 5691 740771
6544 1405 1397001
4180 2924 1032212
2639 9514 76802
5535 3088 259884
2405 6539 831980
7912 7431 393154
5973 5116 1226640
2446 1072 135793
6264 2773 32187
880 1894 841439
151 7550 602072
6852 7552 600610
4384 8541 114018
171 3353 2174981
9933 4937 666667
952 4952 616230
5194 354 838729
8289 1666 812608
7919 4968 610159
3455 827 417252
8917 5751 835665
7326 8049 1286019
430 3838 321079
801 3397 353205
5651 6912 239870
7874 1589 224713
2482 8382 2234922
1119 3074 505105
7559 8629 603854
5352 6703 107789
8804 3013 851522
164 6 86472
7986 2731 27600
9394 3911 296615
8705 2185 144214
946 2609 1882173
2761 1952 160974
9774 2876 938179
7153 9616 2431581
5427 5864 1524898
1354 1631 495417
8071 7449 625493
8100 7165 287127
9309 4417 477166
3746 7457 7983
2904 2503 1023353
5583 863 451758
