102
4884 5904 2820
5925 8545 388413
1236 2449 22845
2528 1189 137588
9037 8547 342654
8078 1083 1177146
9701 7802 2095985
3657 5353 726829
9941 4865 488659
4386 6317 362428
3633 5469 193790
824 5387 1478915
2279 817 1722291
5468 8533 1624424
3124 4570 2033522
3442 6779 63507
5991 3267 2200704
3303 2873 406586
1844 1843 266393
289 9803 14128
4807 3549 2106871
1068 7521 1203735
1289 6922 319693
1161 8767 2083769
1277 7507 2391769
8978 447 405426
1029 775 31294
6496 113 230373
4598 7416 781227
6324 1880 87429
1880 7647 3283455
53 6781 719713
9353 6903 1269473
2653 2006 1436340
2880 8323 98665
8544 8153 1471945
9111 135 26765
9973 7872 1279240
1399 1844 498964
3721 2376 1041037
5151 1794 4404682
2858 8911 56298
9137 2092 1023428
5629 4641 234867
5839 255 186303
6493 2450 430896
2476 5122 1769268
3750 5713 289042
9932 713 31504
5440 1551 682549
669 3720 223030
8555 6168 324046
2034 3696 374512
5181 2379 25189
8634 6688 2647333
6424 5875 292300
7673 2024 309328
3378 5135 1308986
5360 3276 1997866
2394 1349 2394673
160 8652 1327684
1402 7868 1657906
4206 6564 244585
1788 2258 370338
1281 2338 2491190
3424 6473 181661
3227 110 142519
5534 4793 1243880
763 5362 602564
5411 2871 1188233
4972 6317 1674783
7950 4240 263464
2830 4083 54980
6811 1950 3715640
323 4242 43040
9052 5504 1208336
5756 7752 1498599
2659 7762 606357
5583 8098 619032
9686 1644 1255360
7657 7759 2492440
402 2552 959834
7280 9929 1709959
757 3453 2379223
8859 66 1365038
1720 7260 430932
3551 2655 547447
3350 6872 67987
5363 2211 297342
3285 3531 715634
7381 4461 763773
1420 2672 1050377
6106 1060 1978069
5654 3782 115572
3789 5027 494303
9425 819 870657
893 5280 1306808
7053 4802 2806499
5410 5760 582759
6982 8108 1485777
1441 2430 380752
9591 2386 1285757
