102
8288 8431 774881
4978 8828 3239031
1540 8352 94498
5205 3235 663386
317 8438 57431
6069 5823 332606
6914 100 149053
4513 7643 135305
717 4194 1101627
4248 7353 1158920
2282 9418 847416
6308 3487 497736
2683 6001 842235
1190 4480 248452
3639 6679 353073
5514 1206 887184
6049 5619 1353728
3655 5719 906721
5756 2984 1535851
392 222 721150
5355 773 201002
6886 7200 1261664
8308 221 2441161
2402 6938 2697445
3319 574 989380
6303 6486 2574950
6904 4682 1865906
2436 9242 129068
9735 5237 1769627
3710 8813 274715
9601 7174 514444
5587 4404 3398094
9916 7777 352810
6006 3526 495538
7071 1977 1243112
879 3003 445560
650 8853 536123
4606 4499 429617
3177 3377 594403
7202 723 1121160
6459 6937 999244
7968 1881 272460
8721 1692 110782
5711 2097 375119
9754 429 1540850
4936 4940 988891
5197 4669 1051686
6077 2142 156394
8767 2036 1306419
3949 7455 98825
7339 2145 470865
6124 6697 678987
9385 1142 1074765
8935 3957 650501
2818 774 790030
9440 9840 308827
6826 4474 484250
9985 5883 193990
2344 7878 303378
99 1758 170685
4081 89 1930036
2790 3296 87758
2706 6183 367213
8386 8947 774788
4699 4502 1459887
4545 8949 292414
8727 6859 465418
7495 7852 1030007
8333 4249 479862
8177 1903 2084712
1545 314 4097785
2936 1076 79831
4781 5113 189567
6078 6761 713955
8898 7238 2338830
1892 200 1376455
243 922 116698
8891 587 1962246
2427 7039 1937527
7625 8292 1968075
3673 1719 2102808
171 6228 435227
771 2073 633888
3191 7944 136550
1903 4444 1124917
5883 6370 2438320
2819 9825 3399755
3342 9656 1980916
661 3323 132375
3197 6 243232
6204 9510 420908
1715 8166 374113
5917 6097 3200218
3335 6369 1338710
9323 9023 1620899
609 4962 1591991
1380 2058 781345
738 8072 446466
7588 4518 1287909
8199 6897 363034
6977 1276 129341
7194 6635 801003
