102
8673 8564 160451
2092 1256 370225
8165 9972 564261
9852 7279 450403
8706 9711 781549
8171 8695 461573
1208 3979 166406
7483 9652 1625101
5130 4834 1649307
8711 3214 429811
1516 8660 930503
2768 1358 628159
581 2799 244455
1139 775 286109
4565 6290 265829
4092 824 4734025
8718 4502 1195737
7709 3067 3581658
2436 8090 707060
6259 6185 1175175
9412 3132 216103
9384 1289 182803
373 1811 482166
1519 8362 122924
3348 4463 1493428
5127 7586 488752
6046 6919 2577859
5176 5678 1544083
8297 7461 9812
1971 8814 63859
985 6696 856224
1914 457 1762351
630 5378 531989
8922 4661 276530
4842 1119 3576090
368 2027 4216150
4551 1090 487561
1614 4302 2121825
2839 7154 2068698
9565 8897 964003
244 4469 277571
5359 9177 1182213
8047 5136 3042799
9060 6711 922655
3408 399 828925
3128 5300 612405
9488 3368 441759
1866 3069 1017994
1770 1841 584476
220 5931 1004185
442 8399 233096
563 2524 129070
1908 8133 2095734
4683 8677 72522
9835 8544 1461875
7638 7268 2432236
3970 5804 554619
5424 426 451656
8908 6982 886024
3212 8979 536232
1074 1594 201022
1295 7400 816925
5906 5782 951262
8006 2464 842144
4816 124 613518
1363 1392 1318109
9206 9293 1119774
1234 901 1468831
3468 1588 21209
8081 4556 480553
9855 5147 1221590
8133 6391 888541
4890 1392 995401
1097 5027 1280326
2881 3648 609590
1106 302 30833
6949 8011 795221
3755 9251 1340045
4376 4449 1042933
203 9966 732523
3556 9529 1326373
946 5994 1552543
5154 2366 1458476
3107 8379 184493
9517 4817 118785
5852 4645 451129
6266 3628 44831
7191 7403 2164719
9675 883 694855
9656 3492 738862
5159 3697 968739
8011 870 722929
1563 2736 809966
8259 3918 115999
4778 1370 1075499
4755 2845 1017411
64 632 3777709
362 9527 749005
8143 8880 55786
2592 3509 482352
6328 7298 218134
6431 4022 1282002
