150
1954 480 462198
3685 2270 365253
3790 8283 648648
3147 3771 331096
4470 8847 2190366
1437 6411 632503
9722 9143 10011
9789 8173 1495128
6660 9651 4294020
6863 5850 1057959
5529 5723 133059
4166 6672 3070177
9102 6040 135304
1582 9918 1308456
9600 3394 1002226
4373 8666 659088
2295 6337 860648
3252 4313 330433
2666 8513 72089
9089 5258 520931
4077 5278 725069
3539 6542 1144058
1512 6911 895349
4559 7384 171993
9204 4870 26646
6631 384 647468
6717 2169 1003153
1643 3989 362120
4468 6496 1040665
9159 8252 95125
1387 3778 19898
3953 4870 103671
9087 3299 303766
5767 2189 272234
6155 2455 712176
7131 2503 197785
2595 6472 503537
1302 7563 1586753
1599 1594 29213
749 8166 628816
712 758 1283703
6268 6353 712081
5644 8129 140720
4014 1121 65966
2329 4298 13687
7410 8026 542114
355 9928 296678
6030 9750 552011
273 9164 57637
8714 732 384954
9846 4167 444739
3472 5673 416530
2004 7985 84469
9851 4581 424642
6438 8197 1837733
6504 7308 830509
1170 6824 2207010
7721 5871 1129256
3045 622 10466
8153 1592 1658102
3882 3124 1034469
1978 1246 392814
4757 3333 401730
6732 5229 120980
454 9003 373786
356 8723 1256678
4614 1531 1978645
4773 6101 36932
4152 6956 385703
4826 7368 11312
4106 5668 521730
9973 7252 363422
3763 420 53751
2291 3798 1357308
162 7859 459771
7264 3115 358956
1600 7189 783675
771 7488 1316296
8870 1997 1028108
9975 99 68475
8520 9535 106391
3575 8177 68625
6673 7317 115669
5868 8434 153158
3324 1065 254079
878 3548 878971
6465 3740 141756
3130 5299 630876
2604 4710 114055
4401 5196 479025
7571 7491 515927
453 9241 424103
9011 1680 498351
4790 6417 1384252
5338 5350 362352
1302 393 797119
3150 6327 596756
8424 6579 962023
2970 1291 869259
3074 4145 764169
728 297 109947
8196 4836 835555
6051 5662 625762
9674 6808 439986
4047 6457 113818
4947 6253 970158
4421 220 1217367
1522 1012 448546
670 2185 1574936
3240 749 15431
5027 2247 2320319
4519 6637 484353
9411 4258 714849
9072 4524 1086607
5139 6734 602782
7672 6475 45410
1282 274 1021708
9356 5618 274136
7625 2279 11057
400 4701 273336
2172 3377 1725983
7992 7497 60883
6324 1645 656732
8958 8750 107897
190 6794 1635147
3205 4002 368647
9889 2010 389866
4682 5492 864688
5270 2935 1147951
3031 129 285589
5728 9545 224890
9374 6711 437367
3379 9597 858818
5809 8404 208762
5205 7034 382861
53 7552 40554
9134 4169 1863311
4118 2523 190944
1861 2438 326577
8119 7061 846835
562 9081 1000987
8461 8206 435948
8755 8100 955060
7142 5343 1168329
6085 4713 841468
4867 9546 628014
3894 7466 38129
9811 4344 2144257
9958 1997 936497
2731 8969 477394
