150
8862 4792 830414
4475 224 322832
4829 982 457573
7468 4161 97090
3440 4683 183182
2687 8045 686628
5513 1982 204145
323 3156 641263
4544 2902 600403
6164 1246 2766131
9388 9293 960398
3937 6973 509402
4796 3827 947223
9788 7888 9610
2569 3919 928367
8885 7071 666325
4426 5299 161834
3825 9790 1062519
7166 2294 13322
3100 9581 87269
7185 9109 691137
1085 209 773627
4664 3540 279024
3990 1056 456247
2873 3044 842101
4995 5122 414996
4399 3784 48367
2682 1647 1256363
8881 6549 500786
8083 7161 491660
7718 6598 7299
4389 3524 292672
1412 4444 20324
1090 2629 2626417
6095 3751 140712
4002 7669 477442
4501 6239 386457
1237 8498 817998
6923 7524 423200
6787 1987 173638
2265 87 356948
7891 1431 22226
8545 5815 247859
9448 3740 3171293
6793 235 314064
9995 5604 259889
561 6921 120231
459 4701 413599
4885 9251 724919
2967 882 1820
9826 8072 515598
8921 9640 549641
9679 4423 362011
1805 7829 849617
1433 9849 214988
4307 8844 50791
791 2746 517297
3867 7222 1388906
520 872 98482
5555 6815 310031
9176 8725 568566
2436 2114 1248163
878 1372 10078
4101 7920 72699
6745 5282 1052691
4375 4939 539641
7560 7408 270691
1301 3279 2475030
7151 2113 590298
9830 3681 207107
2569 6282 1318629
9308 2632 1577667
931 6109 268547
3351 9545 3050183
2964 8250 148542
8734 9120 352271
1921 4230 457186
4622 3745 1667448
8124 1102 1012951
6050 5679 854385
4125 7650 493927
7468 7713 206273
5941 491 917567
366 3834 667112
3211 7049 517663
1556 3039 1323532
7898 1586 286236
2056 1620 1477669
6673 7322 25937
7384 326 1477372
489 2228 798122
9040 2442 61860
6758 5500 1733480
5483 121 584474
4040 3597 501938
5920 5338 494526
1149 6583 258814
6221 6139 62972
1461 5228 1831328
2893 7969 490590
4510 2429 334802
1538 6903 315122
6464 4862 1383872
559 429 73927
2137 8580 69204
1497 637 686318
2175 2146 1789218
4928 4531 38594
7188 4902 518905
5403 8867 1061883
8843 3968 1227496
2569 7318 116259
4399 8350 1534256
6508 6393 1531247
1588 3158 57578
9364 5043 556938
3168 2263 608511
5076 7580 1096530
2369 2419 25959
6848 5341 1501250
3051 4613 1203253
8971 9165 34976
2602 5866 937720
8000 642 486923
1386 2384 2349395
3018 6424 1462305
5582 8746 418256
5710 9762 116122
5094 2537 582958
3456 9546 189733
1300 2092 115258
3815 4887 198220
9325 1619 307483
2167 2509 325650
9899 1031 1855459
7423 1512 731269
1367 5818 697015
2676 6150 27522
3988 4244 554370
8923 1305 1843917
1077 7150 279274
6550 6278 2200565
2393 4589 15226
7815 9898 608403
8275 1121 158188
8639 3091 190148
870 2994 315847
7391 2192 96988
4655 5390 321007
1426 9494 1147909
