150
3789 8087 443482
702 8187 1467853
9838 7664 142836
4247 6489 516695
9225 8346 182119
2874 5920 1175849
5406 1972 927877
4279 4783 186418
6874 4970 335267
3303 6306 164482
8027 4705 393847
5440 6781 306830
2985 2564 183747
3085 2693 1623979
344 3127 533686
6825 3530 61046
2587 5085 69134
7193 9488 669065
8201 7222 187572
939 7011 1685023
7359 8096 599476
4424 8579 288051
5217 6499 909663
5298 1701 2103521
6462 3313 602571
3547 4289 625317
7789 2652 164960
1391 9250 900605
1470 5375 327682
6095 5128 209299
5208 55 2391088
6566 5867 614183
3554 4188 17822
7913 5486 522812
7936 8584 426489
749 5839 102562
9990 5284 505767
9191 6378 277684
9112 7733 728532
8937 6255 68567
301 8331 168084
6397 4687 708723
4334 7977 385846
4913 1756 186882
5897 4036 859199
6337 1480 151011
229 3191 4263
8482 5479 167298
7887 3383 716207
8108 9197 294201
7993 3682 411341
8832 4122 108658
7406 3069 536260
2459 4411 114872
8556 1690 2066668
9850 9177 1468351
6335 8322 654646
6980 7286 301223
8229 2033 821877
3663 4671 189692
1850 3111 85784
6728 2634 280007
4356 2465 1027590
5513 7009 99890
2539 8677 43621
3220 6470 1863825
9300 1584 344774
2350 7513 1404528
3399 3952 627887
7766 8007 45547
3655 7379 2498566
3508 9163 444243
9717 8091 240397
3935 4958 647616
5333 7139 138047
4892 2232 1401134
1602 5954 1590939
1364 6919 334933
9344 1377 78641
7125 4098 1810301
7820 5290 2291480
4639 7744 802508
9767 1354 1550532
8144 2366 822603
966 6953 557855
6556 8712 697612
6306 1051 659005
7759 4914 728805
6138 6156 662890
6712 8955 78374
9910 3058 825777
1296 882 1273954
1597 80 43852
1574 9959 388944
6547 8182 697016
2269 338 1839524
4967 9808 250473
4008 9685 310423
6483 3823 5989
331 6764 481811
2793 6438 820036
3117 1756 1353086
4268 291 751890
6586 3597 406161
2877 751 197420
7275 9466 453940
8263 8719 2345777
1749 8423 355128
2542 3159 235180
3963 6797 149075
7936 3856 83608
4515 2848 1102173
9126 290 1073767
3449 8524 142443
9310 3393 292552
2103 4662 2367862
3854 6161 1140019
9603 928 871261
1070 4555 295455
2956 7740 54794
1857 3695 191864
7247 4989 854435
7040 5530 2712563
8452 7763 462865
696 1016 153145
1108 2155 366005
4928 9290 252083
3971 5870 432336
619 8418 286026
901 7963 83280
4340 2931 2380829
911 1930 2451076
592 6077 23992
2463 467 415657
1151 4180 1014898
4578 2145 845324
4210 3478 1126228
5632 3766 515321
546 5136 507753
987 8593 171126
6567 6725 1965741
6793 3897 451350
9877 9013 206759
1712 8660 668783
7625 6721 128525
7547 4771 734874
8284 3356 367197
5960 3674 1299923
8241 6399 349303
7770 9725 152655
