150
6150 6410 469023
3908 8010 1777467
5743 1923 323428
44 4599 452593
5214 8109 653847
8400 6853 1303127
8500 5869 201768
7537 1192 602924
7005 868 446318
6327 436 291365
6199 4936 88141
8481 2457 204760
1082 9490 258439
3390 3823 532411
4800 7005 568473
1333 9880 3375633
864 6751 809553
4991 6582 2360506
3030 5753 608292
2774 2183 687261
6086 8229 109902
484 2211 726403
8407 7307 8193
1945 1649 2706265
7591 7783 108604
7653 8394 1241461
8223 9475 1723430
1269 3441 288925
6200 8857 989079
4314 4118 1401573
1788 6711 1658111
4733 6605 269119
2687 1142 778342
5181 6789 23606
67 4990 1553847
7853 7222 273646
8818 463 291929
2028 8346 361261
4375 344 406117
1842 5982 633018
8688 6298 101482
6742 8081 204395
228 8140 381414
1289 6616 425354
5045 8991 263297
4769 2883 2394678
3068 506 714302
5836 3525 805859
7954 8469 204839
338 3195 36231
8769 2384 535145
6770 2442 265053
7627 133 149700
2637 2183 545350
9338 9958 50304
9127 9121 929102
4226 5669 1653981
1026 7642 1926699
9544 5133 52663
3935 5091 2397552
2796 7450 262259
8815 9980 263469
9204 2726 240575
7743 675 488497
3765 5480 264731
6182 2042 471269
2658 7003 413109
8252 7890 606161
9696 6256 7617
848 8877 118551
1454 8452 979427
6119 1885 86615
3979 7314 896751
7020 3912 967192
4225 5885 2924
6689 2917 124532
7256 2491 55391
8219 9442 508299
8800 9180 364794
4434 5888 1680913
5230 9587 3308785
6629 1683 577880
6036 5017 547134
1004 4872 1020933
5139 5965 160802
3948 5540 1027544
4436 8418 43003
809 448 236024
3751 4442 612916
9060 3424 354983
3293 5788 140301
6285 4448 371429
1034 8907 97679
3925 4248 91491
2025 3775 79530
3161 6767 1325996
6077 559 268511
5699 432 570164
3626 5839 1058447
1564 7734 366648
4719 9976 526595
1837 8658 467679
1715 4904 931124
5603 9998 254197
3839 6714 254937
9805 8317 144088
608 4058 203900
3508 7520 656999
4044 8696 445141
3005 722 674351
2809 6944 992143
3543 9483 244835
3295 4816 1165146
2674 7756 930559
3259 7593 1252842
4452 8333 702593
3822 4904 14009
1741 1058 1288521
6850 7785 83045
9066 1867 205478
8684 7008 3629667
8463 558 160031
8347 1079 589451
3209 5039 668569
9489 5830 471958
1800 381 515049
6850 2154 2760735
7440 5863 242660
8385 3806 43398
3058 406 1376366
9971 175 220151
8272 6518 122545
5855 1330 992186
2794 3666 485451
2677 5747 97919
4362 4715 2892968
4747 3826 178251
1003 1470 1771353
583 6824 65490
3737 8847 569912
77 4808 73322
5447 2800 134317
6319 9819 111719
9380 5109 109704
2198 271 281615
6384 1803 621111
3374 3913 127137
9842 9391 130425
7982 4970 2186138
9144 2444 263384
