218
3597 8981 184938
1641 4132 86982
5219 266 29545
9469 223 389635
544 7144 1083164
4633 79 1003822
3161 5268 227046
1850 6063 471032
8421 3335 183975
7632 4748 78366
510 7800 257476
8438 5419 1545763
6653 4190 346940
1159 8641 742960
961 9989 401173
8873 8850 148201
7240 3915 216306
1901 5258 564016
6976 3931 652804
2046 4974 116124
7618 9927 211794
7472 9059 2165351
6484 4004 16667
5597 5006 182735
1197 272 285782
1559 193 72650
9940 8991 83689
8279 4317 561489
3254 4903 1212678
1353 2207 469443
1649 5505 898872
939 1532 804718
7946 9258 92164
3747 6544 887025
1744 1987 14080
7360 8515 422406
6494 2545 362113
306 4840 722491
4576 1313 128161
2629 9421 20488
2878 548 397269
6236 992 706590
2474 75 1122774
3500 2102 37044
251 6327 545182
3261 1658 741528
5533 2885 51836
9394 7516 13589
783 1885 23361
7331 925 108638
9563 6214 41446
2340 7187 538991
6941 6216 217373
366 3073 482556
4637 8531 315460
816 7534 105198
6015 1445 100590
2639 3197 77680
6323 8751 424789
2853 7643 8091
6614 6950 492397
579 1869 421366
102 2474 481828
924 1144 1138135
7304 3921 80656
7230 481 174358
3224 6548 788441
3304 1702 228870
345 5197 293464
3460 5618 3434
5987 191 468469
4882 1846 242652
7741 1934 702768
1692 183 219807
2208 6499 332661
637 2162 1248085
1280 6261 276448
3644 4516 1336540
6328 5280 185042
7919 8522 253455
1750 4142 2011836
8914 5294 163228
7771 9647 491455
2141 7521 1124769
9450 7531 658709
8721 9746 1170910
3081 64 561458
9733 290 121087
838 5791 13538
4898 7477 32182
195 4125 75373
877 5423 73072
4347 3353 54680
4025 1756 92710
1738 6405 339750
1771 6782 688112
6488 4952 380653
6912 272 206084
3387 952 101703
5336 7855 933528
2231 5549 1259200
8733 809 237527
4568 2168 1197834
1189 9105 666267
7286 1596 505048
4075 5173 662869
5904 5112 563213
7697 4853 171828
2051 3365 265140
9486 9324 93423
2216 9850 336660
4316 5072 1948892
5580 6899 461030
4207 7722 160131
7214 8493 657920
9294 9994 759697
2928 4026 427490
6999 8928 58300
3443 1561 478046
693 2918 244105
3787 580 847089
4877 4690 929655
4832 369 426127
5854 8870 178644
875 4026 639478
5388 1352 1155224
2980 6021 532390
3457 6666 854457
2577 3813 89204
6072 4448 388493
3385 2848 154341
2404 1211 181791
5165 7167 521135
2224 5 3766353
439 2204 84515
7913 5167 555327
4928 3084 270743
3307 9519 1334789
5790 4876 1377225
5077 5518 7042
1144 471 118574
4993 8642 217335
4806 1901 1190783
2299 5549 294669
4895 3188 37672
2767 4917 992996
6736 1153 205243
1702 9923 299161
7963 4892 297033
44 9621 153766
1959 4183 210286
2086 4153 1264449
8579 8399 114851
6073 5063 849186
1543 7469 37924
5994 8452 280455
7556 1853 412641
3334 2009 730015
3113 7966 204078
1747 8846 985982
5893 2549 797527
3231 2389 819710
1652 4601 24929
5015 8009 95093
4568 2476 17088
3728 3315 522382
288 9965 453283
2087 214 84776
2064 3083 59442
81 4850 224247
313 6254 284501
8957 9230 404078
5824 9328 11998
7773 4108 128884
5344 713 389537
6612 2625 373670
5831 1215 620461
3868 8425 592329
8610 2638 254530
7098 8243 544988
6938 3254 12755
4415 9366 137123
7921 7038 132403
4575 3168 247758
1522 717 484030
746 58 4866
7276 1003 717568
803 383 562686
9227 5597 428663
5546 9570 902097
2192 9099 1536360
9670 1247 841044
9173 5334 85439
5793 2110 132902
3782 4877 1124005
3515 7836 785474
9246 561 58447
9553 5691 973113
881 5979 384831
4387 8271 134732
5266 5869 88115
8612 7634 3725
6392 6498 84593
7315 5522 733346
6650 5024 94177
9565 899 310642
2914 2200 222763
9354 9328 175596
811 6264 304115
364 8035 261512
1369 4937 101624
6865 8806 856830
480 9935 962134
6739 5271 21654
6782 4386 41974
8751 6644 38487
3002 431 1455352
6464 5837 439109
