218
8490 9603 249935
3074 7848 1199498
5147 1700 1460207
7157 520 71108
6648 3437 314568
8965 9467 89933
9025 5803 310976
8337 6269 639455
3930 838 789591
8470 1637 173017
255 7860 186972
9002 45 67229
5410 7747 510511
6141 3780 384112
5356 8687 51641
6580 7083 96522
7181 8574 86600
6359 535 219077
2711 5338 2971238
9188 2969 839164
164 574 755351
9771 2001 58261
3250 9432 1146104
8253 8146 55653
8085 674 706133
6034 9184 846007
7998 9153 386389
1435 5728 210714
502 2895 463611
5106 9151 169754
5994 8395 965427
4482 1387 1969162
8639 3232 181065
6247 7648 376477
7342 7531 54150
5007 9601 1488136
3740 2011 764748
9973 2301 183812
9421 982 1714588
7166 3269 72234
7260 7848 386759
5188 2642 184142
7969 8239 1175913
4275 5059 351812
151 2404 46099
7267 1329 108294
7735 1720 265744
3748 7257 79266
9720 1163 301991
4026 9476 54119
7772 3263 18732
3193 4142 1473720
2534 8507 1663
6653 2052 255411
2913 6632 6428
7509 2926 552844
6638 8597 307376
8233 8577 275224
9496 3852 209540
9678 6455 490002
5274 672 519384
8549 5241 148215
9320 2931 53545
8376 1492 362747
9907 4424 472577
3823 8278 827764
3459 3881 459570
1739 636 670034
2300 8781 45789
5981 5856 233208
4003 407 105476
6452 9101 476021
313 1872 116235
2140 1231 50289
1385 4055 415129
964 8881 580787
1281 2587 963772
8951 1536 527670
9365 7575 749887
2624 9527 383700
4796 2216 658032
6303 6138 517385
881 7671 105181
6286 3492 140131
4706 6770 974245
4457 2297 822256
3644 4249 306803
5344 9354 379500
6676 239 269220
5994 2556 274770
4951 4094 600705
6216 6933 26125
1229 2234 351103
8585 903 292776
7865 6858 65964
8370 2894 87666
8361 1012 1151440
7512 3125 54384
8541 4172 374977
5913 4915 1063486
1376 4211 111003
8322 5894 444848
907 6726 248991
985 3488 1414637
7922 497 662660
9342 1001 1208795
9700 540 130
8894 9690 74720
2046 1222 114166
4930 3130 3558760
9344 410 286083
6839 4130 530407
3367 2479 203636
8343 5710 206640
1765 4843 101902
1732 6892 135129
3326 5446 189494
5127 776 1190392
7718 2968 27038
8084 9317 1451171
5537 8689 176927
9846 4621 623652
4907 1297 227768
3160 3085 422579
4227 9035 789270
9313 7635 40058
6902 6327 833032
8473 3548 1355817
5578 33 169893
9347 822 276795
7036 5122 380795
9102 6274 241879
4385 5 381076
7179 951 581606
9331 9710 665566
6103 5907 584180
2176 4641 561158
957 2783 138273
1250 592 661474
514 3259 397276
642 7180 339164
3133 2973 220567
7741 1582 686734
1666 2598 2166343
8557 2280 78834
2620 1425 341747
5548 9716 686981
8605 9689 697
1547 3852 1048810
9969 6261 1221983
3244 3470 223125
4636 2680 443760
8432 1963 543416
1826 6712 703396
3657 7627 534624
4711 6445 425141
2681 5947 483062
742 1140 13016
3505 5851 1498647
9238 7178 593206
2121 7548 163771
1419 305 63070
9004 5990 862198
1510 931 140364
7061 3113 1588934
471 9516 123077
9971 5118 173367
590 2590 220528
653 4319 152562
5750 6768 789269
8202 2452 38740
1556 1543 185455
3984 9846 178922
8347 9294 9616
7959 8931 4903
2990 3951 548517
9542 6584 238289
1815 9430 284519
1862 60 845201
3186 7204 259961
1289 6366 203640
4913 1818 83440
5826 8869 1524967
892 6881 208764
7770 393 1195688
8019 3918 125037
9379 5158 336565
497 8355 484589
7398 4629 76582
3743 5271 49961
8745 7428 520034
5919 9903 348277
5816 1887 412092
6528 8920 143212
5778 631 76250
5908 8112 512204
9628 9065 953455
5207 7192 107737
788 2832 566292
8353 1076 735685
8266 1066 250419
4307 9694 197073
6648 3630 359458
4198 7825 106819
2054 8267 312032
3987 1815 312471
4854 9542 284563
8469 3350 499622
9879 2980 130248
6030 6077 91758
2549 5905 132264
7939 7112 314310
110 1808 395582
3716 7410 80593
7148 6162 32331
6761 8255 8957
7384 6390 247416
1914 2777 283264
