218
585 9413 638518
1912 6262 336323
7728 5067 105906
2088 5264 170856
1668 187 225696
2510 1909 915941
9610 7917 631230
820 3678 2149
3686 9282 89234
6671 4588 1002944
6300 732 447569
1240 2124 263054
2476 8757 87653
2540 7573 412878
9296 1661 137058
7183 3689 1203052
7524 6623 68173
909 9670 19195
5308 2591 416298
1709 2260 364861
7039 6764 1027400
7111 5328 327967
6793 5414 355821
6038 2358 70149
3994 5831 14098
8326 8455 213233
7543 835 731131
1324 6692 849277
8154 3213 139458
8475 1213 383230
9502 8975 23968
9881 7576 591679
7887 6871 6325
9762 7892 1170857
714 9401 782403
9318 8514 47139
5936 6581 351789
4046 4087 17160
8478 1452 502574
7310 3777 1124809
8320 4555 896813
7917 8204 292046
3292 4367 568676
939 8062 607486
6274 7376 451857
7560 6695 10118
2622 2236 1078726
9528 2041 369797
7752 9785 781558
3198 5668 172381
8791 2401 299705
1349 8190 18824
2011 5743 1350132
3796 846 165947
6346 789 553057
7117 7728 452089
745 2614 898159
5125 3915 184058
7094 4201 405956
5697 7461 646876
6425 8545 126433
9225 6452 779888
2363 5268 210205
2144 1299 311161
2639 4071 137907
8038 1138 353705
3170 8603 536253
5400 5958 406374
2301 2115 600724
5857 5715 95783
4870 792 452630
7849 2209 85069
4627 8873 261659
1422 5639 267185
9921 7165 284002
8955 738 720767
2784 3867 476692
2504 3545 1030752
7658 2102 887700
9813 780 143170
1291 9801 730549
9669 6675 13147
3428 2646 116032
6921 3477 377254
2061 4921 179587
556 8245 294552
5444 1353 477730
9831 3342 60034
5008 6417 1171044
5236 1868 132784
1271 7738 154792
6676 9647 452795
4027 7385 386107
8468 360 272565
6038 332 1066548
9902 4501 599494
3089 1938 410217
1387 8114 532083
9973 2409 77667
4447 3966 1799978
6423 7781 377399
1401 6318 391516
7851 1428 353107
7406 9032 15173
4580 3199 39785
5809 8784 1497881
7384 422 161553
5812 5128 215124
2892 3651 37180
5088 7859 153789
76 8237 593465
2102 2014 130653
3288 6245 151065
4993 1985 514748
537 6344 33304
4565 80 245692
7307 4547 846442
5949 6651 297622
1294 3911 67235
6730 7366 156065
9801 4852 65863
4924 9822 84804
2573 888 305301
9743 7575 33995
5047 5957 426756
6996 732 55570
9885 2182 18959
6880 3763 336497
6076 490 47665
3314 2651 658085
3053 5034 468849
7653 509 48561
3457 4031 1758849
2397 177 833672
1421 2196 1215946
1702 282 563444
1249 6410 409285
2791 5308 229743
7083 7132 383474
8012 9663 205799
5506 7583 1572024
1740 5284 528309
5986 5913 171455
2967 6426 514435
2147 6683 586880
1809 4453 245056
469 4610 188074
2352 6706 1026598
1073 5352 99915
6701 4804 151557
9032 751 224182
8302 4384 72583
5966 7913 923879
1812 8826 2173387
4591 3848 302761
7386 9898 41546
3054 8234 223664
97 4496 714465
77 5795 153262
4102 5435 935031
9980 5024 624771
7949 3760 182851
9476 4104 63117
39 1200 1221976
6891 6143 392763
9915 4792 1720137
433 4944 450789
8696 1952 553106
6035 7654 68798
9985 6801 201672
1179 6276 107163
1560 731 665534
2879 497 851019
6226 3705 392943
4161 2339 256328
3520 9078 1820736
8401 7294 604126
1115 4571 397525
9382 5333 554708
4775 5692 1613320
6502 2717 43570
2088 6428 2261168
8933 7168 651132
2113 8999 586247
8327 2040 34783
6212 8846 1591154
8015 1650 67198
8929 5313 492110
9744 7108 784121
2674 6190 1842370
9265 1138 311525
6072 4350 466124
8635 6841 262600
3761 5188 349046
9944 880 679781
2688 1318 174562
8891 4106 160094
1316 1998 235809
8446 3878 124581
438 2883 1112748
232 6938 92255
3386 7936 120010
8994 4864 53027
4209 8287 7159
1310 6290 126134
99 9720 383982
4686 6549 461236
4806 2391 102522
4980 344 512535
9229 409 22485
1444 8314 232848
7093 5238 709906
2822 1740 581169
9645 3743 1294903
5724 751 905337
6040 1656 32430
1312 6720 23604
601 5318 139041
