161
1334 9725 247282
8896 6122 1059790
1262 8922 1308267
5040 1041 476380
1490 4993 121532
7075 4298 1747258
6743 1760 720680
5310 9608 125368
9953 6380 782854
3814 2088 164140
7601 5611 813421
1706 7214 344011
9037 2547 24475
2682 7396 403962
833 1031 342481
2367 2563 327284
3488 7790 564623
7049 8451 2382635
6969 7552 154552
5211 4335 47363
6157 1748 271982
3527 2115 184816
127 6851 203243
5691 6717 340503
142 5189 502905
2711 4378 808809
753 5533 703683
6099 7335 814466
1795 5079 120128
2443 8026 284243
483 2417 449098
7146 2360 1362480
5159 563 631372
8226 1298 1189617
8072 9858 71244
3543 2966 270126
2700 7613 3489396
941 1439 1280631
5344 8879 596438
3727 5992 64719
8476 8562 162738
7103 7544 832223
7513 2269 900289
8531 4360 1046963
3130 5331 124927
2285 3507 312946
2616 6385 317561
452 5334 98539
5785 9392 1273636
4494 6803 14450
2076 7120 218542
6312 9789 121707
8342 7582 518921
5830 5573 279288
9535 4173 798145
1749 7610 111399
9636 7803 57568
4009 6717 244708
3059 9039 947149
6175 5110 1952206
1388 3179 447913
741 1200 214806
6216 2725 306882
2668 4957 798687
4875 443 420985
8574 2341 714163
7539 7517 598864
2574 7865 30139
5648 2138 215290
5436 3788 68335
9744 6474 830978
2464 5789 334949
9538 2582 338141
6197 4543 416487
1254 5664 241783
7619 639 2215249
8946 790 239237
1498 827 904131
7468 840 391706
787 6229 1045996
3857 8727 778358
9391 5830 1039836
6506 1469 227050
8194 8272 263572
4178 6980 181056
8961 2426 39376
9377 6777 698926
1747 6541 358807
5292 7083 427033
8866 6274 34135
8806 3736 491078
3916 1873 856195
5819 5474 41590
9278 2890 574051
1441 5640 592487
5461 4956 94983
4385 5875 1070603
691 2164 36970
4380 1894 142356
6787 6321 483643
1645 494 1361909
3010 1458 3481178
8350 101 119763
2358 6433 775455
4265 4724 519769
5936 7198 102244
867 8618 1497318
2007 4162 124529
1490 1168 1036895
1719 9812 297580
8936 834 622290
8165 583 803346
5706 235 1035450
2968 936 703699
5002 9944 3108171
3257 9157 74615
83 9482 313916
9364 1603 92408
3091 3399 3244232
9679 6927 416600
1929 1900 1897740
6089 7509 954230
5719 5910 133064
7062 5446 960739
4241 1074 1459862
529 5378 742322
414 2025 175642
5427 2666 843232
8544 181 287431
5082 4977 187028
4054 7771 768851
9060 4130 118180
3678 6206 160595
279 7728 728534
8108 629 190563
5014 8945 67274
145 9378 408412
7920 1421 90141
4920 301 523867
4682 231 1040446
6162 3856 998541
439 66 62890
7638 4857 1184585
7869 5722 965770
7160 9195 1303803
3500 6987 15040
5544 3534 647875
4983 5448 93137
6385 4204 250503
9035 6685 1698559
9364 4002 191829
9889 2078 1784871
7766 2158 24328
107 5611 237217
9050 417 582934
5033 9014 290378
1823 4894 32758
3944 6110 714264
2668 8629 465691
2834 6010 1265890
724 861 380629
