161
2959 9461 1948733
8387 6803 224332
3794 1188 180014
753 2007 342058
1980 1689 568865
7737 3486 1150927
2915 9617 450447
6647 1276 419210
5877 4550 2142889
3294 2472 277341
6466 9851 120253
3968 5819 816651
9207 1393 586655
4928 6115 553451
2274 8072 884945
9680 2025 433594
6669 9982 1278221
1353 6862 600393
6869 6452 793012
4570 7411 306448
3371 2566 14696
645 3509 769108
6870 9318 637452
4825 6646 1839826
3115 2717 708792
1316 9415 1312944
4605 4745 760864
5333 3423 1911898
5908 9655 48409
8186 6746 122142
5890 9415 454066
9335 330 490101
5081 8326 406413
2831 4684 498649
2003 5516 841654
6890 5972 20695
4190 9307 794258
5501 8581 705524
9764 3007 1621098
4656 7944 200387
8621 1516 1186
7868 4229 801432
2201 779 629740
8446 7145 1060326
4994 3553 231883
8177 5535 200577
9338 5587 626049
8396 984 343076
4027 1105 496160
7743 6809 477882
9154 8350 271540
449 9021 418611
548 7294 166559
3661 8621 405393
2139 3966 162443
1863 1685 510949
6598 1881 162918
7816 1740 239756
7526 3937 734554
7122 1085 310144
9810 34 991469
2253 3592 772396
5704 5819 492202
4893 9019 200192
9584 3162 230210
5422 9887 909688
1298 9953 1317950
5602 6462 439684
241 390 194951
8396 5015 77618
1108 1443 1685488
5112 4387 1764458
7386 8676 456634
7301 5321 1142605
7969 1740 120319
1290 4677 702836
4911 9471 92536
4328 1093 60625
4895 1351 591949
2972 4888 616423
6788 8501 1873210
4883 577 352878
355 5390 248578
2022 340 589420
5924 343 1748248
83 4769 11902
1035 6913 214066
3724 7815 625190
3925 5780 111398
1071 1442 1020523
5066 1554 165464
5889 1160 73567
8873 5977 1915317
1722 703 252985
8087 6362 348895
4577 6256 517655
8354 8307 842061
6523 9365 824779
8857 8813 582965
9732 68 1477980
4968 2 1309456
9871 2998 1095241
7340 4301 9966
4840 2351 91514
5564 1034 1566851
4615 1659 339517
8107 6033 239482
3453 7719 1252859
1995 5963 242013
8486 4540 507463
9520 9980 1671211
612 2028 368252
6008 9604 734180
4817 6176 2102672
9086 7280 1182723
7386 8966 337371
2997 8735 204702
8683 7275 198604
4238 9819 259130
4601 669 2247976
4149 8768 1432075
3011 410 1297
8208 5698 89170
5232 297 214864
3471 6514 125147
9941 499 46395
6545 4460 575272
545 5886 232506
7608 9053 39507
3649 8324 212088
9053 8318 707271
7550 980 931222
5379 5038 166417
4779 3920 760081
7211 7430 59704
9278 4939 1341050
8615 8728 438379
6336 3346 539784
3264 392 457682
4110 3601 140536
1468 6256 1699869
4948 9761 545639
3037 7371 696542
520 5629 675452
6617 1786 385883
8579 4977 41889
3569 7363 397473
4883 4026 79697
368 4500 90822
2167 6431 62391
9480 8791 1058772
1397 1446 4196
5183 842 660149
7013 5246 473217
5375 9430 338968
5610 1965 243210
6236 9263 386705
5740 3631 166698
2504 3357 678416
4660 4879 501342
6763 5706 3195133
