161
4410 3557 432730
5956 3241 265616
3825 5518 794033
9316 4644 30161
2447 2836 112227
6022 6620 881447
2382 9446 281785
2570 7229 86701
5566 571 260200
7790 4655 2439127
603 938 43806
5841 3827 695837
9892 3488 1658464
4953 6159 1238339
5431 3095 1095017
984 9861 302001
2638 5658 314172
1734 8277 3406
4108 581 272914
3456 1248 541849
6497 9271 28391
3882 5587 1377548
7031 3640 155351
1438 3109 426273
9811 6063 940232
2462 7070 840042
997 3949 1646
8426 4125 1145530
9626 2325 107900
4062 1486 339556
606 1533 1076033
7750 7533 2022954
5826 372 131411
805 6004 934292
4155 1427 635903
5952 3728 43218
6178 9657 419464
7844 2561 709776
5255 1576 757046
5417 7104 32176
2630 2154 124239
6140 9994 64118
8117 3059 109505
8528 8738 409333
4482 3665 105979
5519 3171 1260222
6013 3434 758858
2519 6106 350110
4535 4963 1669069
7367 6541 275284
2965 7729 997385
3734 8466 166637
5170 4426 847479
8824 7683 418951
6391 2258 1829241
3696 9091 131080
465 1002 758430
2314 2774 159823
8850 5239 571376
847 9635 235771
8264 7022 49393
9161 6902 101282
5411 3931 198477
6986 777 24642
1320 99 293051
6101 9791 2467192
9993 45 1015871
1879 3936 41085
8584 4278 77576
4331 4949 161413
347 5308 896618
753 9476 228506
751 2571 395478
8284 415 1062775
1479 7480 979422
6078 4643 38294
6931 5386 1637995
1876 3476 292471
2141 9655 223921
6513 1056 1954388
4512 8994 1220364
8008 2506 576242
2787 4142 651790
3147 5431 1119519
4031 4636 262010
2073 8465 72788
8653 7188 205219
5115 8892 714466
1304 2025 972567
7017 479 130818
8665 8902 1951679
5778 2843 203901
8768 2933 376065
6638 6889 164794
7957 5896 597255
7818 5974 1831339
5878 5221 1119269
8210 5054 305383
3575 4669 112899
5788 1727 387471
5008 2139 294945
3036 952 659744
645 3046 148575
6132 3938 113133
6236 2731 480181
7726 5706 536248
8658 7135 669541
3938 9828 202607
2833 5856 947575
5374 7878 341928
407 2075 1075386
2947 6194 95156
4212 6839 446090
9274 3246 568647
4193 8951 128031
8013 8323 76215
9811 7138 1131910
5038 5 2847985
9544 5328 113178
2950 650 720067
3071 7683 387970
8085 1560 604069
9052 248 1097473
4811 4636 363286
3550 3905 270111
3889 5714 42635
7523 1336 98772
5254 1027 809480
9509 4573 218443
4829 3600 1485160
499 3244 358933
7994 5891 379021
5063 6156 1519909
618 6334 538950
1326 7857 963466
7288 3976 1781229
9965 7513 647873
5300 628 356315
8527 8288 318570
3605 5056 1687441
8292 9627 2435612
6613 6509 207731
9573 1806 689129
1301 10 727428
472 9854 325481
2799 7914 121155
3937 7893 30183
5041 7518 2291109
8604 5298 86261
6353 2752 388196
4500 651 121822
2896 9915 270638
4546 8596 655479
8087 4475 474979
1486 7946 228906
2392 2712 659589
3458 725 2001904
3871 3468 341906
3005 2214 1997916
19 4087 155514
1949 7760 29662
