161
6417 424 1792647
2348 7470 378434
5456 4045 539362
5152 1286 801373
1789 9424 105190
3452 3251 156666
1897 7060 534063
8626 2095 58341
3834 5137 833934
5272 1825 736170
5183 2887 108842
9027 9037 1216638
2512 8671 238367
3311 6637 726033
4755 3754 401142
8095 5810 993507
8522 6241 913528
1626 3104 1950674
5184 3512 578600
7988 2013 144513
5779 5327 235156
479 6058 296242
6643 4484 64482
372 9546 1071035
9430 9023 2041017
6428 197 655898
6489 9787 1478539
8706 3245 173612
4380 8758 684011
6359 6631 4776722
4986 2236 2392717
4556 5294 2160912
1516 2443 742355
2556 9535 1408755
8997 217 36662
4831 94 348268
7413 1995 1264437
9889 5881 269514
2208 8166 11049
826 9658 1661689
8348 2155 158891
5865 8348 645288
9725 7982 3534728
3971 2561 122328
7827 339 38983
5134 9398 67518
5642 9373 93533
6770 4200 1211612
9603 1045 291797
4890 9498 232653
748 6710 47973
9337 6450 1064116
575 9139 46700
7422 2179 401804
5326 3507 155778
9836 5890 203633
4460 3283 342795
502 3548 2356279
3906 1654 72218
871 1071 605023
6346 5191 83955
3290 4072 1505672
5828 7615 1764452
4942 671 125944
398 3637 945200
8694 3915 1154585
424 7815 879502
115 5714 101053
5175 2229 88761
915 6162 590452
6181 9355 151030
6373 4908 1087893
1047 9555 633694
3454 7375 267683
2583 5640 295924
5229 3340 2574799
8476 1961 356362
7485 5554 90087
8782 2935 205784
7972 7313 202876
9207 1426 253773
2924 2556 1306824
5151 9452 150815
3185 1902 231904
808 5020 345898
3874 7202 11064
8953 5591 1031668
396 4404 395271
1852 2690 407819
6428 1410 247217
7962 5393 2242010
2968 3394 438928
8794 6249 273361
4155 6107 324840
6905 62 701596
6222 7915 1012278
4254 4662 183940
8484 3376 389797
4598 9613 238890
878 7918 620033
4003 5741 547846
1158 3062 44433
3665 5208 797673
8547 6462 398572
2489 3214 1038622
2348 9644 560615
3051 1341 65211
1481 3769 938448
2931 7463 25534
493 5313 620963
462 5330 49152
975 8384 838631
4904 570 49535
6293 4537 365674
5699 2038 1185715
2733 3414 114192
2427 9572 707547
3702 7514 282784
6574 3937 126660
7521 1808 29257
4509 9905 300573
503 9206 193058
6151 807 524755
6160 6620 866891
4776 1519 1045558
8493 4296 3140704
877 7294 1624358
1495 8028 106622
1399 4086 530051
3642 6399 342261
7240 4782 155522
5930 4663 115292
2720 4393 52181
9266 8956 1316112
8678 5017 70313
6078 5196 12877
3656 6779 152177
5412 3063 1032912
9334 7567 436777
9436 9626 640817
13 6243 272409
1798 8413 927077
913 1831 231920
8434 2110 21624
9704 7539 63197
8953 7754 457827
2321 5894 117570
8388 6131 489822
2297 6824 264015
4283 5200 146609
4472 3230 587979
6754 5356 15912
5654 4678 566632
6071 9044 652662
609 3430 402245
6297 75 131559
2908 2496 25556
1025 128 266459
5022 370 1004057
4236 4387 1080028
9931 7910 239586
