86
7277 3654 722866
195 8581 608733
5339 8211 472376
9094 993 1515642
3188 7039 2408897
8411 5579 942226
8729 7727 734520
3066 141 1537189
2746 4531 395259
183 5959 354217
527 224 5115072
2955 3925 340803
1755 1058 591549
1988 3113 240665
6717 6167 1307570
9850 5757 760294
9181 6727 3721967
156 9569 1344051
7358 7994 1752018
4513 2903 1889202
1449 2161 1564624
544 3592 566882
7298 3840 1670245
3764 8012 1075181
790 814 479888
662 6748 2463713
3434 9227 5105921
3192 5629 3384
6728 9540 1113970
5899 8810 979621
382 4116 3060033
3125 8035 551463
7449 7542 403493
287 2670 2500503
8797 6544 2005400
7551 5300 788234
175 3317 769549
8872 7182 1583504
7402 1159 610120
9387 5769 449653
4368 4872 370681
3681 3478 656287
6230 8609 51155
9604 1623 476569
2880 8814 29294
7304 1353 2036947
919 8974 1891991
6396 6045 489443
1303 2223 338000
9212 7946 638829
4886 2800 1656317
2515 4539 3589441
856 7637 1149507
4001 7221 634048
5912 6142 1758692
8165 4031 1683350
8962 6308 651726
6955 8048 1137439
1706 1610 755917
4403 8497 2450398
9965 1615 215780
9135 1023 1674046
4307 9415 733945
8625 5004 213039
255 5910 591065
3526 3120 3545999
2472 3406 1103878
4295 745 379256
8166 5577 644488
41 4193 61353
876 1786 834840
6003 73 786132
1887 9097 217428
4070 4988 421585
3226 4375 413492
5063 8924 675403
1974 3051 748366
6193 5830 1404479
6375 7442 3278428
3640 2959 505343
9891 9333 544999
1066 8571 813281
1763 1259 30678
8229 5175 615214
2589 5856 1382765
1243 6893 1218190
