86
6823 688 251979
5441 2061 1238561
7512 7188 2453142
2986 6937 1242216
2901 3815 1764691
2882 9880 896829
5888 9303 326575
2680 2982 507103
1422 3937 34073
7131 7858 48732
2037 1859 2244325
4816 7434 675928
767 1115 2187286
4537 6047 480148
5495 9775 829462
8245 6489 5392085
9412 3837 374833
5041 5733 1497881
7145 2694 152802
4082 1603 1472613
1925 8832 62234
2180 985 3656224
4167 3038 1010097
236 3988 260503
3848 3087 241092
7249 1316 363365
6230 3178 2907496
6329 8483 1645124
6859 5741 157131
2761 2387 200959
4265 6835 769138
5363 9874 2071035
2635 2720 770232
9255 6630 1915191
898 158 471619
3895 7984 422361
2546 7300 159580
5351 1588 1541035
3967 2679 600669
3443 1274 224292
2352 4204 3212078
4278 4103 116352
6664 3876 730696
1294 4930 1121233
6560 256 2240760
3089 6318 110817
4262 3591 452823
1507 1409 812240
8479 5908 2344204
957 7934 2152241
9001 3948 483912
1474 2468 836355
9115 3286 115650
8165 8489 4229666
2144 1788 35859
3327 7699 242751
1848 4070 2466935
9208 5489 3183907
1145 6827 1799850
8435 6869 1683298
6743 8341 446390
8492 619 864265
7943 4769 822129
2395 6980 797195
6000 1616 1074638
1801 4223 529285
5541 6701 575517
8558 8746 270773
780 2887 1491518
3350 1457 56925
2355 2921 1102954
3266 2935 1568507
2723 1740 23347
9472 7300 1553929
7312 2150 3392484
3912 673 1244487
3490 9058 46283
4824 2119 1932538
7405 4687 1012575
956 5587 1678906
6796 1185 3114166
1503 7781 911691
172 4619 229599
8528 819 45658
8873 2962 1046742
4705 4787 2275231
