97
1318 5406 1415440
8186 172 1135082
9982 4265 1135513
2921 9732 202779
6250 1286 89699
6357 3051 123743
4936 6219 285779
4843 9608 127898
8933 6344 1013725
9767 9986 2349021
9927 5942 2115899
6397 3195 1857146
1857 8049 2002898
4004 3793 479336
4409 7200 1103328
2067 4229 1270336
2416 5111 2920562
3558 1187 1596297
128 3013 49739
6387 7322 694277
110 277 2165198
6048 2819 197425
8229 4673 544144
7403 9274 339017
7650 9142 14398
4593 2170 1489121
5695 9853 2733872
902 4810 187004
4272 3735 34244
3449 6396 1239346
2114 2471 576302
5630 4438 671028
1677 3596 409223
6634 224 76365
7953 5363 172767
209 7012 26548
1885 8662 1194138
8446 3509 697361
7586 2827 2224126
5762 9298 783034
219 4345 1490550
4150 5858 3807245
4636 5979 244946
9070 8303 4369098
7271 8188 34413
1270 1178 1407824
6816 7640 865919
6789 6945 1794835
1193 1125 3747656
7828 5611 907383
9447 8964 616647
2796 1464 260811
0 4831 1808144
3541 8784 708374
7404 5431 114398
1368 4139 439013
9642 8473 333106
2907 1338 63720
5818 121 794816
9126 3489 506401
2384 8229 177087
6618 5054 1603444
6766 308 2438506
6185 15 166591
1354 9971 126
3273 7814 65896
1128 1108 2122165
3180 3145 288596
1293 1193 958153
6345 7662 2062993
5124 254 184945
836 4353 554892
4214 4606 1337784
9141 1301 1485544
6193 4534 1569733
9111 2707 691463
6811 1311 34108
3132 4534 833415
7106 5322 823985
9433 1031 127485
1810 666 2482008
188 7294 2531494
5296 4728 1420005
66 6931 111531
9727 3791 1034126
4999 7747 887850
1603 5512 376367
476 8620 92408
7207 3215 895766
8829 9933 1021047
1137 2863 1027086
9364 35 1358924
2449 67 3294296
4695 3435 892507
1140 9165 1661196
625 5720 964189
3211 7166 363832
