213
5874 4258 1211178
313 5347 269087
6136 6828 106297
284 8042 1012301
6109 8185 373809
9541 1520 232497
9216 2778 69612
3623 1434 1343189
2273 8970 201053
4154 314 1503999
3681 393 13872
5624 3268 266892
6867 4479 365419
5051 7709 358212
4640 7734 277744
1185 5668 152607
8198 8983 1751592
6843 9958 928401
5829 4099 1029496
619 1366 716112
1954 6179 502945
1549 6142 373146
9842 883 117972
4884 5380 90932
4186 2311 1722
5522 2718 480819
2533 9531 128003
3305 4175 60749
6956 9151 92513
9594 5195 626034
2106 3603 628732
366 2764 518641
7746 4214 1401348
5479 6111 288351
5871 7043 259108
808 8848 164567
7039 5836 536493
9907 7462 1724295
2263 1618 996884
7561 4989 215060
9679 1481 87455
7237 6413 578611
7759 7057 335437
404 4463 7378
8606 1869 62815
9378 8854 130899
4511 828 392553
1531 8834 57820
904 3190 305866
9245 7873 100637
6935 2235 518773
7857 5376 444086
1495 2856 140678
1190 5739 881623
2969 433 864008
8616 7699 181134
4925 3704 520593
8799 4507 292785
849 3683 573008
5366 2499 443205
8691 9919 2009200
4178 1226 621714
1346 3878 74949
6101 2811 240251
8802 160 115081
4107 7539 9313
2465 1634 13636
2024 3735 296850
5695 4807 810889
5735 3710 615382
9781 5941 1879969
9012 6218 1380054
2793 774 417265
5246 7724 466250
5169 3865 257570
8087 7383 458670
8249 131 230798
8824 3058 226043
6462 502 112406
4414 9086 562245
6653 2798 543961
2382 1023 341066
9035 1654 734113
1497 1298 4489
7707 3569 129039
2559 4897 1286729
877 1049 596135
2186 357 363342
5760 7998 98476
4315 925 595515
1291 544 936858
9417 341 600004
86 8596 425777
3077 5366 487357
1964 1807 428950
8996 2677 21533
352 2196 275192
3672 7855 990420
323 6584 33699
2039 3734 957524
7082 7512 550371
527 7706 105858
3431 6750 1275774
1716 954 153002
8536 2051 1056527
888 2752 520574
3783 6304 205298
8095 5153 186838
2801 9945 658341
766 4594 280419
6300 1240 84292
3491 9367 2021865
2635 7202 91701
6940 9041 60719
652 2261 208708
6429 8815 1876314
6860 7255 75324
8000 7960 404722
6532 353 421561
507 1151 164505
7693 9011 800184
7866 3970 96421
7269 7234 217319
9518 2062 1502441
2825 2642 815483
558 8819 20028
3004 8728 631238
7639 1093 123264
4453 3907 443955
8632 4838 218328
4768 4643 276914
8429 5132 346427
3253 4031 538868
9884 4481 13473
7578 4710 228049
664 8550 35328
6023 4766 21012
5523 8271 108169
4355 8349 210253
6439 8591 367576
7059 2858 98638
502 5243 89701
5060 8883 67070
6784 1720 1139396
9079 1571 987914
7728 8863 377735
1701 9204 809678
6670 4397 47589
6572 3465 688261
5591 9861 1082550
2197 6921 1113204
7300 7346 842201
9283 4061 239353
2139 5582 75594
2515 247 3390
6471 9949 97504
6062 3990 46013
5960 2522 421700
9142 3602 524443
9844 2114 322749
3330 7635 452886
6134 5542 339842
8935 7637 1182607
6405 9369 1038717
849 9962 1951164
5086 4613 54120
6660 8518 669500
9263 7913 1227740
7613 4645 158292
5187 4347 926429
3161 21 1182477
4135 847 11209
602 4433 3985
994 8117 222321
453 4430 294408
1293 3351 5393
4851 6604 118036
1888 4165 503259
778 3894 221569
2036 6062 638782
5957 6845 78538
5303 2789 521255
8539 2500 346363
6730 4071 591447
1269 8605 412906
4696 9279 979867
163 7032 588945
1311 591 1422186
262 420 16780
7228 7166 123540
6125 1048 60968
5369 424 208285
8961 2097 122519
4387 6170 165201
2537 4058 125097
5942 1295 194537
1661 8563 448035
5985 1425 523412
486 1341 55272
1794 7130 343839
2469 3915 347451
5630 1623 394933
4669 2988 391784
9208 1596 926204
8454 6416 145876
6802 4243 429140
4174 8140 214776
3556 3273 136329
1742 6154 70705
25 7725 981485
2717 1288 842905
2671 7363 472630
5334 257 662167
