213
8031 3976 544794
7660 4894 400299
3684 5328 175074
435 2420 108724
8269 6243 533191
2267 8840 51276
6995 1447 1233927
4847 5107 143458
3672 6611 209498
1769 2903 1734853
9267 4572 244093
999 1608 523398
6785 4136 1437036
1301 6235 519706
1458 7058 603039
2320 9380 484754
564 2350 446947
6761 1859 496472
4814 8833 2309257
7152 3138 732421
8433 4962 118888
5365 6026 388513
6973 9909 335145
83 8618 125902
9106 231 69564
1066 4273 1245840
4955 2911 466496
6410 4736 566785
744 905 252084
7638 6795 150221
4238 3099 214738
6319 7639 1526684
2222 9909 106977
3441 1437 431891
2168 1218 798849
8835 8486 92453
7717 8956 296008
9709 3509 504934
8156 3352 5651
9284 9517 29912
6040 1452 462994
6962 5981 1129724
9433 1462 231004
1588 2719 8043
9720 7456 326023
9519 3820 22335
2473 4068 633418
6044 2216 395153
2635 2890 430961
3403 831 123139
8936 1163 664355
5033 9351 598854
7248 6886 382940
6713 2753 371134
9860 5792 970970
8461 4582 617272
8075 7091 979083
2304 4984 130906
5814 3555 232344
3799 5124 249367
8389 245 180131
5345 5279 22124
2261 856 506043
9774 7679 903831
9052 9774 54129
3156 3586 18061
8435 3836 375901
404 5268 132931
2094 7975 732179
6029 3580 352442
5313 9311 27389
7400 4260 521404
2264 304 565635
1327 9988 144277
9584 3617 649975
1659 4868 601255
2136 2491 737483
4048 1195 121542
5261 4310 928188
7747 9573 340752
2921 3202 737335
2363 6773 315451
5783 4973 131674
4851 2111 1729394
9332 7103 536916
6308 5050 360294
6069 934 431095
5957 2210 480068
5931 2320 1260349
3834 31 7057
2391 6693 357973
7066 3607 586730
3982 5764 202436
5596 976 98424
9704 616 817713
5270 8962 1211805
8460 9203 146856
4889 6494 237452
7367 3065 209865
6515 6702 152689
5228 2852 341855
4608 9208 15303
6712 5579 485318
9352 1614 205024
2075 3990 139441
7625 7653 291440
6041 6881 446857
6655 5948 797533
7141 1030 263709
3617 5754 175692
6102 3298 439203
2764 3688 6928
52 9840 103614
6583 8372 130137
1284 4624 62972
8159 4634 1260019
993 5292 27020
357 75 820385
7759 8574 432524
4865 8601 236987
7421 6703 634704
3254 2835 688193
5717 5595 80037
5876 4528 64959
1085 9476 177889
801 510 158790
4559 9295 126788
6629 866 53980
7366 143 1429509
4004 6736 15182
4516 9874 1225294
3231 4772 165403
6814 6731 631060
5367 6963 137530
698 8504 1826834
8009 1358 281407
8148 9420 36195
3186 6862 283198
5409 5533 972138
3857 7857 886075
4234 5250 186856
9781 8310 491367
5627 7164 307733
1331 9597 88669
6285 6497 722058
2868 2512 318309
4397 1879 242535
3285 1896 386538
124 4141 17508
9006 4760 708636
7190 4826 153831
9946 6349 72055
374 1509 1636555
5562 1023 511921
3063 7190 133309
7543 163 213665
7802 1072 211436
4353 8598 178713
373 6926 216531
2028 1245 353248
8843 8851 521061
3186 81 600420
7196 2626 457899
1777 9446 118148
6736 6991 680816
4995 516 178731
4740 3079 254729
2184 2398 2410
4135 8249 1440960
4530 5173 137050
7668 1671 738208
6610 6942 2170059
7980 7410 1787539
1266 4775 51873
5536 7243 280920
2946 7880 538062
6726 774 52791
3641 1402 206918
4072 3665 576714
1590 4921 670808
8936 8240 322505
5291 7076 2021616
1027 1459 326575
172 5215 2714
3858 3965 785166
277 7672 968381
9745 8686 124419
4749 5796 330389
435 132 543232
352 2110 808632
8473 130 40127
6979 4048 337274
8142 1480 747850
9201 4098 952524
3255 6102 547227
9624 4612 107923
9215 6267 46006
6059 2522 209363
9747 785 713122
9549 4447 175868
6378 1920 161915
3346 7627 188799
1295 7640 404699
650 2820 854155
2368 59 353383
8815 8963 94212
985 6526 732495
3901 7752 341656
7678 8960 732768
3504 818 140127
1278 6734 413136
3930 6805 2498062
572 7580 251946
