213
8066 424 2292868
3982 5564 53414
4740 2634 455588
7266 7278 322020
2303 2721 236635
7089 1432 1539699
7186 7364 404375
6120 3031 145113
3117 1735 149076
1679 8175 559525
6351 7329 226767
315 6231 64226
8141 6925 463323
1212 8956 513554
2772 2148 27705
3897 5610 1077961
7853 8715 627742
7486 3873 169143
5185 550 216657
7391 1006 592738
5355 5641 410888
618 1631 783895
1868 5528 327227
5619 1878 420455
9517 199 37794
3070 8671 217404
6285 6592 395927
558 5759 795197
4683 5989 517656
8401 9286 197456
3792 6994 634067
5727 6534 86462
5523 647 69034
4894 331 294956
5555 595 284176
7028 4165 402926
5567 5576 420009
2448 9463 598304
980 7820 2076683
4777 422 548008
7932 4540 279340
9340 4364 528207
5641 118 192054
6210 3378 97712
4365 1316 1436472
4477 1687 10245
9290 1952 434036
7187 470 358011
8139 7056 21599
5834 7318 136176
4881 6589 150667
8232 132 84781
7372 1242 31888
4719 8685 638441
8041 8691 187821
8281 5366 17592
7971 8817 480414
7311 160 51841
386 9572 1342085
116 7255 344658
9589 260 130342
345 3063 285105
2501 5677 130492
4073 9308 322811
5522 7294 148645
1410 6070 412628
2812 6930 565605
3476 1030 509004
4351 6494 161057
4773 666 137972
8776 4448 913483
6276 127 35416
3846 1029 584491
9944 5602 511826
8455 6685 226083
2242 7130 1684560
4818 1300 138382
3822 8842 81897
2224 2251 195512
5437 6474 358160
7562 3098 212774
5168 472 875440
9744 8697 1243864
6231 2059 334316
6908 8772 77294
9276 1555 1518378
9631 2683 204667
1231 8514 573924
3890 5259 452615
956 312 251335
4346 1659 1007609
6436 7471 111172
3654 3038 365905
7590 7670 2176272
6843 3973 23351
6039 3428 136850
4044 9959 98333
4060 9146 654485
2745 631 491369
6508 5771 9127
108 2314 633486
9839 7182 220234
1870 5751 948185
8816 4656 230152
6052 7703 298920
2843 731 163092
339 9855 1110937
7271 1222 31573
9517 2497 888921
1109 318 202668
7434 1866 164482
4792 5374 465245
2409 4238 724152
861 18 296454
1915 162 451324
4302 8482 273749
1683 7921 99030
6670 9765 145926
6859 5986 1550639
5015 7191 238270
1744 662 582574
6776 5951 2919
3514 6320 77622
6669 441 566337
4726 5191 1290408
9755 1239 360180
8237 254 386726
9413 1996 519454
6495 7257 82849
8873 4243 160964
8773 2480 32017
2557 1409 537623
8099 6673 1292721
6765 2809 995506
8713 3794 42070
7617 9728 688426
8735 7593 193238
8795 9114 2926681
2763 8601 280561
2823 190 238904
8714 4182 373013
1611 1644 275924
2741 9974 683232
4349 6651 189232
7939 1466 971642
4508 4521 864106
6255 6315 438535
8942 8900 139508
3798 1129 461522
4415 5261 156388
4916 5735 656114
7520 4275 755520
7914 6529 156485
9473 6425 646718
7742 5881 488482
442 7345 1205870
3269 905 93755
1742 7123 1454044
7394 5187 47620
4982 8922 408953
3356 5548 13795
3507 5781 620779
4932 9323 468680
2549 1789 952268
8562 9352 797648
3960 109 1546248
5183 7580 513407
2304 2834 131839
1985 879 129195
6278 6520 315529
253 136 63686
8749 7790 295914
2910 3364 992414
1455 4147 35964
1856 9256 265491
6177 9937 154695
4631 3092 202990
8245 2677 1920224
8658 5804 697461
5568 1172 92339
18 326 227852
1311 2710 37139
9271 9002 243872
4362 5299 300001
8311 1881 478955
7040 3122 18037
9182 7424 301709
5271 9950 587878
8043 4565 39772
2123 8624 750471
6992 407 926235
2137 5445 513
3406 2403 229539
3564 3063 354533
9802 6110 569411
6042 1140 318620
5814 1851 776483
8981 2815 174542
6920 6668 962202
3314 7508 935667
3046 1521 146517
9592 5400 118458
3863 2912 995511
4791 2558 668634
5462 4222 1163998
2853 7392 229555
4875 8403 262440
4009 461 340296
7773 4589 403894
6957 2276 9238
1767 9404 133298
8438 4857 441439
4154 6148 947599
