235
9925 6470 1086400
9081 1691 1186695
9465 5516 64646
6448 9682 76201
8901 287 309620
2421 2858 714060
4227 7956 885176
3653 6736 910299
584 934 1310
1204 2127 1797075
7196 8474 518593
7938 7589 603751
66 9929 203092
536 1584 145430
2854 5156 113256
9933 5699 267468
3247 7915 106184
5209 3339 421991
5797 8726 459417
6000 9123 65496
1163 253 510660
9486 5872 267161
6387 241 81127
6596 9046 232264
4820 7340 226794
6985 5851 633467
9055 3965 55447
7559 2151 222419
6810 8727 1201765
6886 5251 210869
1042 7681 625699
5553 9346 355742
2302 617 451947
3013 124 982055
3881 9032 71039
3491 9769 155875
8485 6851 131093
4183 9894 258015
925 870 366092
1507 3755 14913
4824 9737 794388
1054 261 343264
1806 1369 82311
7292 5822 243158
3669 1607 300326
9231 8904 181197
3017 1046 508322
8239 1959 73877
9608 615 593523
839 9048 43605
6884 1528 413327
9011 1812 587641
9399 4638 171747
4262 3985 909019
454 6775 12100
9162 4272 100542
24 22 948632
5370 3663 167421
988 2897 304802
3713 4379 944626
8250 9299 1275812
9625 6589 1630521
4111 9728 14538
5376 7675 42508
313 8738 401534
4917 1738 243439
1206 7989 79617
3281 4645 386091
2078 6442 88244
2430 6567 169630
4014 388 644346
650 5380 642790
9413 1448 341445
7798 6038 1130694
6221 5740 59263
7541 4776 358183
8379 8919 104719
2559 966 1204
8947 7551 351187
4621 4121 432104
439 3366 149730
7562 3962 727230
794 639 1048078
4613 1790 261851
988 4443 158458
8904 4870 972974
4263 682 239345
6492 2013 1106601
4830 4972 191792
6164 395 122897
6632 1973 215738
9011 1188 1165810
8297 774 530584
9699 8767 750872
8818 6460 1189956
7825 9088 143864
414 9496 100332
4148 5731 2417
8772 5369 990709
4978 4348 256125
3633 2005 428725
6006 5451 15348
902 6056 95469
9098 6907 214612
3444 739 746988
8039 4071 41608
357 5645 175812
4448 4013 922850
5446 6811 304677
9142 2051 88674
354 2545 187239
5002 6692 18561
6360 5735 244682
5994 8316 11291
1554 7279 717702
9793 5225 7339
2880 3402 257730
9039 3812 471999
3910 1717 603758
5298 3662 438238
4178 9488 48344
104 7150 372910
9929 4635 39436
4765 9701 355425
5620 1712 596653
6324 4356 379592
7092 5090 109006
224 2580 625905
2216 4813 120255
6421 7199 816791
4462 4968 2137678
8862 5732 320849
7742 5682 138855
1078 9127 503955
5757 758 15873
2427 6389 106178
3992 2562 21652
23 3546 132418
2941 7068 701227
1521 1155 137976
7351 8850 68254
9608 2602 104978
6218 6714 477209
4129 7104 1065083
7695 7323 18897
2258 856 638088
7486 57 36318
4152 2198 297888
7278 3388 749973
4884 2554 515356
3042 6077 1377840
7279 5795 989999
7057 1590 386202
1266 1559 641265
7156 7783 393780
996 835 538169
7875 4380 372706
2978 5465 115165
4331 6099 770814
3724 1868 70558
2255 3660 372806
4852 801 159388
6491 2793 1154448
1253 4547 835426
9938 8413 103742
3809 9901 118227
1037 939 107946
8375 8072 133613
7912 4095 376265
3981 5861 1532277
3980 3973 326568
5998 2823 534463
1791 3327 1066309
8835 3730 215974
8463 4299 955001
87 1600 260916
2545 4827 430816
468 5170 555387
5891 3178 710831
4158 7387 63035
4497 3763 129823
8940 7954 52949
1742 5672 791779
2530 3535 257689
840 2309 445024
7096 1086 470660
1294 9386 250171
7570 3398 357057
7611 8297 107320
7907 9157 869034
946 6178 445974
4652 4597 853114
7932 7481 92498
2172 2403 901814
9518 5219 57058
9890 7266 549150
3638 5352 422295
4643 9625 26241
5674 7593 431987
8023 1998 181097
20 607 186179
2405 4606 66012
9323 3355 192761
6261 5652 231759
4243 3717 132220
8117 3907 448759
4697 9297 341279
3231 1691 227661
6718 8592 113605
8602 8336 75995
7995 1130 259733
5894 6891 154983
2760 7265 1570121
6017 935 5501
7468 1906 243615
3450 7725 128298
7881 2964 848914
7757 6058 857017
3254 2737 852909
1169 2162 118112
8483 633 784003
5651 5650 401179
6018 8334 397309
1486 4119 1553800
2471 8224 117389
6804 6804 203552
9049 9117 758801
9578 8879 67190
3297 7010 133842
8079 6366 185344
9052 528 1020
4911 2545 609351
7931 8792 2215649
8391 4701 672333
4696 3248 397148
