235
5005 3012 590852
6265 539 384187
1302 7278 47036
2870 7734 773592
6005 2382 936377
2087 137 36181
8525 7717 811646
7362 4323 245664
3873 8034 184448
5218 7401 279535
83 2667 107133
4509 6892 278689
8740 3477 824637
347 4897 902327
3349 2037 478973
3167 9854 444657
7080 1116 59158
8338 627 143055
2860 6125 216826
3199 2679 39146
193 2189 335025
2092 2585 102857
5208 56 106763
8461 2583 348486
1686 3183 43525
3761 5379 71510
9586 9896 241285
3980 3377 566348
8267 5779 1016099
5763 7143 73736
5142 2662 671795
4827 40 263882
3498 9355 769220
8095 3932 107739
5158 8540 773583
8091 2016 1246373
1617 9878 168974
3599 2032 409164
265 9177 811994
9895 6612 16186
6314 5481 59184
9674 8299 117824
1143 8343 214299
1084 9694 1072480
7142 5115 48919
2956 7590 767115
1036 4078 136995
1718 7337 993012
4581 213 308907
2515 80 44565
7244 656 623739
8015 8865 44210
4420 4018 307629
8421 9583 964592
1237 3981 415670
8041 8607 606695
165 8932 209780
6601 4229 160254
7769 6920 24295
4814 8152 1129691
519 5400 397035
4024 830 630229
1281 5410 180799
9552 2831 430977
8786 2077 327225
6 3297 83490
7227 8559 938653
312 3945 91727
6874 6489 32176
9933 2034 512228
1977 9736 412409
7561 2223 317353
2254 9090 15591
5109 4441 221272
3592 58 226066
8043 1320 453508
8718 3788 537658
6786 6543 1706294
5146 7014 61874
8413 6995 174650
4462 4875 1285816
3375 8047 65081
2366 9645 261044
6325 1816 163706
4873 5441 230607
8742 2558 512165
5544 7286 702573
626 4812 252538
2773 450 99001
4424 6638 1064337
152 4266 380903
5608 2816 234332
1539 7120 162702
1808 4983 166940
643 1710 279100
7322 4660 405101
1545 2620 226024
3278 1274 125700
534 9395 247507
8146 4544 42055
8956 5582 281674
4073 1761 1738945
2608 4217 815
6204 8378 114562
6064 8472 988315
396 5562 88648
310 1869 545004
3748 1271 748
34 2517 1140389
7476 1906 390178
3176 4929 206932
8167 7224 157717
33 7424 225969
7007 5959 234436
7783 6669 227236
3028 437 132545
2010 6600 446551
386 3337 222621
6207 2018 3144
8029 299 199564
9936 7359 294757
1835 5418 370591
8704 6232 712466
3224 6377 320909
2536 9705 18950
7775 7681 1508034
1558 9977 32758
4334 3874 317657
4751 3507 647952
9419 5572 1514564
357 1458 47896
5215 2997 1006397
3873 2681 349972
7434 4164 584181
9273 3796 1436173
8242 4314 30505
9421 3099 270596
9104 4131 350209
7200 203 605454
3824 4926 723794
6943 9756 160274
8432 6656 327311
8169 2183 877442
6149 7036 717969
1391 1181 31431
5719 3281 9668
5401 130 175474
4414 9924 10299
8981 6879 1378950
9325 7779 1046437
6567 1264 999059
5835 8293 151143
7869 298 570324
873 992 904832
5890 1682 280389
7437 7759 72479
7465 8186 58314
9826 6570 346819
8953 8679 369694
5603 4107 1017556
1865 681 1483674
7740 7846 1041897
5948 2350 1408047
3128 6653 168829
5736 6650 417150
357 1738 41731
5742 4146 30699
8173 5026 59327
1757 4499 5292
2684 3237 490145
5223 7510 57178
795 4662 560025
7648 2693 160852
2908 6081 702608
8168 6967 4937
5019 5102 789445
2901 2645 546003
9073 1299 1368216
3927 9304 36798
9603 5363 969884
2408 7085 15287
352 8010 118891
9848 5508 804113
6842 3940 1263580
5276 2657 67379
1794 2235 1312618
556 6627 285327
3001 9394 318995
6590 2752 248408
3887 1159 578535
1216 8037 295177
2995 565 848974
5568 281 232462
633 8182 178882
212 8810 524657
7675 2355 388642
8959 3173 620979
4239 2601 21587
407 1133 56456
6164 3766 282191
1523 5231 233489
635 3101 423926
4168 5121 669528
1847 9273 84570
8154 2381 141344
6965 136 160975
7821 4824 162869
8857 2598 165212
4530 8044 63002
7136 1328 148475
882 4569 286189
5314 4962 1049174
9646 2371 832857
6032 6165 846125
6102 171 787386
9812 4470 288175
5466 9705 277500
2377 1260 84350
7071 4194 1031822
2846 6586 26773
8375 9796 561294
9394 8978 33561
8656 852 171643
2960 3709 98552
3276 1946 783473
151 7857 117736
8880 6387 2692330
4896 2771 354499
4849 4168 388142
7922 5885 309895
2108 3873 571968
2279 3605 292463
8321 2256 47166
4763 737 92938
5159 2326 82086
