235
6568 7601 514550
7181 5510 711985
452 4954 1011109
497 6835 103002
9543 669 405415
2417 807 81925
3687 7503 762740
784 3978 570957
2263 3835 1301898
366 7916 132046
3263 6839 54402
604 8814 175226
1930 6798 448503
926 3275 320693
1256 1342 60220
435 1931 8368
3411 4158 216973
6704 900 441668
3095 9679 707216
7924 9043 33447
5164 6029 22986
5634 976 224016
1909 2911 1336860
1115 4140 1021117
9979 962 419112
661 29 492534
538 2235 259608
4939 4714 202570
612 3434 262171
7932 5184 477094
8121 4215 153223
4004 9887 459011
2162 6058 221324
5599 7088 204415
4975 7215 526830
8209 6336 92054
7227 3708 215856
9995 7393 6752
494 1731 1755
6717 4017 1745554
7824 1391 1689651
994 1659 686234
4143 3963 798202
809 2515 232249
4123 290 139353
1441 1890 709067
3096 1844 113147
857 1348 278545
3457 863 357679
3137 9021 252800
1664 6503 389269
3311 7345 20557
9545 3464 186694
9764 9365 589824
5961 1272 301810
6039 5073 219523
3605 8535 125555
3138 2331 11618
5560 4014 43287
8575 5754 320771
8436 3423 63095
2467 117 623981
7609 7649 315912
815 3388 44383
3578 4670 571576
9610 2963 355503
2818 7296 803769
5792 9573 24234
3505 7759 383840
7810 5443 435202
8111 7676 1985072
6028 5191 8573
3305 151 225551
8720 7920 211968
1041 4856 160123
2022 3882 154599
9511 8870 180774
1342 8048 529973
7348 7648 771553
654 511 967356
4619 5997 630808
1104 3504 74580
5631 4610 534705
8075 493 282448
8050 2635 713746
3152 8092 366020
3575 7351 65268
7234 5994 532345
4039 3727 81625
8385 9232 152151
9388 6953 181432
4043 9608 194026
2656 7749 568987
5832 5358 422138
5991 3847 1046478
6901 9139 55627
5933 4905 350961
7552 5316 53431
8507 9095 510912
9828 345 125023
3874 559 840044
2130 220 128166
9113 8760 47307
2484 4988 77113
6913 1059 1254354
119 292 107830
8447 9172 576075
6278 9380 1707566
1758 743 366211
2557 1095 838202
8184 5719 513014
4602 834 97847
3418 9062 132111
6412 5371 99621
2048 707 198845
4594 4356 253350
4396 4888 108798
2982 3565 139620
8537 8930 1046042
462 2516 353036
8209 7624 754219
1643 3071 587388
2344 4382 114557
3411 9163 1260796
1830 6445 564495
8240 3833 17587
1971 7452 2486039
9848 5448 214003
8598 2931 1163136
1336 9865 340310
9419 906 662369
2525 1000 39178
3457 1693 487395
2581 3795 663616
2896 4859 25815
9820 5842 740896
2632 1581 221677
9160 5925 747632
7069 1245 25314
6089 5094 6815
3647 7931 1039020
5977 4580 212846
6679 8902 497192
7128 2049 89566
3702 6155 77758
9346 6844 38149
6034 7827 1685318
1961 1688 430708
3412 9165 189681
2368 853 1543932
2914 9918 499088
8738 1657 31893
3139 1686 638492
3987 5379 699684
7505 8827 24500
3965 3218 88743
7487 3000 370274
4680 3530 923076
7181 1654 797785
4956 8812 144773
4944 5656 686277
934 2934 237961
11 3707 637251
297 70 1265819
1899 9211 87493
4574 2990 63757
9427 7892 102211
9584 3903 29144
9828 5177 1463761
7749 1893 979283
774 151 511617
28 124 515226
9539 446 511310
3548 2491 233138
612 911 348374
7305 1689 343971
9716 9366 612053
6224 1074 231501
8912 6451 161533
8943 3085 99314
7976 1752 20985
6852 5122 267680
6946 4111 256289
8623 7139 463848
8908 5407 315464
1136 6342 21690
2918 9683 193742
6622 7398 481473
4129 850 871804
9326 8637 741999
3626 6043 248916
8257 4504 1433637
2669 630 736224
5566 842 679524
2533 2014 13425
9297 7690 1173544
3073 8138 273106
9693 5861 302625
1564 1702 735554
8452 2014 310476
2500 8694 1203132
2027 2994 150285
9919 7488 635661
4421 9398 592328
3817 6009 157471
8561 2097 29706
5587 1724 325934
5666 7309 78194
2660 7023 359220
1379 9715 735563
22 1446 100209
1502 505 182676
6439 9550 253157
6995 4596 277111
2999 390 1720409
810 8815 254855
8488 7847 138244
1620 7376 197112
3093 9457 473602
7831 2077 142735
9723 2995 20299
889 6555 22189
4181 9337 5347
1942 6432 132389
6482 5313 696299
5320 9737 336440
801 1830 79677
6536 6351 9034
668 6859 441348
6624 1841 271610
9342 2204 2092
4891 6455 475192
716 4103 423649
8524 9793 325472
9120 3011 424725
