80
2681 8541 307202
6891 4846 233994
5401 6785 2211997
6623 2394 2396745
6034 7925 940937
9665 2227 1406492
1625 7727 379243
5552 6821 938159
7650 8130 701135
2042 6128 424085
3656 7959 1813339
5062 9723 299286
9360 2479 273886
2686 7656 717076
518 7443 503211
6837 6500 38636
4085 6295 206716
2864 9187 1554991
8553 8301 1074471
1237 9794 1332759
4220 8504 562080
9350 8268 1200635
9432 9133 1270693
5219 7724 999341
2935 5746 787225
4731 9705 409266
7939 1618 1112269
4698 7437 147056
1637 118 2786271
3143 6561 822060
1039 9487 216981
3787 4882 274422
6555 5022 55399
8281 3293 924470
9971 1447 1418197
254 6257 1497778
3765 3876 843864
5544 5012 7419
8171 935 92106
8656 59 2428690
5040 3081 1164174
4985 9343 3466235
1868 9455 416285
2340 9731 574331
5793 1759 1728668
7460 7788 1185212
2490 9409 2148925
4527 611 2650551
2083 3177 1607311
4757 4589 472022
8791 8952 228875
58 5409 1463959
1888 4491 4390160
208 1039 1740113
3694 2538 1496208
1630 4660 474425
5610 5700 5215283
561 7749 360224
3891 7893 1026538
6973 2529 1901217
2989 5643 3662003
1214 1301 2682525
3209 1720 2082315
2500 6945 140640
561 7676 311152
424 3271 2679488
7668 1546 86329
9017 5024 4004132
205 3271 785983
1635 9836 1325851
6468 745 207820
7650 6866 435280
943 5548 971047
21 5394 906087
2941 7936 2989052
8059 9631 763705
8480 1846 1044587
2390 536 3308453
5867 6854 2227441
6590 341 64812
