80
4555 1095 4618572
1528 9327 327508
2622 7180 1446756
7020 9985 1046264
8806 1712 1310647
7468 2271 2321988
9867 2987 256683
960 8053 1113562
5523 461 876237
2906 7256 279681
1393 9324 385280
1564 9869 2232699
4092 5126 2346456
6335 8063 135043
4613 8616 1521828
7472 3978 1116296
6538 1173 2642398
3948 2691 823482
3087 8726 1266608
4937 3928 58617
8206 5003 646331
4549 8723 760707
2283 5677 323646
3563 9190 2984704
9711 1260 795116
5781 6438 442047
182 7397 405877
8941 9292 1290604
5568 2513 740225
6879 3391 598457
4844 7561 863020
5617 5152 4957338
269 6300 662855
7646 7798 5611811
3390 8652 1434931
3506 1846 367118
938 334 1773329
6564 9186 3411396
420 3003 261569
8588 7331 1978379
8393 8212 1322242
9669 6873 7163
8412 5648 582772
6669 6689 140789
7732 9011 972000
521 2528 1834463
2859 464 169257
7103 7150 62572
5280 583 3774131
5418 690 1696145
941 3243 2089889
4445 9671 468226
619 517 1162093
4915 943 1095927
7045 1407 1095813
313 7531 259801
4543 5626 739209
184 6353 1198211
9475 6855 280160
8692 8680 541726
8453 3158 947171
2529 9186 1030200
7403 3431 1079169
5400 8326 1136014
5998 2724 3429785
8577 6893 561489
1961 2890 267874
1677 697 2842596
9442 9595 2050734
3734 4996 1881125
7684 6016 235312
1293 3128 1690656
4510 9530 111759
2256 5455 1231646
1840 4015 119308
3610 7894 776394
4600 3732 863832
7084 4364 344779
2019 5693 3320361
5268 6092 151142
