80
9391 6290 1116278
3516 3258 2488442
4984 2931 246642
4713 517 391102
1328 9396 1234074
5586 4951 732107
7199 7847 1071719
479 767 126515
533 9190 41899
3051 122 846886
56 4856 328850
7840 6714 1187358
949 2890 366187
7199 9326 1230454
9829 1788 156252
8771 5990 2499836
6575 2619 1854506
5962 9758 115060
1986 929 58723
9594 8788 4348038
9760 5420 1357197
4432 8441 1141640
2313 9714 1745879
7435 8458 613432
9229 7059 5050609
6788 5872 2827036
6588 8477 1118034
1859 5690 314970
2013 8796 1996497
1384 2104 215815
6404 5433 422268
9424 9400 1619984
6391 4863 2270779
5517 7296 441380
9103 6878 134972
1356 7001 211653
5621 646 3737683
4531 5805 2459013
5267 8992 1360991
3717 7312 515151
759 1012 132506
4862 2927 494265
3729 6251 87353
5829 8628 82662
9691 3109 25989
1267 2418 331192
1313 1702 697861
363 6077 241631
689 5867 725377
733 8234 678855
6650 7501 297272
7888 9928 1882982
7612 6202 150498
2665 5902 2420021
8970 9723 3383232
6129 4562 1211654
8376 9132 5981352
3456 9155 423162
976 7419 3063626
7273 3267 862183
4170 3155 3015316
5706 4703 435773
3006 3099 1055592
5898 3711 1302925
523 5314 1699723
1358 9023 59466
3028 9569 851976
2547 4402 156725
5504 526 367933
5193 3914 905519
8990 6322 3659305
4786 4057 1233666
9234 5270 2949336
9248 5287 670430
7435 2181 1001217
5824 3290 161499
7377 7344 627414
8664 353 138937
5859 6298 4863156
6903 8093 1674508
