131
6133 3037 514972
2640 1679 474297
1375 1499 3161831
584 2665 806081
6070 5858 484559
5480 2430 39144
3087 1895 459891
752 5648 1610042
8434 2410 67626
2230 2132 233726
6153 9079 296588
7227 8675 733467
5042 6362 980689
6645 4708 220583
5176 8408 35696
6330 8895 30486
7903 493 1392864
8653 9217 205545
9298 2487 1871102
8630 3923 2419607
3160 7799 768368
736 7455 805702
5270 5459 1324310
5330 4638 165775
880 9662 253594
353 3949 1069021
2497 1415 684440
8275 3874 195856
9377 7306 1312574
9151 6055 1837585
7784 7914 1126364
1555 5924 104184
5394 4924 548509
494 5673 334866
8556 1465 1388953
7080 1949 801945
8915 8095 91635
4161 6461 880354
6586 3174 474023
2601 1262 82143
2412 8820 149428
8876 7827 318129
2004 2533 1204063
4379 7615 184026
534 3535 3815026
4030 2745 673418
2718 1168 803358
3937 1767 236997
5657 4332 617371
8333 2218 40796
2056 5423 566402
8372 5259 136799
2801 9698 250743
8051 3376 1722796
8348 471 372182
4065 2033 1176393
9445 4726 474838
8453 7125 1108916
6636 3317 206941
40 3904 1975923
1967 2572 172887
3607 4944 1071893
4830 1410 542489
9228 2759 529730
9275 1922 553487
5339 9931 3597520
5120 5083 517915
9661 3390 67409
41 9920 912829
7710 2679 283400
7239 854 78014
2077 9300 1510538
3479 5176 181595
6069 70 36887
58 7619 461055
5178 6932 516740
1478 5770 227420
5882 3481 558363
5662 4458 406268
5782 6482 1226696
5103 3546 98767
4006 5200 494240
3810 919 338703
4504 4242 903564
6052 5052 317634
1932 1938 1526480
9531 5042 536607
5968 705 914992
7468 1935 1961114
6607 9716 172605
9094 2975 110023
516 873 804970
324 3209 633964
1172 8765 64125
5203 2511 310933
4676 3669 549555
8581 80 240862
467 3984 355806
412 919 2011038
105 1456 620339
7053 9545 62106
5646 6256 2167330
9559 9126 870273
8291 5452 336392
4300 3019 5072513
6245 4010 177130
5080 421 3137633
958 4728 530296
9925 4004 520640
9561 8645 340803
7258 225 121413
8670 7943 723161
7982 4738 1484005
3415 7075 787020
9269 805 533844
4296 365 427225
5855 6974 407892
1857 12 76988
5696 4697 910385
3792 610 33325
2151 3239 720754
9159 95 3043413
3545 9155 68197
806 6142 198520
615 5316 22498
6518 6293 2220053
7478 6601 1437231
5204 3763 124429
7088 7149 549193
2099 1071 67185
3992 8649 85155
