241
8716 6426 329425
4170 565 2909
8488 245 733883
2269 363 145167
9350 5809 1018898
7103 8332 194910
2905 4847 175888
1264 1751 220007
3759 7012 28459
5443 9168 164736
720 6614 61874
5797 9247 554250
3041 108 562045
1899 4715 117132
9703 7164 72371
6469 8204 137258
2327 4621 1329331
2603 4740 735348
5651 2446 65001
5879 9915 368081
2835 7219 117445
9576 8886 207458
9301 1500 282464
3170 825 2963147
9446 573 25662
9686 9941 369307
1489 779 173674
5519 8352 328377
7554 7968 1000374
3315 7718 31468
5069 3986 346470
7091 2123 344236
9297 2297 1524450
7580 5367 113613
2718 9506 239237
8488 8488 80119
950 9542 74106
6358 3951 582761
4459 3978 173303
5950 5729 29261
2338 1230 18435
3809 3720 922650
4282 8493 38047
1299 2541 2306852
5004 5643 268519
4929 3372 78271
4415 8113 381003
5619 3817 331520
6638 1048 181391
4145 3542 77353
3834 2616 65080
3325 5209 615588
8207 5300 244551
9523 7047 270773
9880 9058 707729
7673 5210 462672
4838 1499 2027896
5558 6494 38271
9591 5029 408048
49 4050 194444
6052 1910 20174
7656 3417 1274600
9077 694 106064
5751 978 802696
5521 2718 213472
945 8589 11001
6421 839 495606
1455 3543 96938
1842 2436 109431
2876 1832 263054
9960 7633 17240
6360 4752 176984
9514 3750 269907
4420 8888 396554
2314 8090 40081
8649 9997 269824
666 5084 150356
4849 7583 110938
2914 6385 562893
5785 9087 573810
6007 5653 612656
3883 7573 168514
4871 6787 663556
3231 6675 156710
7324 6466 514618
125 3685 672772
4715 773 568159
8967 3395 764489
476 1848 350608
6826 2206 268553
2328 7354 192968
9707 5457 807420
3094 226 482350
1674 6392 248173
5800 190 14387
8190 6703 719598
416 1874 432394
8952 809 418414
6907 542 240341
2758 6735 484278
9632 4610 45660
7671 1920 1007501
7540 9022 715335
7696 736 407527
2216 786 1201085
7238 8955 289132
1467 9612 174942
4600 153 155888
1243 8210 32805
4594 6703 716702
5470 6642 34305
9764 660 558386
3444 2256 24690
5479 4590 1286086
959 4605 316789
5003 8735 708129
7705 764 390240
480 2832 142728
4343 4434 20543
8705 6395 502259
1810 9260 178523
2826 1553 395902
6333 86 25531
651 114 157570
8370 7607 150116
8526 2171 304706
6507 8226 819673
585 127 366539
62 7952 749428
4069 9979 179302
9111 8505 432618
483 7828 402326
316 499 1072315
3619 9971 474601
5485 6852 525251
4181 2459 666115
3104 2006 443669
170 9714 192840
5202 8460 351685
8135 7553 249223
8816 3675 194856
8175 2648 546712
253 8953 656367
5986 2333 770387
9118 892 405546
5801 4486 45612
9029 4235 77544
8715 3187 248125
7164 2837 1011084
4503 3683 397252
4920 65 218440
8851 3656 1211745
846 2298 206262
1468 8680 3290
8427 9976 400212
8653 6052 529670
815 8683 81246
3051 7696 312726
3180 6647 651358
5625 9430 398355
4228 7954 360379
6804 8027 1125052
9963 5567 1041149
9159 6131 269064
3644 8491 1066057
5501 3823 563753
5670 8618 697277
8551 8545 1530330
1662 9836 313733
3673 9857 960
2379 251 51931
1144 3339 176505
79 1515 308791
2539 8815 504541
6063 512 1723024
299 3261 451391
9883 2252 984554
7162 2527 237634
5060 9017 325511
3287 1811 989714
3971 7146 166017
5937 2428 74754
96 8307 59956
2479 3634 74644
9019 6940 1432827
1254 6656 370173
7969 7406 128692
6652 1454 176839
3033 1080 283132
5516 1124 286087
8090 5564 94548
1006 7191 26408
7139 6291 93468
3096 5968 67423
2427 8296 1065061
710 568 172430
1029 3386 325953
7295 9004 850385
8276 3841 84963
7209 1289 41117
5654 2357 1117463
5613 3003 287803
4276 2376 166052
1215 6543 68314
6485 1578 14639
4499 7821 87079
54 1852 313929
8445 9236 298339
8322 8617 370887
8809 9682 727670
4659 7928 265819
4933 3177 1224284
408 6358 264760
227 9311 476099
2233 7552 46475
4975 4924 31096
7271 689 338391
6296 8074 653889
9668 8395 328634
3913 983 61046
2032 547 156349
3749 5656 1018362
1136 9411 159377
45 1806 712554
6535 3679 1097547
9565 8996 49701
8832 6872 695774
9504 8068 737380
2434 733 68055
3769 5086 83168
2245 1406 342133
6805 9817 123059
183 427 488334
6969 8696 212283
4925 7600 364937
1426 9587 769479
6906 17 249562
9063 393 51345
622 3612 32546
3571 1647 421967
1770 7084 786160
