177
2594 9138 44755
5901 8942 460658
9072 1696 540728
7720 1923 370320
861 8350 368623
2942 314 263120
183 5426 818164
884 2478 197592
8993 5064 640487
1975 122 405925
7348 7566 751804
8071 2428 742511
3685 9093 893317
5077 7362 507043
1149 5016 315842
7142 8340 2512971
7406 4698 58581
5091 2885 306899
3872 7952 240522
3177 5664 1137
4911 7719 23527
883 5189 69241
2545 5002 660082
999 5305 1260876
1829 9410 1000412
2433 6209 353164
5540 9206 113215
4057 4219 462176
3190 8271 455915
1387 8320 1151178
5595 6297 701357
6144 9824 690902
6848 3696 492189
2696 8375 868491
6042 3441 418753
707 3550 125838
440 5909 1488233
8909 4002 2797331
4351 4471 1078244
5101 3824 305979
8736 3899 215386
6751 7416 154946
8382 5949 1424264
366 752 515072
7269 8315 346790
7951 7283 105932
3141 1330 1206760
8344 4193 253187
9282 5702 1685821
5468 5603 41758
5341 7307 927258
2125 1892 156083
1586 5292 78778
4639 4842 2819831
8508 4095 407491
6231 7733 166977
7086 2966 551812
1192 9707 103193
6773 5222 2021584
8184 4760 65278
9769 1864 524490
2874 2901 1396139
5069 2065 217691
5529 6562 576186
5199 6764 688112
7043 2352 170601
1815 3928 301506
3736 4047 17210
718 2857 469259
4152 1276 254461
8553 8728 218525
6422 2972 524489
6502 4271 525967
7930 794 145024
6134 1771 432189
2460 5573 663402
7753 2775 657498
2022 4556 207741
8990 5652 17046
3206 6460 753395
2869 8809 174478
1786 6586 651715
5991 2469 1371133
1536 2664 317814
1826 2476 1086622
1212 4973 144347
6619 5728 763005
7665 7396 457979
6044 5739 904843
1117 2246 100239
1904 1585 669930
1929 4675 138566
6631 4054 276021
1216 9830 83388
8780 3127 501217
8881 8349 1037858
3343 3592 471379
2958 5649 680254
7375 1091 40703
3494 9984 414565
2131 4681 928903
3435 7939 878187
7967 2162 394431
6616 1135 1062175
3483 4134 838975
2439 5824 98042
2825 3121 613942
3402 7331 523471
6142 564 442009
5350 848 691733
6530 9577 128221
9427 2102 1258543
6486 9323 856475
699 1848 316997
9667 6715 252358
7404 9801 292784
3264 8529 1081856
9813 4742 205650
1635 3333 245400
8422 3726 349126
540 4053 1497025
7167 8897 597596
276 7412 302323
8998 7070 619961
315 3513 533378
8103 4125 1894790
6005 6985 69594
7531 6102 128463
9382 4531 914552
1411 8963 1304303
5864 2714 1130572
3176 721 1088195
1292 6264 371826
7818 4340 605850
5286 9456 1142984
3309 8562 11873
2673 7634 202509
7371 5438 558326
995 786 26721
4354 7197 501175
4111 5499 27430
886 4651 85458
2006 3078 55566
2282 1070 822629
9869 6661 246368
6564 818 538667
2582 1922 867096
3621 807 987138
9185 2392 770771
7363 9394 189677
5370 2476 148459
5036 8157 217308
1308 7204 80869
7200 2094 33242
9691 8427 717143
5555 827 1080506
762 2672 805006
3939 2692 488549
7359 7370 367236
9681 6158 466489
9565 840 34492
7030 5625 71960
2575 3018 432721
3598 7404 529195
7080 1660 255727
2848 6627 1300149
4686 6737 576809
6727 861 414567
2786 9869 715135
7572 5709 703515
8812 623 132896
1659 573 65304
4380 7859 324373
5493 1608 1476579
1356 9121 1003144
9649 794 686911
8392 2425 66332
