177
9313 307 59167
5663 38 142878
3376 1388 1252
86 2092 295784
4504 2921 183308
1571 4503 772459
1395 2071 24539
3960 9241 260996
8514 6239 231152
7564 4353 1045973
1774 7885 52447
53 5795 79564
8858 2988 225568
2988 9132 587977
1107 767 643433
3804 7028 27595
3432 8379 550510
5261 8350 740097
659 4991 63526
5827 2583 767072
1167 2335 832010
5476 9856 255911
5445 389 339017
4132 9806 1496187
8137 7923 1002516
4675 8616 440610
4754 6402 1169779
1287 2363 717262
3685 2230 111357
8393 6921 343206
7109 6720 356184
7327 6330 70111
1952 2 137072
2815 8966 1442356
5759 9033 909973
9565 4661 320406
36 1313 561567
4266 3891 21840
4997 8970 1424022
7503 6595 1823077
8924 9208 1346417
728 7935 1921962
8593 4760 183462
550 1225 14527
5770 865 816001
8751 7614 151626
1150 4887 604347
1375 2980 488877
897 2957 1075788
7020 6853 59688
7150 9491 1196708
8841 7880 263497
838 4952 716053
4666 8752 1224689
5807 6490 2404894
152 3806 693957
3928 3697 1883017
4982 9216 159323
5350 2655 900602
2940 3529 887774
9778 39 395577
8334 3301 118377
9273 3616 389204
9220 4145 101434
7119 3998 527371
1606 6732 2120282
168 701 126868
1786 8784 547606
3273 1705 156307
3605 6 1205832
96 9444 1388401
2395 8346 185635
6623 8956 272253
4247 1189 3447185
4969 8110 151529
8637 4885 71105
8897 9535 280091
1429 2005 670672
2898 7905 293424
2657 1390 1053878
5260 449 47303
6504 5797 2057763
1068 9606 28372
7702 5906 407099
6280 433 531499
8272 5797 237210
585 4934 1953502
9130 5603 20226
5354 3995 131878
8323 601 225930
7781 9020 303264
6725 2639 113185
8604 6186 1590169
2267 4546 138135
5409 2503 667473
8072 4067 130868
3261 2125 960102
9797 5504 1189815
8776 8667 1515104
2524 929 2125206
5662 8609 1560413
7026 6872 31977
913 3283 18359
8572 947 1420032
3253 432 215138
6843 6352 349382
621 5302 191418
9997 2573 891056
8111 1243 218448
3591 5038 12905
5732 445 1102911
1138 6048 763616
2799 4705 27008
4016 409 17731
9548 2643 867675
1252 276 721535
7006 6839 342082
4719 1488 152715
6291 2110 591244
3981 586 530305
6598 8660 412784
4880 5880 266122
1296 8781 108201
242 8786 779248
8415 5885 1091018
8504 7571 927051
4440 6931 231556
5929 688 384151
374 1938 59806
434 8662 330601
2419 9642 804000
2691 4037 605446
3146 1874 37879
7700 4367 367836
6074 2248 691569
8914 277 17898
408 1536 396128
18 7282 944644
9935 533 26378
3427 6309 569351
98 4306 527164
9746 1862 238317
4421 5984 293728
4790 3971 22618
4038 4501 1323914
8124 8606 64894
544 6446 72065
444 2641 320586
9086 8631 276295
1044 5809 576753
2254 7548 770809
9471 2603 403323
3961 479 59308
6427 860 189851
3349 3828 171184
9884 8061 619037
6980 1653 73319
6637 8048 509577
675 1452 214890
4350 9804 189724
7774 6768 637487
6637 4276 126898
3060 188 200485
1633 6106 42379
8398 4235 138779
8671 4039 289968
8636 8630 704748
338 3593 434693
5863 2026 386427
1725 1231 734369
6057 6402 1701875
4474 9651 1624047
7866 8905 151094
4764 1924 165910
9711 9502 553127
6362 2481 476396
7981 933 236242
