84
9856 7652 2245804
1203 8158 3633321
5645 4195 1454054
1066 3596 702256
6245 300 6446133
6100 9643 529829
1213 7781 760093
3564 523 1623715
866 2206 499777
3049 193 282593
1159 6817 99471
8704 8952 1878122
1397 307 659328
3584 2744 53065
6734 4188 314143
3959 3098 1608251
5187 276 559436
3788 3112 1714878
9074 1065 99022
8892 4121 29313
7480 1441 2406800
9321 8608 437167
552 3694 204206
8953 8699 455347
6470 7812 817
4655 4971 2033582
5658 206 428443
4337 8285 1009607
1526 1549 314999
3685 8969 131238
1150 694 1252146
542 4270 1078813
3593 3069 636064
8164 3966 1679059
8759 4598 616127
6889 4119 1250400
8587 2237 1514638
2468 6076 1302461
8900 3178 2509138
2025 7452 670210
943 2030 71636
2968 6902 237634
682 9058 1353864
7866 1197 1872156
8787 6699 1571316
1087 8421 1505267
9873 8534 921792
2746 2839 950684
1141 140 3569097
1227 4753 1751548
4497 4553 5413791
8164 3517 405129
9002 8125 531492
9521 7798 1238885
7889 5252 498718
7599 4995 69982
2607 5130 1064842
4796 8494 1568697
7186 3977 4434737
323 7070 261088
6260 2379 208875
2824 3827 1790179
2373 8113 1183071
927 1576 90384
3380 4458 1553196
6352 9411 704844
8288 4603 1365233
5307 972 725604
3651 9170 409597
2049 4831 145355
6911 5775 65041
4325 2442 1590763
2289 7501 1191026
8939 9796 1185597
1717 7330 2276112
1567 5456 371732
3272 3258 838506
6260 3782 1506088
9307 2360 5113489
7682 5168 900568
4444 6761 1468956
5081 5153 279655
2442 1106 262702
2944 17 357206
