161
3192 2572 231670
2250 6660 2253923
9756 5465 338666
5888 3507 2078912
4668 3940 1291652
3256 9601 370385
4693 723 865540
1742 6605 1324349
6273 8945 192562
9222 4290 40198
1601 1363 2350732
842 3301 1228495
2299 9071 1072797
7038 8655 1689283
4767 894 185590
2229 9095 99261
1007 24 1162928
9727 9368 158490
4038 7109 114638
8407 5171 284192
8789 6227 70856
3422 1771 542685
1918 1150 1018454
8126 629 204721
720 6081 456671
5897 6347 638643
9204 1046 1017852
6853 767 819263
5797 6854 513607
7266 3506 463625
7794 9530 2161979
5781 9339 433692
1334 5349 181041
6187 3204 208941
9364 4372 52407
3125 7910 479794
7569 7317 400133
4288 2867 30537
2361 495 517615
2172 806 35677
7712 7537 865893
1831 5229 153476
1473 9048 96051
5289 1955 653341
2225 6960 31905
8405 4374 443475
7692 5882 447748
5792 7295 397045
8271 9166 153187
9076 8564 1813365
4041 5895 847044
677 6202 210734
4963 939 265149
3746 2973 277399
3958 9838 830931
3776 3018 410053
2207 7897 307212
7257 1428 219448
7218 7781 83098
5800 4526 717788
3441 6527 172225
3924 7098 238207
7632 9124 355612
762 2603 824799
5890 485 1236904
6183 3804 408798
3396 3229 536614
8917 9010 1029571
5726 2118 1590900
4434 1608 687249
5676 8792 373238
7530 804 637239
3951 2649 92839
9681 9272 568364
8910 1165 789613
3127 9498 206646
9457 2867 626345
5844 2335 803042
3518 4250 1204843
5728 688 102126
6525 2414 29126
3014 1737 636190
7994 7051 159199
7061 3400 455158
5990 5204 748898
6431 1782 1419365
6796 6054 138377
4260 7266 859013
9124 2145 67471
6321 6563 274262
1360 4598 1130728
8262 4309 1169790
8630 4725 141538
749 7066 435144
3401 9040 13512
2105 135 543567
4641 6750 230410
2802 3982 1785915
795 5913 348580
7130 5696 2923327
7754 9092 574384
3170 6412 99987
2096 592 837777
2539 1238 696726
5511 5503 14152
2303 4489 307749
9872 6909 249900
4624 5751 309593
9255 5485 619775
1150 7937 583288
5545 8175 782613
565 3823 475999
5731 7552 11469
3668 619 45803
1565 4374 261646
4631 655 179673
1308 5773 883394
4647 493 155654
4807 6753 322969
3664 8180 2107316
5258 9587 47177
3764 869 2509397
6176 5223 70655
1226 9731 451225
6058 4639 9135
6124 5887 478853
1822 7480 368982
9534 8903 720459
9472 123 600693
5910 2504 544015
6185 4764 1664188
8703 3128 62135
113 4740 56695
9913 4940 852267
3790 8448 466583
4684 4125 1429345
8209 5156 69768
8540 1105 237680
1887 7653 89454
6800 4956 625371
2508 6313 3376628
9494 5789 148729
5493 6249 197703
8239 6458 1304849
4553 4726 1426296
7500 8405 149796
2544 9612 724591
9631 1324 611267
7682 5007 2434637
5639 4520 511569
1034 8577 327798
8614 9806 348557
7954 7829 468677
4614 4788 209597
9948 4489 589469
7541 709 635218
9816 3736 982132
383 5776 281034
3515 8711 964302
8007 9454 63272
3705 6266 568393
