109
6397 822 865235
7220 9941 666438
4544 6842 245776
7126 6179 750248
5790 2679 30147
7884 806 47259
4195 7161 135286
9064 2547 894298
4074 8828 728753
6215 1618 577523
8713 3300 1036797
9981 8420 2145262
8731 2945 239891
7920 2964 1260275
7550 8235 402838
2955 4086 1511941
7240 8872 1192076
7615 4885 191581
1400 338 1180722
6137 3079 245155
6934 7050 14114
232 5763 1044248
3493 5379 802903
8795 9429 757766
5603 9722 1687722
9165 757 448745
1856 5939 53765
4516 5767 956111
417 7457 375703
3335 8640 823048
5743 894 1019337
6829 930 672042
4352 2384 789101
2464 8481 4024747
9353 2678 696321
6350 2055 238829
8147 1279 37093
8643 3777 213150
7258 8506 457226
4707 3456 839284
8901 8121 764772
3272 2373 143896
5131 1952 2290966
457 7873 1358501
4185 8351 200224
3233 6152 600951
2634 4435 2340867
8154 7238 1170982
8921 9563 261982
8998 6754 1237429
588 1967 300175
8719 800 72262
7437 2188 660710
2320 1389 23799
925 2514 103525
6034 7814 1038879
8188 8896 41021
259 6218 4514505
8972 510 1588412
5148 5269 179514
6262 3330 561550
1199 1108 56280
1049 525 639627
8647 9032 1259006
171 3406 253726
3213 2780 142764
1114 3694 1191203
8592 5851 424334
7424 9905 4417
3542 9134 985944
8126 1759 389639
7767 2635 755477
3124 4831 823539
6930 7622 300101
3050 1858 637240
6378 7610 2180879
8768 5646 1198764
6299 8076 785617
3403 9954 3394167
178 6644 1099841
64 9304 45373
9551 8266 594595
7309 271 1908778
2739 4055 307749
2197 7391 602225
6368 890 216464
8464 841 220596
743 7844 453975
1902 1071 474309
6860 7509 7254629
9574 5159 74538
6356 5029 2435649
4197 4740 1182042
8992 8219 527958
2595 5347 99947
9516 9346 1236791
6563 9460 149583
3382 4558 3551690
9631 8239 3164862
8266 7942 339287
4800 2364 1778335
3975 8787 1205420
2641 8764 1526671
4220 3631 751167
8214 401 501876
8590 2444 1326662
4794 4594 105452
548 950 1563932
3337 4340 123202
