158
9374 5393 260476
7182 2615 371201
2189 9661 895443
8040 1330 319354
9326 1489 92260
3003 6921 1305390
3318 5424 1120892
8484 6956 663476
6713 6416 645934
9341 1231 694280
4498 3403 55832
4774 8390 616075
2007 9609 175422
1079 7118 72326
9484 4608 96174
6722 1823 2018381
3762 2435 1123103
4072 416 457054
1055 4576 183598
1436 475 1994672
2001 4866 586713
6119 8731 847439
8968 8060 625461
3727 867 437112
5995 3669 456283
9632 109 644857
8087 1447 34572
7974 6164 393564
2296 1632 125544
7265 6044 676328
2266 6990 25754
6359 1489 262155
1374 4979 105035
8638 9194 1264703
8477 4570 333451
7180 4201 26039
4697 4717 199724
8710 8883 181325
7883 5020 139640
6526 9237 361085
1456 2685 602128
9196 4227 54470
1733 2161 166113
674 2998 1088671
7073 3278 1011035
811 9196 556200
1722 9008 403407
4492 5744 13890
8896 2818 79986
6497 5634 451765
8535 7434 546704
1602 9305 138623
2629 3521 56965
9049 442 651445
552 383 92275
9642 476 663888
1843 730 282473
4696 1301 1102352
5115 7208 80028
8672 7759 1159399
2020 4356 13441
8380 1693 1070815
6804 9764 330176
5533 3530 1035643
2418 8852 288624
6784 5012 106105
4599 4703 1525225
2555 1030 229858
5067 9233 666344
8863 614 2185007
6562 9876 2752974
616 756 528397
2477 1975 444622
5248 28 1757165
4383 5997 409493
5645 2852 160801
3413 591 313314
3859 5502 4671443
6669 4216 276838
5800 1138 739032
5734 8887 173178
1387 7464 3611860
1471 8824 1123094
4449 5353 52215
147 1784 2170089
6167 2687 1550157
3284 6246 1083197
1720 8324 1184134
9406 1274 64137
5898 6710 1341254
4932 2607 478741
6258 4340 155466
4915 406 150230
6688 2626 347873
9134 2452 203514
4982 6340 4273
7324 1810 668511
5042 5610 548619
4824 9491 390125
2600 603 1260722
1442 2936 1316330
5168 4743 349615
2845 645 364868
2864 3397 220588
7739 9663 501871
7040 6597 101612
788 1500 889501
8646 297 1192513
8041 2652 71001
9172 8560 155485
1047 4653 991538
1885 586 1038008
5995 9742 778296
4984 8592 91744
1320 9762 148332
8588 7043 787575
9531 4914 35180
7431 2905 149842
4245 7056 425465
9419 3778 173447
1614 674 1199776
9287 9378 418644
1030 6525 1208491
7348 6642 478184
3481 4082 1039319
7174 4819 1099926
2107 4293 2188177
5893 4173 227771
5095 1721 489622
5666 849 802196
8277 2800 647087
6688 3103 1532751
535 5366 9367
8988 354 380437
4267 1110 10886
5535 7889 533228
1336 2216 954854
4728 2641 402423
7372 7622 241004
1182 4646 394158
9660 5896 654880
1702 922 275033
4596 8430 265589
705 1346 576998
9518 6683 72646
6194 6863 886141
7635 6124 941209
9540 3193 495621
6479 9927 876791
9492 5339 470948
9296 416 188541
3377 5170 103886
4074 1902 854722
4373 7953 69784
9165 8805 1080227
5486 9634 89256
241 3005 596647
260 799 1303319
