158
6606 3567 362357
6310 511 301851
8175 5781 451607
8113 3269 341116
3392 5780 541744
9421 8545 2357095
2498 5800 445346
1173 4277 33166
3814 9086 1041683
185 2824 445654
7245 1445 24556
3771 8396 661976
9733 8608 1622556
6148 7859 350343
2669 9809 1215313
7027 8204 225203
9493 1201 648383
8539 1055 428702
7654 1154 589755
7051 7561 1269026
6872 740 11987
1038 9539 50872
9317 5645 455753
4309 5369 2515525
8378 9192 83083
7257 6254 213839
8231 1366 692940
7730 9941 409828
52 3320 404678
277 991 1667271
5526 6043 1115477
6855 5663 55244
8998 483 104554
6226 4326 814486
9301 8378 422325
4887 913 514194
1740 5004 2498356
362 1062 134992
498 8268 141647
8100 1761 721788
48 3459 148997
9813 7336 518166
7339 2303 417130
9840 332 944007
4388 6454 94630
8906 7686 951345
8607 2747 1134487
8216 9742 388272
8626 9704 537045
7207 8067 196554
7673 3702 239531
3650 8924 704251
5599 9567 343394
8005 2224 1684861
6492 5639 94746
2441 5981 54272
9892 3542 2390124
204 630 1040024
2236 5233 537085
3268 9587 470578
738 7238 17174
1909 1735 21408
2087 1975 258629
4784 2570 71975
9107 7420 211057
2399 7090 339265
5031 7603 378574
6358 3289 52876
4354 4578 84165
6699 3731 569890
5749 4117 164061
7960 1470 1196717
8592 7756 2077592
7016 5019 70920
7174 4783 279924
1123 7489 1452845
946 7105 1001310
8389 4902 327334
6498 3762 315716
3673 8450 67262
4632 1222 5818
3844 308 66389
9434 7562 1049025
1831 608 53706
3784 2368 2265014
8972 4427 933007
3385 2374 117844
7888 4330 306492
399 1952 212561
4527 7171 1816668
9530 5643 22545
3331 8486 1230129
9109 2098 2490678
2280 655 454815
3394 1221 570477
2011 600 969900
1827 2337 794231
8668 1775 266138
6436 4487 1627409
9574 9565 195728
3284 3353 264235
5472 7897 84187
9876 3154 324591
7649 5515 496827
1486 4003 731045
8279 4236 688295
4260 7642 272886
7479 3464 349610
7582 6243 229153
3231 5751 624275
673 1921 189206
5214 5250 237164
3307 321 90040
6094 9721 2047804
6803 5017 160409
1332 8173 100442
6453 1749 222828
4138 5586 1869367
6278 8987 823997
8373 4412 786403
4953 7831 1784370
1235 7179 998492
9271 5759 24939
7991 7975 214395
3879 2412 738100
9762 4031 437812
4362 3937 828791
4151 3103 19134
9714 7184 280684
1444 3077 149198
2602 4306 828199
7274 1309 393731
8042 5338 2299872
9593 7857 1160442
4615 963 209970
3280 2547 873959
4130 718 74087
9451 298 344618
1585 488 751175
9294 1166 528791
5100 4917 90945
1747 5778 1967508
4247 4146 453017
7510 9427 562908
1670 5547 622905
6968 9959 615651
322 7600 366257
4458 3240 72307
5428 2851 887835
8392 5420 1187892
76 7657 1149887
8152 1212 472258
6316 1364 184008
5276 6032 173684
6392 6313 21638
4731 925 2333956
6490 4667 227075
4479 9235 1393708
