162
1145 2203 99800
3340 5673 2694039
9923 3318 2496629
3674 8584 263158
5885 4996 555992
4190 802 643492
9860 5918 234787
2120 633 550426
2180 6987 1296702
8515 3569 246318
6912 249 256285
5907 8968 478033
7008 5630 655379
6128 2700 346128
3319 2820 857135
5149 9528 378217
751 4114 1114472
8879 6688 653209
7624 5422 103470
1668 9055 874894
6863 7161 1293823
1133 2709 39827
9920 8316 723206
615 4722 199217
7367 8588 1294711
3127 9124 292627
6241 1266 1441137
1971 2973 85962
8496 46 791585
4340 536 834779
204 5767 93426
7659 368 670623
775 8698 309470
3065 2990 585778
2716 286 86757
9335 5203 1026266
554 9368 554061
6918 58 346669
1426 2337 460905
9394 1785 360678
9911 4025 100534
3643 750 515643
872 6403 419934
2675 2677 537913
3904 9698 118130
1095 7744 785500
1853 2066 471587
3705 1571 475264
6181 1604 87432
7079 8715 2121642
496 6100 2980627
7873 122 2275220
6180 5211 283413
7944 9149 2413858
9925 8974 166429
9628 9231 471841
6735 6988 362332
4820 5245 207356
9912 2615 1957270
8245 5477 58493
9965 6944 728438
865 3825 508730
7138 3705 171032
7319 3379 298227
4222 637 129966
2272 481 462092
9741 556 540724
1786 3482 453622
5625 4973 39328
8635 4731 464736
4376 2233 172601
9642 5084 655804
2736 1637 3273684
5611 6594 163465
4181 3336 151084
8733 5237 83104
7028 4827 57085
7190 8480 2568397
5954 7302 1724246
32 5037 318054
7813 7263 51234
4373 1076 119464
431 841 467261
3225 1702 754561
2199 4583 76592
3570 8439 502708
4821 3254 1793616
4792 8705 369861
8188 5680 302880
9039 4479 49950
1625 5165 184319
5815 7932 718048
4583 6169 1943252
4988 2271 174381
7737 8500 370269
4041 7762 138698
8159 2046 246427
952 9422 45406
3454 7193 1579884
1281 5744 1050285
1426 5764 1313461
3077 3253 160096
236 2326 769503
3351 5025 157860
3668 1518 47267
8317 4476 543363
8134 2423 839977
9362 5463 64811
2384 5606 171104
8192 8024 451984
5590 5848 820219
5471 9596 598563
6039 7731 215317
6275 6553 730352
7549 1752 564825
8799 1979 11884
1002 1788 262834
5263 8648 130982
2991 8213 1176570
1665 2646 655731
5713 2489 105870
9311 7254 523886
2591 2432 218710
4633 1905 9213
2779 9006 963376
5387 3687 66958
5732 6796 50892
6526 4075 100105
9474 7343 2184296
5636 6435 68616
9284 329 543841
9628 35 1457589
7065 2633 575379
1212 8358 1579119
5030 8456 453187
3790 240 29688
3799 7137 939248
1267 215 1161930
5169 2945 326784
2684 2579 631044
7225 532 498702
8200 2587 67667
5264 4568 706038
2606 1678 313817
7348 7833 213215
674 7792 783674
4053 9609 25806
3168 2814 179685
9959 8624 579643
324 7975 553396
8542 9142 96363
8573 4942 479438
4352 6538 65857
6053 5338 2992334
650 6164 3955
2051 8239 264627
5421 9498 725506
4717 6457 763342
8413 7823 306786
2891 5695 20493
2366 8292 1215144
2368 1089 464073
