162
4168 5130 2169988
2510 1966 685690
9318 5694 68138
7330 7650 574498
1430 8928 101870
2480 7099 60863
9609 1320 246388
4507 7809 51415
8341 7230 569977
1790 2660 864611
1038 3211 258567
4032 8084 834403
6875 357 1517062
153 5545 609878
4992 1215 198663
1078 340 1055740
7584 2151 1084671
7654 1057 94314
8961 3884 144926
7688 6785 82447
3498 8338 291641
2192 8388 771354
5015 9658 809289
9905 5389 806248
4572 5551 565006
9419 7617 102244
8945 2246 204336
9431 2214 590034
3908 7055 961278
7938 6393 1044890
9451 7212 193570
834 1592 897997
7565 7128 231645
7400 3269 989156
5900 9321 9605
722 2851 191448
1375 8106 3801028
8374 2165 1470514
2120 386 727951
2482 9274 376765
9585 8490 483883
3275 5127 83054
8074 1001 423642
9650 1354 245987
1458 9812 1366666
9279 3779 97367
1777 2280 24604
1493 51 78526
2784 6543 636619
1055 8820 817700
6158 6411 409908
9133 5464 611910
2475 2667 781942
7520 9728 208517
8694 1939 68415
8348 7574 1077909
2451 5817 104261
561 5850 298099
6155 7333 379448
8988 8956 328077
9098 5231 641341
1066 283 137731
312 6594 89068
3297 610 1062488
5247 9955 1341500
3751 2785 588669
9692 8483 848063
857 4245 40994
7335 7902 982809
9952 1476 239389
875 6743 73747
6218 7340 3322308
6562 5604 291477
6054 8565 545117
3023 7296 1011349
1614 2089 619990
6515 9983 808590
3101 7020 277043
5697 8126 41122
340 8724 156620
8782 7132 1067231
4624 3284 428534
4969 7044 115305
8864 9140 90026
8867 7274 849256
961 8039 469500
5645 1825 751268
1687 706 221962
4188 2666 881679
5905 7763 437538
270 5736 220505
2222 7555 1995997
3752 8081 27967
3821 5657 199893
6159 7154 1492719
6642 8628 543059
4285 2889 602436
491 2199 147162
1378 1278 276600
442 3160 1290626
5941 510 319109
8137 999 2469940
2510 689 528141
7941 9182 43696
6371 1131 544208
1919 2620 379669
7458 2852 1242052
2541 3984 253229
1160 3222 43985
6959 6841 89592
9397 5896 1067025
152 9829 192231
2992 5809 203875
3775 1645 18900
9366 3776 322957
726 2088 104575
5821 1559 198468
492 1137 1047768
3901 1250 733104
8170 2639 28667
5162 9846 958696
2240 6841 118976
7499 9236 344770
5606 4829 315944
6281 7240 132232
4385 1887 554288
2290 6433 218761
5151 6081 1183581
5507 9714 395844
5997 9570 205043
6025 1219 443069
8204 2606 448182
9758 1052 1153036
4457 1239 660781
6901 4366 255575
3889 8770 51286
8574 1313 18000
6483 6362 324247
9131 6291 1008191
8322 6215 92250
6800 764 5128022
6735 6236 2676811
8082 6855 430650
2073 2086 1405761
7649 2450 263194
7536 5409 1522673
8834 759 399642
4873 9373 143013
4430 9820 464743
7196 3271 29194
5460 9139 1339537
1977 7070 474161
202 2 77709
4342 6044 1739235
1864 4712 1012079
6909 1168 1100762
6060 8844 122057
9779 1967 715556
5820 4545 367409
2730 2739 72388
7177 3431 450482
8490 3524 1285659
