162
5944 3429 358372
9955 5682 211893
6885 7861 441214
1872 9897 1603453
2267 6671 388024
4767 5134 91253
3284 8999 585429
2677 8487 177837
725 9589 537761
9551 1540 194214
2525 5414 133051
9685 6686 3110963
3594 9805 181034
5116 9259 283647
9364 8540 308515
3693 6386 25882
1019 2425 1352957
1534 1360 394695
261 7835 1184645
2368 4981 73853
9366 9149 5333
2367 1849 183362
1861 7437 108110
2568 5553 722931
123 9816 126721
1076 7820 990121
107 9634 752977
2724 8814 231113
6352 2914 325523
8857 121 929665
9894 3323 396120
8535 9738 587738
4329 3025 334424
5907 2130 1208911
5092 4547 132521
7281 1816 744042
8412 187 1978204
8839 7773 83527
3293 726 645679
9893 4366 968553
1401 488 2440349
2343 7322 644011
7230 6708 1154339
5085 8105 372942
3725 6172 143181
4935 5749 265058
5134 5431 246709
4736 9543 502449
9167 8492 1744465
2403 3240 456487
4677 8801 321355
6986 8626 1230665
3391 9678 793782
4507 6925 1395102
3558 8212 920843
42 7670 248379
9804 6460 198002
4984 9327 363808
2029 1698 1011482
5267 7294 450117
5035 9560 256438
4181 6994 646452
3552 8294 189733
7426 7166 634629
2627 8821 449917
2893 4804 2436418
9191 5593 463883
5009 8909 607725
6940 8607 289600
9607 4127 332854
7343 7144 484666
8934 6297 1406029
7630 3171 780587
1184 4076 1485932
5875 8920 968298
2466 2027 191970
4222 4877 27551
7001 8546 992880
4928 7285 264667
4626 1653 367798
3577 1365 248334
7765 6779 407953
1913 6225 269201
9322 3647 336242
5653 7871 761572
7 5405 260465
4780 4958 455084
7477 4632 610288
4220 5515 377908
88 1177 623491
436 6992 230701
427 138 869379
2531 7870 1714266
1670 786 91697
5409 8047 138363
6528 5403 188098
8198 8483 79199
7689 5784 29772
3125 201 387566
9604 8402 54045
5445 829 238183
1247 5182 1122930
7465 4195 21563
4590 6753 1728605
8859 8299 122895
1653 7494 747347
8224 2518 582455
6954 2080 417326
7275 193 519473
7318 3216 279486
3124 7253 1061447
6306 9169 242709
3551 1728 215587
3672 7535 525919
7049 1680 329015
6371 3674 1148215
8794 6709 313434
5659 1360 66583
1812 4364 131296
1266 924 956571
1998 9013 712172
7464 8798 366700
3623 7489 432828
1248 2509 409079
7069 9716 1383382
552 2923 343558
6320 7194 348513
8034 5712 222410
723 8375 3738448
103 1020 414838
9546 8338 749641
9929 222 127592
1826 9546 626107
594 3703 344703
1371 9889 81414
9253 9810 383097
7658 7246 621089
2279 2917 33085
5124 4055 857667
2093 9668 100537
7808 7296 2273962
9 1630 674425
8319 5852 257742
1537 5298 259967
5180 328 72398
1895 6616 1913086
2010 5141 1197182
1993 2917 643552
613 1288 214301
3739 9313 614943
3271 325 474121
4593 148 1133465
3501 5985 27376
3527 1181 59171
5332 9810 797487
7389 4016 21393
8752 1814 3527842
2250 7176 850973
4828 3971 1441259
7458 922 410412
3670 3111 191113
1498 5625 466488
