162
6874 8520 793184
1517 6415 1696522
2778 1692 17667
7000 386 1340404
3081 6160 3427645
9956 1211 267102
3855 8134 1175626
9962 7314 3182694
7152 8108 362526
9014 5367 1640799
6234 1259 246118
5388 7316 581637
1930 3966 33263
8700 4387 195697
5355 3658 983479
9113 1457 1413393
9609 4726 40779
4236 8074 444317
1034 8002 211196
6729 1927 353813
6487 3801 428977
8560 5341 1115648
3791 6405 281422
5120 2227 275414
6820 9141 84806
2085 4935 381689
1878 6208 19813
4681 5549 1786966
1553 3489 1228740
7348 3830 177571
9923 443 51880
4111 1264 148030
2177 1344 367972
3378 1567 1130562
3930 4351 583804
5394 8757 530644
9155 795 262830
8870 402 421917
9531 2976 13436
2965 5652 1087215
211 3200 311895
8274 9926 392370
8996 470 483911
9536 5004 99569
4938 3647 141171
166 7000 99804
4717 7489 30396
925 6148 249776
8942 953 372729
2609 7756 2865984
8562 7040 860706
8539 8390 305054
9585 866 17523
5260 3430 691578
5983 7835 74825
5704 158 208421
6457 6944 152269
1761 438 25216
6479 9354 1763909
4065 4334 491074
1943 4837 1446224
9668 7709 57968
3858 8841 26837
5547 1023 585224
4840 9427 135318
7330 8662 395516
5636 2380 10133
1247 5050 1695653
3484 4259 873773
9026 3759 458760
6710 7085 201345
6163 3274 847652
5773 1422 55706
7634 856 59500
5706 1728 31511
6559 1268 897174
212 4952 472783
426 9331 1897217
5060 8684 557235
8791 5276 807725
7590 8383 816173
6315 1130 457764
1029 6502 149535
4588 3998 135593
4554 3327 554672
8443 3363 346745
6441 601 423491
5742 345 1074404
5631 3999 1388080
2761 5773 2074651
5160 1523 3549834
6235 82 1002792
3506 9225 30214
844 3279 382502
5705 9195 614333
770 5543 410107
489 4917 472071
1791 7149 202618
3935 2328 986017
456 18 286281
1125 3227 676114
1624 9850 472188
3985 6503 8345
7739 1988 246575
1394 4307 577623
6757 9421 380188
7489 6825 134770
9852 3008 1613184
1133 8940 259082
7516 1311 385402
9125 3916 330179
4362 9567 33717
2616 6514 719799
2839 7015 372176
9075 9807 846905
3913 7435 401517
7650 8368 1163099
8221 9772 32467
7491 3803 1028237
5456 6146 86112
1389 9056 183274
9257 2938 203696
4307 6903 148473
6082 8385 478653
4738 9800 396864
4903 1532 431744
1136 9948 698891
656 2383 12597
2530 819 749733
805 7808 283031
7093 7547 788902
1608 3811 400243
7246 8071 1265687
659 8040 278706
6575 9630 454099
2646 696 122674
5076 8011 1147728
6954 9860 1406706
8097 1291 772623
5018 3273 146764
2994 4700 635931
9337 4654 366317
4772 9577 687464
868 6657 199256
1348 5299 1455605
4945 6562 237065
6101 1010 368710
6593 9976 99721
8093 3452 191663
2513 2326 159564
2487 1198 1174113
2592 176 2532184
7954 3496 3171948
8595 6092 348948
7432 2824 553158
4146 2284 678425
2716 5959 26370
7119 3308 770978
6307 6476 17186
3547 4006 808813
7562 4930 71426
2988 5308 9880
