169
4575 4776 952779
3780 1799 93124
7652 7269 747129
7631 343 212484
7597 5422 549857
7421 7475 15617
9590 7958 1185540
8714 7288 809177
1501 7960 599947
104 6255 1002845
3525 7050 1069438
5083 8336 822944
1921 2385 1049553
1123 5526 880101
1327 6919 9043
4037 2466 74954
9766 3825 258320
9752 955 79167
7927 6085 310446
8 367 878370
8701 9196 301102
5977 8292 277412
7455 3356 679362
9058 9634 141559
4719 7480 84276
112 6649 97850
4016 5949 215279
684 6660 77143
7006 3532 3264268
9304 3575 287940
1274 3859 603652
5794 7872 811578
226 779 28005
3003 4243 123652
9403 2963 30458
6859 2234 304834
6881 1216 400782
9839 9874 1467152
2970 9041 967549
8973 3513 539463
9023 2691 1428444
5303 8541 481547
8986 7007 259249
77 3783 561444
7757 1715 498806
4068 5348 204344
6423 1823 1129856
9000 71 239171
3629 68 367061
5689 9309 608185
5032 3864 381202
642 388 153637
8485 9972 359981
1404 1527 603617
7892 3778 3552872
2844 905 985958
9391 7987 424108
3978 8270 430640
9852 3202 68789
2840 5124 302233
2613 5252 524894
8952 6800 1502936
4407 3100 566768
655 1207 572712
523 7663 1739358
8939 8938 366024
1416 4580 232959
6857 978 1108226
1612 7691 455633
3351 8113 1834521
7485 6217 687028
9332 736 7255
4855 417 1696622
1198 5094 373919
1807 6298 466465
8788 1330 477417
5914 5601 276838
4225 5235 128905
4779 5473 503036
3996 9107 566455
2754 6277 28461
3447 155 386629
456 2451 10181
1595 332 304440
8478 1637 44154
5364 8404 59213
9339 5488 522956
4758 1289 28485
4461 5644 339894
8261 5176 2229757
4867 3326 22326
3579 3699 714268
4261 575 377268
8093 5448 1939910
6060 2898 143520
8111 9103 358830
9 6274 87593
3954 4090 622120
4596 1847 663033
1297 8180 320503
634 7197 234729
5594 3820 118686
4163 2423 104885
7810 6204 274236
8605 5763 465456
238 8325 62424
6677 3560 309848
4736 6811 83320
2592 2272 376713
7225 1242 871347
770 3204 1575378
9798 1429 181149
7695 6365 689841
9433 7442 165727
3526 7753 1293736
8082 8409 1691548
6778 2747 278504
6511 8433 200741
2687 6378 89823
8181 3160 362935
7929 793 33656
718 9091 229918
4702 3438 177542
3883 1669 319500
7219 1269 59046
7237 9616 793784
3345 9475 886725
1817 8651 292664
9171 242 688884
8589 116 938223
9302 4373 461709
5417 2453 1169789
431 2283 40876
2516 7186 332465
5562 3902 208286
8643 2655 357994
596 1506 322074
6692 2117 611066
699 9557 9587
1883 6 11305
7950 9238 266147
5246 1687 2070036
347 3729 1269749
7139 17 144613
1143 602 1506382
6785 2533 361336
1108 4019 379343
4595 1157 1336735
5757 5361 390657
7613 1523 774927
696 1298 696853
7762 6332 2313970
8410 5371 3747224
9409 8512 406510
2103 489 629972
4287 362 610445
8697 170 661544
2889 6816 2056974
810 4383 416310
6497 2590 44821
9237 490 623108
705 7412 344317
6476 7045 643660
1084 5984 209362
3392 8256 865706
4277 5863 628440
7283 4349 28541
709 3439 546607
5820 3193 12785
