169
669 6207 174544
2181 9194 1052622
6733 8097 317513
302 848 459008
7152 3877 152577
3398 2926 1053921
4834 4540 77658
7976 4071 1153153
8513 4385 74406
2074 6971 348709
7183 8081 192019
8562 7898 294238
7746 9931 556759
8486 9866 23581
9401 4964 316307
2565 9250 145397
6831 814 1173801
4291 4367 1206086
4237 4180 228851
3209 4514 751653
4702 5546 294810
1464 2319 943445
8678 5936 327038
5932 1650 720361
4021 2875 536759
1334 2863 184890
4380 6500 397762
5419 4063 25173
1562 3390 370721
2531 5531 166012
4166 4734 638850
6376 9673 1699170
7388 4689 744119
2914 8846 1419203
4796 3679 926617
4189 3939 1080409
3338 4015 706386
2703 8171 125612
2571 7427 431729
6515 4073 957367
8181 4653 174846
5468 9117 389609
9531 6409 537594
7605 9466 49879
3815 6254 33228
626 2508 399306
4314 805 394432
509 8985 1264478
4693 833 862752
4152 1225 392059
778 2824 1032468
256 3502 43638
9291 2984 161536
3291 6639 933779
6803 139 762350
2607 7380 939324
9330 2195 97200
7432 3874 188528
8720 8740 62812
4366 8554 1127692
9477 6311 201552
2119 4264 127583
9439 3017 1434628
6473 4926 329608
8483 771 351108
7383 2263 49855
9905 5564 1113977
6598 6663 788350
66 7143 72114
4575 5281 1128338
9295 3904 91138
3709 4625 1006068
1454 4657 1161586
6149 8466 2303088
2716 7336 1367353
7502 1560 999705
6817 7495 307139
6070 3042 74941
2850 484 105946
869 6309 1679625
9247 6741 1098864
4386 9347 180663
7238 5173 798415
8630 3851 455540
3641 2377 532812
2528 9236 1484456
2825 2515 2069397
156 7292 210400
3426 7682 148401
8216 2703 443265
5148 8850 184389
6592 6020 2003979
6953 785 405996
5659 2457 37610
8695 2919 657900
7275 6201 723880
6062 5609 136388
6711 909 455059
9069 396 564652
5490 3345 2588563
5316 2095 393411
2387 642 2054684
7079 8057 821118
9727 3588 681271
6912 178 36794
4287 4083 304655
4367 5614 65766
4498 8498 642531
8249 9357 298736
9933 3441 109904
6970 7064 1492051
570 2669 105578
6743 1811 861814
6501 5403 1727171
4390 6327 41940
6335 4794 1743682
964 2549 670759
2043 4098 111084
7445 8170 527898
8666 7938 107668
6558 5144 876640
5923 9079 99190
8273 268 961199
4338 5287 419578
3528 2281 16691
972 5876 1820660
6172 6694 188432
2232 8891 527416
4357 855 728564
2549 9362 65736
6641 5235 384841
8802 7151 312241
511 2379 82386
7461 5750 1736216
4166 5660 636200
4138 8187 116348
2717 8886 53666
3119 4997 197292
4238 487 2586170
4965 918 293200
1505 8005 123318
1579 5850 1041483
6110 9244 429421
3462 5122 768618
9389 9238 442637
3057 9124 503582
1119 6452 259278
2790 8022 1944405
4669 3607 320930
3051 2479 141113
6756 6328 694377
9863 1537 158856
1270 3146 246069
8036 5983 60024
6034 9541 101336
3183 1373 928006
9551 5043 55983
2206 990 997832
5772 791 65540
5086 2045 1589982
300 7842 113975
5764 42 446522
8170 2499 31564
4996 5407 446040
3788 2513 253225
2425 6053 37910
7430 8141 277151
2613 827 212738
642 4952 235827
