182
3350 209 460626
7999 6380 1641530
6502 3650 20641
5546 6658 223894
6549 26 567692
52 15 523258
5102 814 440403
4491 6022 592339
3484 4624 743135
5040 2934 12904
1449 3211 279299
6876 1224 188948
8746 6725 50041
2349 9300 491205
2045 7089 1051987
7317 633 267253
3574 6269 2366218
5488 7896 95908
4220 6894 317299
2304 83 406411
5357 4121 129947
4782 9416 1099591
6620 1741 525314
7235 8585 388947
909 67 380595
5174 7024 21587
2745 313 31361
8092 1455 90430
3053 8799 116354
7147 4102 474576
4231 5118 734496
6925 3596 1227458
9126 2560 149010
7308 4965 379741
6632 3895 821431
1919 6823 41442
9513 2835 126283
4619 4324 1089185
7548 280 12585
7669 2137 477692
6996 5040 80230
690 8151 133062
7234 7240 81033
6073 7082 767871
6567 4004 304854
6934 7770 391641
1746 7534 301310
7153 4089 142909
3815 1242 1274016
4066 5528 386514
6781 2803 141178
3040 1237 1149063
7719 7540 1070657
4681 1559 634612
9281 440 96288
9841 2242 53681
8585 4164 379702
1100 3028 305164
7900 8477 1052030
2408 5157 365298
7504 5906 1583518
9213 5654 735554
9381 6873 592285
8213 5466 65726
2840 9640 120020
1701 1691 688086
5960 57 343589
1936 8348 186343
6730 8644 989370
7432 2508 535319
7941 8430 671086
8202 9817 2157317
3489 2524 272356
822 6048 119580
729 6671 435466
817 2523 167749
9673 9307 564839
4554 6635 267730
8761 2040 310588
7261 18 23827
693 2358 1534082
734 8994 995532
281 7481 96384
5101 8249 302573
2706 2699 213751
6058 3526 377583
2313 3064 268398
2769 4916 677135
6978 6601 1747594
4496 2698 1042405
3251 1462 105533
8177 1181 1561647
8557 982 1451489
868 6790 647045
708 5917 166534
3326 1136 1857745
7714 3139 502471
7907 979 761646
897 91 178854
4421 6087 395534
2173 159 156025
8399 7728 1216872
141 6488 1067753
6293 2608 879726
7137 6392 931875
6447 829 78908
8647 2923 120222
1227 6529 1105425
6982 9474 943601
2119 5161 2088106
8803 8061 1164774
8292 4073 298844
0 6458 65961
9674 4642 1033027
9269 7436 758042
3443 4211 30821
5700 2194 539528
4652 2589 166249
2321 6626 1148517
8814 4020 649791
3474 1456 45158
88 1700 634813
1703 780 1533809
1180 4661 165757
2804 6564 438115
4411 7427 74877
3301 4297 880585
1844 631 219179
1899 5397 174990
3137 1241 57629
5651 858 26100
7794 5422 565941
7498 1029 1107236
8180 108 1277582
4802 6464 963537
7817 4360 368777
47 872 73377
9412 3274 505597
2747 7264 1518620
4257 8802 19358
5424 2869 312095
5725 185 83318
3291 2924 299008
3820 4705 1995438
1714 5017 88705
930 6354 1940342
5088 7444 1528589
7980 1794 975931
8974 8415 291911
3689 1487 413987
1608 4441 24647
3687 8961 59764
8720 6714 186709
9821 8723 43722
1473 2245 704676
9153 6724 1326522
947 3899 168786
2549 1660 300577
8087 7097 1079012
9341 8146 781523
958 7029 37559
8366 8161 477451
2207 102 35584
8477 8031 759026
4965 7883 457968
3191 6224 51517
5664 609 16592
1580 9397 95106
3405 8918 450793
670 8201 309273
8031 3276 480507
9384 4705 500753
7958 7833 267361
5525 5475 1403040
6797 9225 339483
4649 9164 50182
50 8933 359090
5326 7294 41195
1410 3144 779009
4931 7406 780314
1275 2838 203998
5902 3606 519421
