182
2621 2106 457597
736 6223 92075
3237 672 431540
5449 7543 683029
1518 6544 624970
541 7313 1080232
1709 930 563716
4197 6785 47852
7261 8642 121698
5899 652 352495
793 4189 1355165
5463 363 528412
3476 8298 1547645
8663 3586 2101408
7719 5202 221632
7506 1972 1251400
3615 4186 403222
804 8455 437529
2246 1290 58952
9240 2538 346892
9216 3844 235065
1990 887 596363
527 4690 174980
6358 9675 381299
312 3049 94328
661 1828 176264
8183 8534 25802
635 1851 1097895
3760 8454 209134
1573 7186 655760
9235 4655 218882
9134 3803 169395
6305 1042 65016
2298 395 499413
2418 2965 198338
1867 9368 36528
933 1000 265254
7270 944 2154520
1116 9357 219719
6761 5571 442071
4897 7533 293330
3221 549 1241
4357 7786 30969
2774 6169 650746
1049 1419 76474
9398 4030 170495
191 7382 71356
3672 2126 525567
3273 8312 705914
5435 9632 1040566
6837 6896 656686
5762 4494 85845
7307 849 754226
3723 3333 761396
6183 3441 452468
186 6846 492651
3735 6543 281217
5537 7561 593732
7009 7093 382019
961 1334 326216
3159 9948 520612
1827 6602 239539
155 683 1011615
6010 4318 2738334
1929 7300 972993
9798 597 143212
6334 6074 154052
4453 366 157933
8990 3321 269680
3586 6993 116042
1821 5796 470305
3592 5135 475384
7604 6090 1522438
7431 2290 320441
2871 4873 371076
3695 5496 592227
5684 2925 702355
6296 6931 68360
1695 9029 1827298
7408 940 27796
8789 2898 1667051
3906 3340 363857
8493 1566 1302973
9744 1259 1681872
7398 3546 756254
9476 9380 1643866
8410 514 305248
3252 4831 1423446
9130 4295 43816
5770 8183 431706
8813 6872 632869
9506 3557 342139
7931 3778 446533
8614 7531 884322
8776 4046 404232
1245 1785 747266
7125 6006 319833
6291 8303 466507
9571 9927 104237
1819 5134 46671
8139 4370 1174648
665 9723 385215
3310 7387 357437
1297 6131 1921076
259 6321 650140
2408 8007 156541
1453 860 982419
4017 721 210342
7561 2950 38983
2112 1962 67572
1256 1834 164453
5077 8081 561715
6619 1371 162173
2345 5136 746857
8851 4577 60379
2808 9726 445444
4657 7295 8197
2923 3383 685031
5758 4253 642686
1807 5611 958277
3859 2177 3470
5110 3456 978745
1301 7014 154987
8394 8462 1440242
7546 9051 33514
6224 4802 238139
7667 2092 815449
6654 9240 315339
238 6335 213797
1301 481 252442
1408 6007 608769
4254 8732 1118458
5975 6048 195370
4519 8008 83287
8877 688 338302
4358 8582 199238
7811 1895 380963
5642 1138 187765
3746 7555 309107
4144 7613 510494
2705 3099 742002
3074 4736 111129
5621 8250 98199
1673 6730 1368130
166 3762 455628
3312 1438 1703301
7405 8622 1053106
3223 3654 446980
7028 2284 127547
5787 216 11398
8909 3404 831397
7516 673 168555
9674 7280 760737
8545 8725 605599
3971 2145 27361
9671 4567 610729
2317 2751 341708
5574 667 432945
8504 3875 1268510
8507 5230 40665
4979 5468 754931
1173 7416 479414
4087 3912 239170
707 3260 49499
4857 8248 215407
1647 7808 543944
2214 9471 352633
4844 3737 917734
5252 9603 652859
1242 3762 210427
9652 2650 229936
8499 3020 287346
7507 357 11704
8186 8094 32663
3691 6961 912462
5793 4785 63918
3891 8415 2482693
4679 9757 1535834
4312 1384 1634622
1065 8200 604610
1730 2372 854906
3833 1372 1277209
