182
6717 6037 988120
5931 5981 73097
5602 9756 143426
9329 1416 1583274
3320 1331 487100
8285 4865 335888
5054 3594 48270
7018 3628 440342
4572 5710 498974
1800 251 149099
7599 8377 733867
4078 5010 1079653
418 8090 150472
3102 3937 192286
8381 3295 287264
8231 1405 1353622
7063 7534 253152
757 3676 333746
474 5069 1533760
1127 4 16663
3122 5716 458308
1803 1426 168326
6175 6023 1155161
3197 7183 133745
7485 3609 246240
3667 178 465229
7391 9563 33311
3376 1429 360430
8144 1688 618807
9761 1722 576753
9359 9075 1284376
9379 5474 746860
6293 2137 647731
3943 3590 15503
5390 1760 306574
4473 4993 114149
5079 1142 1103922
8369 838 1152999
8794 7858 1065444
9832 7236 323078
6579 870 640138
9030 2002 607338
6728 5468 357946
8984 5477 863454
663 2651 1293177
46 8089 249257
7273 8640 1150506
8439 6855 595189
1458 8103 507085
4619 2722 35372
8589 3680 650685
3910 3070 548539
8366 7075 72202
9031 4757 35904
3396 6269 344996
2935 4891 344895
9947 5227 513849
9169 1830 634635
7713 3745 2330026
3187 4308 422035
1172 1649 416106
7812 8767 68633
1532 7647 189941
7827 3797 792233
4893 8500 740073
4983 4459 1463685
7831 6602 452998
7133 7628 391403
8284 7678 421178
9524 3904 1245364
299 8279 159171
1743 5167 2524173
8228 8904 18919
1289 2375 689659
4283 425 1149049
1155 5911 141025
8024 5357 78792
9749 6943 26272
5786 6568 141873
3147 7149 1840608
7602 8465 422834
7797 6527 154432
4235 1033 816288
2885 8689 126705
3899 3741 314413
8454 2689 1191611
1677 2634 435311
4028 6017 940703
6607 4169 149787
534 2055 509130
5177 1134 859551
933 6524 1254011
1352 8701 109746
1945 1491 79093
2041 4771 41048
7127 6612 620127
198 1066 90029
381 6163 147192
4269 4285 139170
7708 8959 198661
9013 9638 798839
6339 3222 130868
8054 6702 131363
900 376 1549153
2726 504 421581
9183 1158 139794
3172 4650 15110
510 2647 467594
1704 1947 176251
2429 8215 108280
5850 9272 320852
6659 7044 526458
911 4845 509829
6731 9730 152036
5541 6143 140091
7007 7083 557825
3605 4786 891709
4655 2460 3460
4329 2814 90176
7821 6599 1505092
6438 6337 307723
4099 7347 510101
6133 6114 48609
4902 3704 537853
3526 646 103036
3425 4307 315653
6756 1384 371542
679 62 178696
5332 2059 1874423
8103 398 329094
2654 4091 2279978
5397 3764 2032665
6284 1873 844800
4567 4483 340790
7529 1119 52658
3080 3374 679900
2664 8792 837753
675 747 443164
2696 5607 407410
7306 5566 819121
290 4990 111286
3989 2806 207282
1952 7155 896550
3019 2888 354617
870 7440 114099
9572 5103 222587
5374 853 3864631
4627 9436 464009
7726 4225 588230
4051 6367 23674
6624 5638 192480
6765 3038 108696
7603 7917 923900
635 1649 73851
3961 2191 130148
7057 741 1658838
800 6952 97185
5039 7291 690097
9199 799 553576
2984 8945 465712
2008 4649 12621
7459 2506 407349
2674 2652 231885
1538 9809 159009
9932 3373 987658
5531 4808 1124427
4403 294 564870
7549 4368 60360
6336 9320 794175
3076 6488 1009727
329 5248 584013
8393 6325 8279
2295 9197 146683
2991 3160 1301993
3861 1380 1191084
4488 7765 1046019
3982 4523 406342
7584 4090 152401
3258 6482 280283
5790 1920 67981
3718 9207 185488
9529 3013 177329
