250
1474 2486 25342
5293 8025 5633
9994 1768 280695
3605 228 382183
5359 3288 78252
7033 406 928955
6524 167 57033
596 1824 149084
7048 4917 460121
1811 7851 2513986
5183 4718 308655
9806 6135 596342
1823 7105 283002
2701 6644 85993
1734 2512 419697
8392 6418 124668
3101 4278 792660
5140 650 149517
8001 3276 103322
6484 8282 84588
7061 3905 5889
1607 954 511307
5851 9707 609942
3802 8833 648014
4791 6547 2018203
9752 575 1042673
3132 1433 32327
8817 2933 12592
8984 7823 326475
8011 2527 379420
8061 238 321619
8994 5282 814612
7976 2250 354263
318 4503 403839
4423 3330 61615
1850 1707 305222
4629 1252 320419
9461 4881 212514
4561 9139 81810
136 4962 428196
3429 1862 48775
9756 4486 1822817
5442 3076 111463
2668 2932 292160
1931 4923 167443
5854 4445 104159
1507 5638 233451
355 8001 90953
6045 9500 39095
3725 8568 973627
8194 9064 330524
3773 8409 223782
3739 2862 138644
2443 132 213683
6561 3743 283803
5461 3494 486481
7491 8512 570871
3505 3934 94406
7158 5163 64281
2037 918 58645
3120 4688 989220
5359 2767 882809
2268 6456 856062
3704 61 155811
6132 7040 64932
4092 8825 586666
8103 8559 349468
1627 1452 126418
5440 6727 523241
1246 8846 95840
6491 6972 29209
5317 972 137484
901 199 1551398
916 5890 162091
6251 9338 185462
7464 9658 944400
962 6628 244117
5562 9337 1240196
2217 4170 490596
129 6192 22122
8364 6003 624710
6975 7871 357298
2446 2268 435718
1405 6747 527242
7568 3225 293328
3214 897 123127
3227 4790 69781
9234 6858 3361
3493 6435 229772
9811 5889 795585
79 856 268828
6616 8401 308748
9656 3599 989940
8696 9837 510576
4351 8804 62112
5802 4485 97482
5376 7445 137708
295 6654 163487
89 655 259891
5995 6137 300875
9068 435 835263
8252 9592 517597
5793 5423 42903
1191 419 626901
8657 591 418869
5950 7493 678555
2131 4882 551326
220 3826 121060
3862 5415 202334
3173 4943 52208
6838 5147 439427
9105 3099 550220
9466 1542 206115
7880 6958 436902
2475 152 213185
4597 858 47524
3024 5109 164463
3333 261 155714
5604 6596 70797
6330 7623 100181
6029 8829 211986
5467 9738 15808
4620 8510 78360
380 4351 328463
8836 6113 44146
2542 9937 399292
6671 1605 399510
3562 6322 164947
1056 6706 576294
7407 4235 659155
56 9294 217517
8446 2530 7773
5394 4353 327239
9727 2406 31966
9341 5891 443245
697 7357 561479
2924 8005 320244
7972 6324 88665
8239 2973 90939
1179 7809 444078
957 9619 517140
912 998 606630
518 9101 129932
2421 5794 745639
5322 9279 77526
6420 4512 361922
5965 5826 39368
4931 3085 316151
1477 9124 67361
9329 3624 357147
4918 1195 440656
8542 8389 1104512
9164 6072 10542
6420 9468 40703
9044 8594 150042
3029 3006 55056
1284 1637 931262
3869 416 179620
6428 866 48881
5076 1017 1067539
1966 1725 1561096
8053 4808 263870
758 6419 297879
3137 6198 512928
8529 4183 374796
5350 9077 462279
6993 6397 139679
587 3581 44972
2688 6801 379666
2683 6147 211896
7003 2925 464670
177 7692 412221
2629 3204 491823
4523 9977 42493
966 8731 228497
1617 9709 360526
5868 82 878062
7484 9707 142619
755 1979 251213
3033 3399 906220
4531 9339 206265
9580 7784 780250
8927 9231 898627
240 2318 244369
9274 1454 1983117
6979 7442 889831
1136 5186 836352
1928 3774 371271
9848 5854 533072
6013 516 43473
9895 4277 106487
2025 8752 330649
951 652 282609
2983 7256 92873
2768 4224 340625
7240 1307 512981
4993 197 602069
6941 8153 163642
2175 3200 290959
2113 8597 815244
5100 3349 346807
504 6210 793413
1505 1999 336954
5794 7979 311841
8395 1882 210243
8932 6069 551818
9172 8999 930260
2711 4989 603182
9694 303 224590
6902 407 97610
1616 4510 1221254
7007 502 52786
6566 1842 455865
8184 3687 1599064
9391 147 438395
7920 3005 258966
9985 8478 8877
6540 2572 308145
5726 334 1352239
4899 6037 6963
7603 4992 605990
4448 8892 243858
6272 1569 901821
3776 7970 380387
5158 6709 27823
7281 9703 316113
2286 2803 1329735
3244 1550 294100
4240 2620 52528
4466 7074 234547
2017 5387 581809
5023 2727 589020
6371 5779 662281
4002 3788 178048
2866 5360 17981
203 518 105673
3266 8572 42529
3937 2514 1127866
8749 8080 552970
4215 3233 933218
5965 8104 513931
46 9246 411474
7888 2614 729420
9235 8899 149641
599 3625 242429
5535 5638 65873
6698 4532 394038
6473 6058 475272
8439 6339 455345
7211 8336 165706
