250
9061 1444 106612
464 8597 142681
3114 169 199256
1521 3059 127987
1975 3593 1116320
8926 6293 212334
5115 6533 47310
4271 8262 1478348
7009 4723 379035
3116 808 828475
6572 2749 417517
701 4105 37444
2205 1266 418434
7231 5743 944104
3283 9054 40705
5161 5000 183663
1142 5708 545933
3708 5165 85619
67 5730 80845
18 1144 1625830
5838 6271 642021
973 3516 395509
9257 6376 256970
3446 8094 30727
6422 8782 709717
3264 3079 468546
9542 5631 2208
1796 8786 257242
511 6429 476075
3724 5736 520519
3684 1490 380034
1919 3553 371533
7595 1407 20354
7141 5680 310073
8765 7168 392016
9968 8974 122543
8885 4251 583905
7234 6895 372593
6330 9759 253712
9150 5832 410259
7839 8228 172973
7774 1551 96224
1890 6457 138462
3873 5067 692836
7757 1668 143020
7470 1031 74774
4610 7645 526262
6256 2165 133083
3963 5174 116520
8947 3192 567632
5223 3996 15343
8873 5097 350092
8772 3381 51472
3400 9728 188901
9962 6028 604351
4438 7625 34537
5285 658 724640
2770 6586 38920
2629 5452 749706
5298 8437 65918
8668 6329 368051
2477 1071 461336
8678 8588 22793
872 309 556960
9198 4609 327349
4202 5123 448802
35 1866 95130
3139 3128 1429134
1001 1433 499107
3492 5602 123637
6883 1068 1061467
4153 2067 276020
9351 7420 560520
9377 8828 142130
852 7957 1102711
4388 7716 288125
1253 9587 337970
1349 8893 243533
6382 3829 1134618
559 1863 954600
8010 5180 37461
5854 7108 77098
7692 9511 441805
3681 3409 76700
1759 4064 249474
598 4518 86408
8780 6465 288379
5388 6424 48949
9908 9074 1434715
5724 5472 322473
3651 5183 816497
6087 6346 336078
1623 6099 118371
1367 1426 442611
8308 6200 536005
5054 4397 71971
5401 5273 283448
6425 4584 582870
3912 6958 304675
43 671 327768
7433 5716 232938
3232 6999 47627
7718 6270 108115
7381 4073 387423
2872 7980 339287
300 7334 550325
6431 2850 236379
27 3557 1337751
3427 6797 91544
8778 8509 497356
7452 4350 1763321
8303 2668 817857
9651 9530 13455
9880 3074 1014390
8137 7015 171423
8345 1149 577024
8827 9976 699857
4706 3343 121821
9216 6368 337428
9733 8846 296817
2535 8132 26819
1219 6744 562281
2558 4865 146773
9323 6002 502885
6089 2426 61256
2650 3314 298334
8560 9773 334548
2593 3522 137134
1968 2374 599848
3669 5699 336957
8247 5310 59503
3838 9067 621181
3793 713 344954
2335 2653 352981
6153 5201 258648
631 8113 45340
9281 5768 1115046
8122 8516 709170
3917 2502 246279
5537 2111 142205
9536 9304 526899
1760 455 409171
9233 7661 437188
8298 8493 83913
5832 4009 21239
8845 5154 490582
6826 7220 478
195 5763 24188
4963 9317 211151
6912 9706 910073
1214 7763 1364972
4177 5249 244510
370 357 45467
4786 5810 310425
8282 2423 1253404
4250 9522 173889
111 5145 740371
3690 9164 51705
1626 4317 243499
7468 1557 253780
8932 2345 46246
7156 7905 1241244
4535 662 1049334
9557 8900 1563249
507 9460 281947
7634 4789 405470
9797 6961 558885
5408 8709 353481
8548 9246 109498
8904 567 532085
7514 4172 103793
6493 9156 319749
6260 7793 345009
1534 9744 79951
462 751 145339
1312 154 462992
2364 1663 164478
8227 4960 150493
9355 1941 337642
3613 6233 211447
7349 3723 319236
1130 9460 851706
1460 1138 480339
6657 1855 86586
6124 5437 524221
8591 9033 195560
7251 4538 882202
1466 2093 449662
6056 108 390193
1412 1178 160285
4476 6669 240964
5563 1225 827267
9271 8155 390422
2432 3376 98669
2643 8155 57515
3715 9913 3238016
4272 1804 1242358
6690 8118 33881
9093 1603 867059
1137 4538 716038
6376 3678 131989
1229 9023 87901
9085 6481 556835
622 4981 102451
629 4741 183816
9920 460 105672
6953 189 434030
6606 4742 4946
1492 2478 42654
7830 1959 27176
8456 2466 813883
3421 1413 227815
7503 9198 555179
6681 1235 312472
8137 2508 392616
6782 4921 1037467
5393 6295 414955
5353 7529 13126
3990 6692 17850
3158 7156 87859
3365 3639 405012
6069 5553 413481
9357 3408 303788
4543 8317 617782
5359 8160 96397
9018 8603 109937
7513 2437 519410
7869 6215 191860
5886 8627 192715
5550 8679 122432
9764 9415 58363
8318 4261 224412
777 5551 233822
8585 7677 559905
4142 4693 63750
6725 2373 190611
8495 7553 7945
9860 6307 14234
2402 5405 140982
8556 243 854948
8642 8654 773222
8834 1929 490974
9058 5975 1068479
9260 9374 861448
7980 5215 1064827
7932 635 81545
1290 6459 245976
7100 9174 109981
7615 9462 596351
9221 7883 180601
