250
3710 9194 663640
6696 2651 59627
8009 4085 234629
8474 137 47713
7366 4897 445110
4547 737 195733
2627 522 949294
6631 6688 235770
6502 9292 785388
3824 5433 749972
1212 8515 4079
7295 3710 57915
9500 857 111142
6383 3692 408969
7261 3116 429820
2179 863 442206
7612 1614 442748
7939 7553 275789
2444 494 51095
4324 9361 486912
1874 1363 1608939
7533 6389 1259158
9616 3591 1018852
8856 646 171734
5417 2348 47473
7189 8809 27683
9643 2481 208260
8312 2216 8427
7086 9409 493748
9122 6702 466519
9174 3760 354404
3576 947 54347
1034 5372 212135
5284 2391 684346
8397 4196 490018
4024 1216 356575
228 673 773230
2902 3275 2008952
2125 6752 14059
8278 2092 539007
398 7157 606566
5307 5626 217113
375 5133 114044
2700 8278 106401
1851 1931 298526
8465 365 281887
2077 8534 897118
8960 4309 562231
3721 427 1089334
9428 818 149048
6299 3201 113488
7931 3002 982276
6566 106 315859
6166 4602 498103
9576 7591 16505
7862 2174 520322
2289 1932 836914
3024 9038 326242
8964 1357 462279
9666 522 285889
8695 8574 305285
108 248 710229
5574 7710 521024
503 194 597647
9901 5740 35975
970 5395 262987
9300 9227 418417
3816 7446 1771830
2636 5765 257416
7178 9613 1339803
1061 6732 1042930
1677 1299 1211668
5949 8385 173485
4064 2766 130636
1298 8411 275573
3154 5010 354716
6183 2496 580384
3767 6742 70643
4725 776 113162
1014 7526 27658
4141 2575 60649
4318 350 1448748
9776 5712 1096594
6325 4842 384374
3300 3647 1184647
5292 4178 326508
1910 8611 55897
5070 9968 72931
3112 8996 238745
352 228 1513807
8074 3925 245579
2505 6443 42343
588 2015 87594
1434 5910 35731
6905 9252 48562
638 1428 193032
352 7993 153037
6518 66 668697
201 6770 136957
9072 2802 340384
1942 1734 1047
9646 8584 109772
5782 446 385372
274 6031 4877
7103 4351 339138
5587 9560 312671
7805 4047 1480030
1276 1800 673615
2104 3496 112719
1121 6625 69368
6384 7410 158853
3961 9777 56942
2516 6238 432681
7070 353 173768
7623 4724 369422
8923 6727 146474
3017 8060 486724
1539 3986 281939
5182 267 234324
8764 2407 152487
2930 2889 321050
4671 7581 19443
8825 8542 72916
812 4651 1458160
6860 198 2613
8944 9144 796670
8460 6676 25895
9739 2725 86686
6323 7084 693527
4762 3216 144687
3106 4768 557853
9011 3807 542040
4144 9433 275152
3515 8043 252705
8610 297 53232
4265 8184 905968
2794 7123 72492
8423 6599 1147147
7086 2091 199002
2239 7714 155061
9266 4866 495129
5340 1417 131042
8218 7084 101122
5889 4351 388202
5078 5401 227408
8161 4069 936517
1380 7958 408463
340 9062 143730
5431 7020 128523
9818 8530 1866928
7279 6856 114505
6886 9685 496711
3020 6875 1562951
9683 6783 803387
4248 2081 186441
8499 6350 392538
5800 8462 113369
5636 4771 1883
4313 8404 115415
5009 1332 22521
537 952 167209
2417 2766 955221
811 8734 388572
1820 2585 37177
8127 8748 28055
7684 7952 213846
3177 346 150193
714 2249 40634
6802 3994 165341
1485 9665 337906
545 8026 45707
8936 9794 224684
1585 3506 156849
3593 1261 151246
7546 8191 183167
2035 2670 436877
689 2138 22611
2424 293 285100
5269 1268 405638
8647 6997 1206374
4213 4918 38763
8385 1474 199701
1003 1987 467709
4792 750 606722
3402 5012 994960
84 1148 321115
2339 5432 579769
9874 2395 494959
5127 5075 53931
9814 9278 422697
295 7396 438227
6018 9494 914585
3833 4587 95013
4507 3034 13289
1161 5210 203614
6452 8096 141341
501 4067 416897
7936 28 418008
9846 7126 5228
9104 7950 176245
6758 8703 1154557
2356 8051 345557
6496 4742 444230
1384 1981 311591
8225 4628 325993
4648 5416 5813
9439 1545 839638
1055 7865 232887
1956 5409 138641
3763 449 367528
3643 4936 182928
8864 8726 123812
4159 7839 138220
2073 9441 392215
6703 5272 561565
5234 6273 95842
8461 4553 994531
1880 7391 1483836
9081 6307 267946
2011 2821 173661
8681 8156 182301
7466 7921 307331
4185 1647 789850
1653 4393 323178
232 9174 194303
4212 4329 1312653
3022 2042 216981
2151 9049 109561
7506 2044 141672
1965 2918 6840
8070 6639 594702
8419 4155 603845
7834 5878 210696
5213 4662 370916
779 9898 330678
7403 1880 151786
3205 5107 852484
9631 2795 81588
9801 551 1065061
104 2034 992573
6431 1281 101462
4876 2017 527233
8053 3707 785727
2191 4348 157702
303 4652 18567
4970 3998 5748
550 3639 226944
3512 7485 506341
8191 3653 124024
681 9714 27929
