63
3768 900 1824834
2007 8725 856333
3927 3776 822667
3432 6452 2574643
4238 2394 446200
9749 2300 284443
8327 9166 1255051
3715 7119 467545
648 4553 3748678
3852 5044 2263450
4835 6924 2340790
9139 5852 143683
6485 8614 970098
7310 8408 112811
7747 7321 199328
9259 3547 2639496
2461 3258 2552516
6545 2300 790760
1300 6070 94852
7410 5538 673746
7148 7375 2230428
457 8578 2225624
5246 5964 5134177
6358 946 3949244
4460 6713 2082715
9941 6372 750468
5429 2136 102342
7115 6287 2609381
3240 8074 665616
9932 5926 739233
835 213 4042245
9075 6976 915195
5399 7167 3227883
7606 583 1183826
6491 1748 302583
2125 6639 405676
6718 2607 391320
9130 4948 1302694
1704 2071 1073247
9396 7109 1741955
4423 5791 228744
213 5966 1139
5548 8503 1503951
8809 7184 239351
3621 8066 3152942
9637 2704 2067525
734 2637 695170
5159 7153 182021
596 5101 302110
6012 2317 903930
5473 8472 560207
6154 2502 5274897
7501 5124 1748428
8900 7544 242376
1554 2908 3913412
2494 1433 1174436
4988 974 1907738
6171 5883 1708306
5894 619 783327
2965 9949 6701409
1020 8452 4729194
1383 5500 363421
7981 3165 1478190
