63
1513 4289 2992727
9142 6556 1117561
9962 3418 1951629
1879 4704 1596431
4314 5530 1985179
4453 3209 3576046
3571 42 224036
162 3957 2003350
2665 9284 87808
6495 6269 1061418
1768 2540 1297234
2858 5476 1778219
6267 2046 909016
9900 2237 2686918
166 8700 1713698
2942 4103 1129565
9415 4052 6354500
980 2488 2793051
6287 2686 2025053
3221 4242 768285
4761 2010 441048
7616 2191 2267126
2293 2333 3982603
7297 9935 468890
5341 2949 3690437
9267 3410 283884
4092 4293 103726
7163 7981 917612
2306 3530 188162
8084 9867 142526
4540 6924 749788
9921 8845 384389
5103 4147 3234419
3442 8225 1615382
8921 2044 50344
9969 5661 1580610
2434 1346 3173982
1371 531 1795282
8602 8458 344533
2658 8363 1219583
5817 3543 3052764
4033 3555 879061
5446 1674 2761945
6059 5893 128326
7833 6467 2227892
6436 1830 209541
9300 9422 957578
1690 8368 1778044
2962 3873 2681463
5377 6091 2452986
4046 5847 1686336
4747 8758 744112
1960 1685 5024175
4013 8452 1807415
568 4875 426297
3480 2902 2519851
1224 6655 3001455
6698 5563 25607
4673 6459 513327
3700 5815 760152
1725 7323 39441
647 1576 1013340
747 5331 622842
