63
4531 9747 1817029
8933 6291 156135
1314 1627 2321436
8976 7849 1233167
3368 7563 17836
8854 93 1862772
1872 4368 1549698
9895 8818 1408090
6400 7070 944286
7879 6640 85133
6774 3439 131937
7065 2954 964059
8700 2629 839328
692 7947 718314
8252 931 1353550
9503 1876 838988
2687 3539 1107451
9396 5691 368402
9633 6893 651147
9588 8008 401769
6874 355 2133508
367 9487 6715599
9199 8063 3257783
4746 603 935792
5181 3303 21650
5581 2048 367426
9191 379 1910881
3694 1018 50774
1586 9797 1318581
8558 7312 3179834
6155 396 3648812
3294 8819 1446166
2915 4534 890455
6683 3657 5091586
5955 2611 661624
1277 5777 1169208
9365 4119 106701
703 3981 1255362
1542 8463 2355413
8626 7830 2097355
2391 3416 354825
1321 590 432941
2798 6756 2412256
8204 9559 4257326
1482 4442 60620
4756 1730 2361410
6285 5605 1081293
1875 6078 3479348
6086 3865 2355900
6484 6859 1371272
5494 1063 3927221
9140 3142 1251187
7389 7766 2031366
535 4394 902037
5776 6182 409112
9231 7085 1761264
7773 7837 2332173
3408 3100 391502
1339 4167 3190819
1875 1859 1110070
2506 7508 3059592
6020 2661 1028076
9516 8968 3053353
