104
9837 8086 625328
8958 9833 2299226
3422 7866 492485
4264 6028 67404
6635 7879 2841611
1071 2523 248156
8665 6920 272396
2115 5047 1996610
569 1026 535607
459 9784 319811
203 9738 1827453
3074 7442 4104332
5323 5042 673157
2165 6009 42898
2183 3116 2402345
8701 9248 88435
109 1184 571449
3698 4393 110097
2617 743 90004
7164 1711 249188
8331 4646 1730420
4430 4173 1058884
441 2091 2627221
3669 9116 3262530
2248 2969 248716
7351 5907 53894
4618 6808 852388
2859 897 1633965
9853 8384 1844638
1795 8372 819158
9608 3246 1648627
1182 6929 2863185
1313 9459 749249
9406 6876 873637
9670 8701 1263682
7944 9830 183885
993 6749 1856749
3449 6515 771315
7249 4794 1090922
5558 9280 943221
5890 200 2144795
3546 3213 543646
339 5718 3973152
3513 1794 658222
8717 2474 147878
2701 1743 1487266
1574 702 75624
3906 2301 90022
4625 365 3041533
2845 7872 1052742
9113 3963 272889
1089 3685 431038
8312 9961 400585
5439 4696 758023
3737 9123 541077
211 6965 268043
8231 679 854523
5747 5062 1523351
2893 2935 109811
9350 4868 1302496
9463 4874 1950456
5133 1757 2079002
8703 4137 304225
6663 9541 1548816
2546 4715 1776894
3758 1551 317126
894 4523 694665
4683 7596 101619
5611 6584 599214
7892 8748 361744
2072 4091 160490
8572 7710 279840
4727 5700 692395
2475 8831 1415837
4146 3112 1135188
517 4570 181860
584 354 212439
5118 7372 128122
577 1553 59901
2979 9681 3353408
1979 8172 2049939
1217 1256 106499
2731 5369 1618872
9809 3027 104078
498 8497 1448933
5042 4710 1842187
2280 5705 674182
5633 3692 56887
4566 5000 647367
6252 8380 198602
248 8685 339131
715 7786 170839
1976 5867 47653
9 7947 2259
7866 3947 439138
8784 9353 895215
6448 508 1110945
4007 7304 900115
144 982 1648175
1400 3013 630577
3907 5592 513987
2167 9783 983127
5000 5368 239684
1840 4557 67374
