104
6373 3991 156786
7655 3817 1101210
1531 7538 861999
3139 6696 1783973
5036 9461 1290706
4202 1382 269497
5330 4685 3231002
1529 7097 489417
9208 9475 26229
5098 4060 872276
7520 9616 489641
5633 4393 2306269
6540 5120 596899
3628 6483 858249
2204 4779 346301
9430 8707 1161854
7986 8682 450312
7094 3870 278538
3524 8770 2465403
7566 9476 2063908
4143 8878 484041
6400 9335 215339
829 2755 848486
374 4141 1511647
5912 7256 86675
1629 1037 188563
7541 612 4075632
4337 698 676311
2965 5854 1002794
5527 3136 594205
2247 3434 2599240
3574 8104 1256122
4939 6595 2142776
3311 1198 46909
7 9149 345755
3406 2902 993928
7997 6081 245647
1576 3985 1353876
603 3999 1633601
7433 5030 77326
8878 8977 752906
9377 5496 2831485
2496 5274 1982375
3637 7898 849179
1497 1292 2896818
997 3101 1514081
5313 9452 111500
4897 8389 1544745
99 6034 51685
4136 9152 925380
97 7952 1383545
1548 5678 1823820
745 7755 172086
9883 2255 2159461
2171 7446 2464
1041 9983 184490
8144 2291 213085
9396 254 568790
8146 6497 727812
2420 5916 401456
5392 6805 1035837
5880 9071 284726
7910 3217 213707
2954 2232 353790
2443 3305 855084
3557 6123 1400689
2434 6715 259094
6054 2222 2390807
4928 6923 1057643
74 9371 3823199
9347 8063 869019
610 9724 408521
7739 8504 890899
8851 1961 1154961
2365 2107 947549
1028 8972 1101059
6735 8255 356728
6084 5321 708161
6338 2551 820819
2316 4407 696865
3950 5008 116
8232 8030 1281371
1929 6991 15926
4515 7669 29996
3663 3426 771488
4906 3820 3084353
6298 2130 564933
2723 3323 916944
2444 8715 732148
1894 5189 2105989
4696 4310 8220
8940 9013 262005
6860 4959 438096
5711 7662 1775813
2718 5917 602794
9897 2104 823065
3619 714 95187
6016 2903 107795
9844 161 217267
4953 2750 1794366
8128 1959 920585
3460 6438 214229
723 3310 172593
987 9318 859059
