104
7712 5257 3074397
198 8767 167398
9779 3728 500698
4684 245 264148
398 6717 132675
2503 2143 1207803
22 9783 832859
5623 2091 1249008
9478 7966 22019
7923 8981 226211
6480 2967 455433
8275 2871 1095771
1817 4678 137664
6421 7413 413568
4390 9242 765758
9144 2393 145294
2466 5316 706073
8735 7964 45397
2701 3971 133803
3224 6613 511158
9277 5991 1034269
144 5550 1173056
8331 1387 476120
8772 5072 895572
8891 9332 164788
4367 461 1628460
1642 8084 184472
8813 8811 276870
8371 5826 1424970
6892 8728 1667749
9517 518 269573
4428 4722 113613
9328 7698 258273
1720 4339 3779557
1822 7224 1072396
2935 4888 210372
1976 5607 279893
7630 3566 30726
2972 8611 972145
9895 8971 2346593
9466 8528 531954
2963 1532 2893769
7898 9874 469871
1848 581 239834
9827 6208 169771
8900 3779 395118
1119 2641 90912
3265 4143 273212
5434 8377 239914
6431 1360 718786
6669 4169 513299
4363 1108 1555462
690 4364 8659
3725 2242 1259084
7563 6088 939992
6036 5056 142324
3038 7726 33758
3410 5712 1099391
73 3364 1848298
1364 9619 169044
9654 7676 252192
6317 8904 46570
9995 119 1273388
5368 7713 1612798
4179 4993 494274
3176 3277 751035
2192 417 5901405
9612 2569 3341371
8506 8805 2642441
7700 2498 446058
176 2466 980932
397 2066 346689
9469 6215 383941
5959 4600 765344
2903 3454 1524065
6075 5874 72631
9782 7523 4061376
814 9064 3197804
3023 2216 427125
1609 1910 4690714
5906 6920 136953
7989 6759 311758
7050 7175 98732
6023 9150 725699
4505 4007 694346
8080 9377 1657594
5800 7181 271816
2488 6086 267891
3073 7181 847907
7690 8407 4609286
5368 6391 1878947
3951 588 199156
1015 1558 41399
2345 120 350428
242 5789 426301
2525 8328 151490
6154 6213 1144792
6392 9697 343321
7837 7692 297500
2534 5707 474466
6770 6768 235195
6357 3891 3534757
5809 1312 1658484
8875 9233 2490575
