104
3248 9579 1373918
5852 7984 502969
9077 5822 385738
5293 8805 388484
46 8885 1739046
5444 5881 77545
5253 3282 1603256
4500 7395 496881
3339 8074 658559
3861 2055 300199
6459 752 649975
8233 1482 498241
4810 2225 1142887
1286 206 3298
1451 6509 54750
2584 2751 216259
3646 3628 329376
1782 6840 841610
4561 1221 560533
8349 8711 109683
1536 5218 952469
4679 8985 153718
2226 3272 1468958
1561 8518 157555
6318 5000 4152088
4925 8278 160440
2388 623 1459839
2679 5051 1514073
289 1206 1032047
9414 2095 1612149
1312 9055 88709
1407 4778 248201
5759 4520 282341
7442 3199 196793
1307 9450 521466
5691 7885 209428
2332 6765 695550
5032 5555 19675
4895 8091 67010
8695 22 3508047
5882 5571 244237
4228 7069 3197765
9221 1008 2400630
8519 6308 826166
2429 369 909655
472 1459 1573007
9234 6353 36980
6079 5312 847476
9829 9474 2593962
6277 5004 1478159
9050 5230 666526
2101 2614 181665
1828 2444 2851189
627 1700 713637
5859 5116 319120
856 203 1883169
7853 5733 227855
107 2170 782336
5208 6480 208250
1733 4927 488559
5227 7442 3755987
9868 2392 1054362
4672 2452 141001
4994 5967 307564
4178 3354 404213
2422 3511 816701
2631 414 545174
1503 7783 416907
40 6874 622900
5066 8877 195407
6740 311 4185711
5352 3749 4234111
4817 8837 664762
4903 6418 153445
3288 867 360733
5490 7285 2559061
7594 3136 296570
9449 6539 508098
4708 8538 707057
4426 9006 1002755
9199 8071 243333
2992 6758 435170
8960 1676 100373
2788 1125 697420
3128 5606 437301
7844 9431 1246315
8826 1359 2091165
5336 6321 75446
4686 1059 2591762
9341 304 3071385
2194 4254 259219
3510 2157 329657
581 3181 507898
5560 3719 3746526
7532 6989 267332
5420 5999 11694
8116 8325 100457
1935 9685 1084755
5829 8110 180680
6096 9196 542468
1236 2962 1131667
8987 2085 3297366
4956 4062 905016
9388 9756 848970
