56
5588 2151 706968
5315 6866 933048
8634 5573 4403079
3013 9687 2998065
7605 752 335153
3120 3589 3450537
2574 6700 1025042
5460 6588 1561114
4070 9716 1347764
4883 8417 539166
1791 9078 767312
4345 3632 1669224
4396 3362 2394517
6586 5531 118351
4178 9753 965151
2614 7504 152152
7699 7507 2134537
4346 3818 242685
4461 7671 1813689
1289 8520 706133
4757 3670 3197855
5004 4570 4190603
4740 4125 1686932
8680 5514 454250
4234 139 1600088
8704 4809 2161551
8926 1583 1603319
1509 1402 78431
7681 4031 549367
9465 9585 2206285
9087 6707 4432235
5547 7183 6428413
4743 9111 457993
4037 3401 632568
3907 2583 1201892
2352 3213 5142682
8914 9014 173396
6597 4834 363173
4251 7592 4168431
2362 7564 1070030
2521 4669 5777887
6890 896 1409967
2151 485 451708
6622 4885 5547590
6303 7613 1633031
3815 4255 1191
4219 744 1068183
9683 8147 1247018
5416 8819 2651291
1196 8422 2440276
7009 5118 427492
3359 5043 1604339
8234 184 3821456
690 2474 110021
9795 1962 693576
839 6686 1051793
