56
6235 8035 3059726
2747 2905 8560559
5148 5470 545564
8059 6819 348376
3658 5674 6888565
8118 1738 308848
6599 6292 905421
8691 8618 1904688
2433 4019 560565
3281 1183 131747
6807 6128 23061
5591 4572 9096661
333 7112 117710
3365 5347 1821625
983 284 3045431
1169 1505 1366301
5547 5256 344911
9352 7468 774958
9932 7085 522281
9364 6855 679899
546 1031 1094102
6467 4685 2060663
2341 6011 1492102
6745 6483 3000250
7378 5675 371114
1022 9525 2063379
3221 3974 2215081
1993 870 1192063
5145 3411 2407562
2100 5556 1794748
6250 4462 272613
3036 719 3937775
8142 6034 159582
3199 9767 304827
6851 1482 1033629
3120 6490 1364353
5953 5796 2558460
8557 4947 1003676
6001 1050 1554716
4538 4230 1597525
6706 8689 786313
4193 6210 2471271
1315 8487 2406905
6081 5077 826136
8977 5522 791493
9805 5543 1156318
1493 4201 1725990
1794 6739 396023
3048 8570 741363
5759 1891 2785881
4540 8426 3702900
7620 6129 756068
9434 4943 5751940
7764 3438 9121
8494 509 2798013
5931 6263 409148
