87
4021 6598 4223070
5744 8328 963537
2293 492 2676085
5216 3637 2719730
3051 1153 1833945
1911 2324 2455772
3313 3984 339806
3617 328 1642943
2399 7182 812203
6745 3931 706757
6084 5860 281497
172 3858 2847104
2815 9839 818399
8740 4549 160134
5136 8161 5425446
5420 1585 1543625
9911 6955 615098
8650 3667 1155157
9603 3120 3782588
1293 7310 546224
3338 5757 328813
5595 8691 1491006
5695 9793 360621
7225 4367 162981
933 1061 275958
1390 2223 1437387
3389 1881 1270466
3920 8958 1676690
3795 8151 205169
7620 3017 596649
8159 8865 2391741
6946 479 1130104
9804 9910 591154
6229 8545 268035
5349 3309 242822
3188 7601 666593
7249 9063 456323
9015 983 1549187
1776 469 54662
7006 5741 41581
1941 7574 2407319
3432 8621 56675
2311 3634 491112
9152 1404 972573
7460 4958 1045379
8872 4414 652082
4560 2491 639140
1723 220 2353170
879 3293 141156
2326 161 675094
9156 3428 843697
5742 4025 987192
9783 1075 400900
1306 2307 678875
2080 5403 365726
8249 2486 301323
4791 7949 1147296
5083 3573 402584
2802 824 632186
813 2429 1899762
5112 2955 95507
7905 7750 1750990
6802 1785 356585
6462 7938 900839
4152 9488 957582
5984 3661 322978
3643 5079 1282690
2844 5609 2517538
9993 3972 722285
1576 4226 588820
3844 1662 1439537
6919 3698 824448
3288 4735 290390
8840 9096 1688812
9497 8488 86778
9582 6615 1294254
6521 863 4269380
1225 3658 1368656
2336 8646 235576
9798 6986 1652803
7508 1721 260956
1304 7802 538816
6312 6202 3128158
9793 3799 1595003
5556 3637 1379829
2598 3076 1395609
4287 3286 1214878
