87
4501 8042 3787524
3123 135 2142425
3284 2815 991896
7288 2487 617343
1099 7539 380718
9075 4282 1425737
7317 4029 1489134
7125 2453 1597176
8638 1198 1500443
5941 9418 1099066
6229 7033 2219396
4292 8197 384015
6083 4373 209108
7524 1210 1254019
2821 4989 444094
1687 7269 704380
3327 166 6833
1015 8997 2784912
2924 404 991774
4649 6206 2279370
5780 7932 1182040
2548 5441 143513
3414 5130 19281
8282 4447 1259528
2172 5591 392731
4326 3165 2055574
2934 1818 311838
5184 990 2650680
9605 849 1697651
9696 2262 47241
7517 8301 2318884
360 8415 996693
4992 3764 320131
5288 9845 637871
2345 6954 2355457
6376 5749 494509
8784 1250 6156321
6787 4311 922903
798 9229 72628
4867 5122 1638001
3180 7435 2530079
9833 5431 506507
3713 4682 609181
8924 7722 274023
706 8156 883035
4578 1039 2127148
8190 5105 1059652
4889 9055 712334
4296 8877 981795
2585 3126 871431
2685 4098 4722107
7998 5248 982540
8556 3932 142487
7745 4600 391483
7698 7698 351953
1501 3948 658178
357 4600 610899
5671 4578 2831088
8618 559 1863619
6427 102 723297
7878 9650 227014
3202 9822 747362
3220 6237 776241
5073 5366 617470
2673 3665 194363
4146 4922 971484
5316 2027 92255
4992 2226 1122810
1379 30 1060719
8933 820 405182
9129 7990 1751502
9814 4894 1592463
9973 6979 1729955
3912 8376 292551
2869 3498 324672
45 6319 2128352
9279 3942 378571
9122 4826 1622762
1854 8725 1131070
9808 5896 1057064
7413 246 582900
8641 8161 733957
5407 6114 1995835
9952 9499 125841
223 660 655850
9722 5937 632264
23 5596 1233817
