87
6272 1987 2020927
5657 7413 396140
3436 3587 1205562
106 2031 1914865
3211 8394 149748
8798 970 894563
5342 8285 1602900
5491 8225 528873
6859 8103 151303
7590 9499 798996
4567 2017 1150565
5695 288 155469
6554 5392 464240
6608 5482 386830
4119 8086 2207129
2670 4392 2348514
5069 4322 2665460
2734 5086 114779
6354 8434 349648
3124 2955 178932
7115 7740 3275177
4684 3289 2757386
4402 1349 582927
3065 4503 290710
3700 9296 412022
2242 386 495427
3441 5380 3229977
2659 6757 185268
8832 5462 569324
5919 211 1083211
3502 7774 512344
9879 7826 376929
7738 5825 186760
6512 7052 517500
4750 7698 121891
9772 9638 415983
8407 9149 1495145
9567 1886 2351698
9372 7254 360539
7383 9344 928344
2844 696 2450436
7528 1694 2178712
9168 9019 110642
5679 5015 1597984
5329 3591 1241453
7522 1906 160475
9842 9846 38029
484 2538 883658
984 5743 109153
9625 1580 600170
5570 1073 168039
8841 8369 2287074
3668 7742 2017907
4915 991 1173581
2657 574 2878131
4804 834 583779
4612 666 3721150
231 3206 1486800
2432 6904 1033159
8894 4801 303781
5648 1166 1964230
8982 1893 2387120
3790 3494 261096
9747 7619 1342501
8069 972 302588
2342 8249 688978
7977 257 2979228
5467 3207 342142
6490 1305 995899
9486 9322 2320762
2496 5402 1244494
1835 8159 1753873
5353 4585 231044
5836 7724 114187
1613 2441 131504
850 9504 270
1906 3346 706611
3387 9881 1947609
7786 7732 5739682
1457 4314 789138
5402 5418 3901321
7329 5349 1958761
4109 8012 1136847
7730 6080 55605
1740 2114 274545
8510 614 47385
7936 2321 1524462
