87
7262 3332 114889
3542 602 80769
7660 2378 583129
7315 2465 805510
4339 2356 3348403
5762 2363 513730
9299 3055 3771149
6668 309 829109
2617 170 509143
9632 8755 2681761
7420 8636 2360785
6360 9514 132409
8381 351 1414234
5477 652 1329398
1981 2113 455460
9507 7740 279345
9060 8980 2372060
4381 4606 7224713
3516 823 2043764
128 1558 1411207
3850 4972 2221634
446 4845 250343
1786 1015 1133524
7268 1922 1494253
2675 6184 368449
3786 4768 860321
9852 4221 133386
1862 9628 798949
5937 266 228843
9877 6024 2220436
8284 6299 239296
7191 2888 96739
6533 2767 1654967
110 8522 1665917
4247 7408 333752
7839 7257 158845
5351 2337 251558
2356 830 579716
990 9638 75687
8558 3452 1058958
5794 5345 1619388
8235 8129 1372071
1656 9098 14850
1311 2966 918437
6597 9079 634407
1026 2892 148336
2334 8405 1889887
4715 3406 712653
2270 945 662417
1576 2552 468747
4327 7965 358835
1747 6703 953685
5350 6205 5724710
9177 3328 515382
1321 8455 349901
3145 2336 892172
4995 7465 92591
3203 8941 2622529
2316 994 4746413
7885 3829 1898669
6974 7953 657375
6500 6603 921490
4799 9008 2041056
2489 6801 5385456
7131 6394 1157736
6730 1783 465442
9454 3588 1609204
8727 6265 150034
4074 1363 138680
4880 47 2594883
4946 1108 215423
1978 7920 386251
3470 5977 490799
318 8627 910365
6549 3068 336161
8905 3434 2225942
2689 8752 74811
6427 7381 47243
3014 2342 2299225
5250 8460 61678
8125 515 312116
1186 7684 658463
3867 6467 12673
1935 3990 223240
3834 5591 450910
9199 1338 628358
6117 5437 862366
