87
6468 4132 158167
7178 5575 903322
7040 6887 1915621
1669 2263 565541
1957 6703 2250739
8261 9391 1381758
6285 1465 1425810
5753 4605 4112059
8211 1115 772665
7354 6686 299544
3891 8277 360875
8741 3046 1655668
7530 8660 1557186
8741 5812 1711316
7332 6416 712184
6451 232 144725
9472 658 738007
552 5631 2036938
1484 6327 77842
2797 8012 614156
6708 376 2588949
2122 6568 153127
7816 2407 860214
2513 474 667441
4037 9586 2051704
5485 9099 135009
9535 5215 1357052
8106 6917 2319873
6113 6780 4101296
4429 6957 1373440
8101 580 1038765
7636 8984 614541
8889 6557 719316
5530 8311 701639
2468 3635 118923
2130 4243 455356
9283 7470 2784968
5170 1786 3683186
3361 4328 748837
3868 9976 3861552
7642 1140 899685
1911 4433 449942
177 3590 415250
994 8204 52385
4217 4107 3805877
3450 1269 3236065
2733 1035 6140
4486 3887 140082
7959 6053 1236208
479 4594 1210694
5261 4317 1009096
6023 3698 1424117
836 1352 2119253
9405 2106 375140
8693 9979 705888
5896 228 243670
9805 6664 153012
2893 1331 364725
7233 3458 1656658
8726 6169 76508
8992 873 408465
6579 8166 873278
6200 4285 343549
8701 2621 100995
6441 3339 286413
1366 6542 1834164
8988 1073 2420232
1833 9263 242692
4576 9977 366916
512 8782 81076
3063 8861 444212
2127 4222 4955322
315 3813 337580
1709 6310 1964486
4664 490 445034
2287 4126 822816
1478 878 562369
5427 5490 1303603
1424 500 1525166
2367 5869 146520
3002 554 2176223
3076 8416 1038565
8671 2272 283145
4966 8964 1622951
3307 8507 1664459
5247 7046 251315
907 8104 188748
