108
6630 9623 13197
8593 984 160957
7431 3820 187387
6568 367 125195
9608 7519 1087471
2199 2126 51675
5159 8993 22754
7707 2606 301900
7223 4671 722255
800 8703 1655122
9930 6522 705995
9602 3177 991157
6731 4208 454873
8407 6757 884745
5891 6753 140714
9378 2561 1001181
1248 7899 422313
3804 2960 1300218
2983 928 573332
9261 5220 343419
9457 7843 266031
4243 8643 384247
5633 8573 451473
3590 3628 720138
5807 543 814894
937 3241 218410
3834 9734 2152943
7280 4776 614707
9469 4891 1054956
3202 8391 552256
2657 7275 1220602
3963 3577 699018
382 5433 1256880
8365 9301 209425
9536 2591 74291
7761 5296 229045
6489 3380 727498
1554 9169 904979
7452 8922 1101518
7121 5854 2813970
3536 5709 1237099
8886 117 611806
3105 4328 570450
9436 482 459215
6234 9141 301218
5281 3872 523362
7620 4877 1021216
2115 7015 124839
2393 4994 45606
8283 3601 2168816
7473 7840 533571
5958 9435 134726
7662 8428 105621
3567 451 50719
1162 929 265553
5872 495 2898271
2674 7880 1122397
1014 9967 379474
3209 2716 2443446
8371 6965 4446950
7671 1341 90943
7367 5054 1877701
2165 5566 599034
5823 7190 741148
2845 4264 2777439
6623 3601 932867
7494 8836 450195
892 2903 92943
7529 5027 779208
2280 4716 63524
4329 8751 398064
1851 9228 248760
4628 402 1234380
8847 9579 322548
133 5498 1699854
5595 2491 1189793
8332 2286 65925
5533 3920 37638
2028 4304 2454105
4941 7422 534231
3741 2619 2245458
3302 8308 937005
5476 2337 1229146
7505 4584 604749
7481 7131 903513
9915 8854 2006524
5140 6475 452211
4399 786 1932092
6927 9423 548651
3939 5813 2141627
3861 9948 3084908
5496 680 200863
7515 5671 689712
1563 2565 557275
5977 1040 531280
7346 6045 577831
2911 8721 1522536
1011 2407 1070339
1813 7930 819115
5869 1777 725643
4694 8574 59658
6088 3017 161547
4568 3646 2703975
2724 5498 2763078
6244 5446 2725829
215 7777 3065321
2798 2753 1538627
7859 3468 553691
