124
9288 2452 1859172
9876 573 158009
4408 9815 881241
9523 2230 2135305
4444 1637 1015985
126 8720 1836628
3594 560 594298
8762 2755 152318
8599 8399 304080
3917 6784 131221
1344 8183 375052
6089 5429 923213
7892 6910 269013
3439 8053 85169
867 9784 351920
9872 6956 1694137
6619 422 209740
1837 8185 279754
9689 6297 2217793
8186 9882 229406
2672 7363 264078
2696 7262 511654
3695 3989 1647555
7236 8217 815568
9484 5568 1541980
6003 2840 651
2298 6404 68657
3081 7164 1384385
8894 4190 2141295
4085 5718 24061
1063 1082 1236486
8993 9876 1197568
5745 420 1247024
5302 8789 29720
2059 5378 277104
4633 4598 684343
5163 5161 54948
5702 7147 893725
737 6917 33738
3974 2683 1615871
8725 9884 3471405
9256 2159 805447
1430 4510 375855
9440 7587 1525807
5536 2670 101043
8114 7084 173688
2976 7047 418119
1252 8089 287236
6286 9688 32101
7821 6385 1284158
2835 4179 2218832
9603 9729 305331
438 7810 175424
4206 8728 93498
621 298 1268674
5510 590 1244100
5977 6777 816638
7444 2379 19769
6185 946 23788
1022 8275 2406957
5418 4986 862163
8558 9344 440823
2173 1236 1234942
2790 6628 1617386
7403 6936 98888
2240 2162 228351
6121 1828 760948
9802 4473 1395373
9971 9965 386820
3918 4512 125538
5998 5829 376975
5945 1555 105490
3919 8809 871524
3844 5086 501788
2489 7328 756316
5339 9774 1094834
1774 5572 62613
3048 4301 68327
8128 7476 553512
8786 6130 143503
4346 561 554564
7690 5252 1760279
2613 6195 77897
9130 3381 653768
6175 4700 459999
3244 6572 199043
1123 5977 124227
9871 8006 1165329
5184 6696 861841
6450 6669 1190288
298 6857 1026761
4391 1836 918858
5411 2026 649773
5486 7861 327648
564 1824 630527
3511 741 694476
7415 8058 403045
1837 5261 1692149
8174 1978 2294242
2598 7958 158352
3916 1464 1777934
8806 6565 586256
2975 6350 3133061
1885 3010 118
4539 5038 2016513
5243 8450 1540639
8424 7422 576294
8918 6672 864381
5747 4949 165790
2177 3128 806772
6909 8515 170517
4248 6730 307512
7367 790 177911
1789 796 1488120
5683 9870 191583
6728 324 284228
1148 1270 973805
3259 7751 1266141
8257 8198 196618
1187 5137 3116451
3875 3270 1057961
8622 808 819834
1327 876 2055326
6687 4608 475320
