124
2419 298 513441
6246 1411 2108996
929 1520 299010
644 4080 1154820
9247 8957 570406
5156 4434 131178
4626 1233 553362
6294 8243 368729
2880 450 337842
9641 4991 1049097
4214 2697 1939988
8784 3455 807303
4301 9457 184827
4125 2461 269792
4264 3914 621646
849 9785 21548
2309 3590 1789355
5533 486 110318
1650 2381 283449
1012 5447 1235174
9200 1281 63547
3285 2144 884168
8412 7193 1095332
4581 370 1539854
5633 8942 2139756
2715 3199 385159
7370 6908 153958
9429 1137 2258418
9360 9738 161460
8430 4804 2191219
4942 8449 1084326
1694 4585 465045
3135 8618 148236
7746 6208 2345878
9206 6790 70514
2941 6790 611161
2723 1669 1926107
9433 319 2218824
9810 147 314895
1124 397 25441
9961 3496 1079279
7119 6141 1906839
2170 8175 960217
4550 9343 1015976
9437 8237 318956
2458 7733 1318474
651 9953 314593
4390 972 1201
3541 7253 1678755
2421 4637 603887
9870 8124 1586342
9684 6220 403724
9446 852 508157
7420 2909 19544
787 7259 929478
7889 6604 2287824
6977 3652 1149056
3386 3126 1439559
9649 3217 759632
8006 6884 3532048
5367 1021 1458997
7150 2782 1275614
9865 8417 537075
3696 9071 255203
3266 3776 67534
3919 5975 164483
2810 2243 1432361
5610 531 1648297
5805 9241 463547
4975 9344 194313
9002 7973 578967
4901 8357 1376399
3234 9409 587721
147 9236 1462343
1667 3896 504
1907 3634 899230
7669 5764 622272
1528 6606 308124
2539 3486 812771
6670 8620 257592
3773 3061 250286
8659 1278 3031382
3016 2854 110
1235 4802 462248
7662 9850 837815
7819 3999 408838
3277 9511 248404
8867 1641 71214
6942 4404 265512
5084 4905 692499
6355 4052 218187
3583 8609 190244
6903 7663 244539
7546 4964 38941
2223 7437 856256
3915 2670 729843
1316 3101 2209474
5738 5296 135396
3540 5515 541020
9748 185 45499
4129 1194 937443
1902 4567 185646
9845 6430 3020081
2515 8670 1524730
1521 9742 454725
3584 3285 631981
8198 2686 142321
9925 8987 44303
9199 4473 72523
2388 5506 1338869
6083 3807 41887
6872 5238 681663
8751 5409 202590
133 5085 255584
834 1309 167830
4339 47 494895
8370 267 244526
5613 2562 1008861
9383 6642 164317
6471 6962 664376
2191 2302 1260280
4350 3405 1794106
67 3466 846656
5494 8816 1691633
