124
6714 3106 782062
7669 9982 66695
7496 1173 191280
2242 9751 748148
1122 4564 134501
9394 8936 41630
9794 5451 1296079
2275 3483 1150112
6655 6084 798674
7799 696 848289
2876 8523 1863321
9213 1993 920427
2148 4746 22042
6296 803 748382
9782 379 88274
668 4955 1310945
6733 99 239282
7111 7499 2152406
1345 3502 197909
3433 8425 553288
2947 6267 2067008
4953 2590 267890
5534 5335 479968
7427 6613 846900
2388 9308 646704
2471 5143 1960617
6018 3739 233202
7902 7656 15258
2903 7575 426957
4421 9913 952162
1806 5777 166110
4423 1457 532807
2949 9917 660265
4732 32 17590
9967 4766 142893
4956 2019 330008
6460 8943 204293
5400 8714 386478
1433 7852 160158
4416 7480 224995
7649 3940 780983
8875 5233 1548848
1418 8860 1775092
539 9518 2673736
8872 2328 1437801
9039 5770 734431
3610 1431 309754
8826 4758 622694
7014 2611 780138
1088 9367 3024981
6808 8133 606433
2235 6409 4135145
4437 7087 1225999
6066 3170 446641
3068 1413 244296
3263 1201 621519
2680 4784 859034
3595 3071 581321
5941 3735 610712
6317 3128 296905
5602 624 465788
9259 9772 274484
7440 4376 441679
3302 760 242179
381 111 221421
2209 5155 690669
2651 6973 22300
657 8163 1072773
8725 4028 823845
6367 126 915926
3056 6187 2112761
7293 6580 1346519
7317 6394 360464
5840 9910 283201
8882 5719 731519
9825 2890 381495
3668 3482 572877
3021 5448 550035
249 9040 461229
3991 2552 620722
9408 3849 250833
461 6038 1198873
964 1995 2241089
8156 2800 211208
2564 1698 384406
1878 5151 1434377
7086 8786 899891
7281 8022 25383
559 9005 556006
8422 2723 700172
8728 2984 606348
1271 8076 1272523
4307 5447 1576781
3164 4230 1852409
5193 6178 226675
1694 297 3239769
2468 8284 467420
4339 3522 642121
4459 9572 86181
4859 4672 2765511
2795 3097 827290
5364 8652 272079
7567 7708 747552
7913 8893 733368
9445 8102 208984
6263 7889 439422
5723 8348 2363889
7824 4866 242263
7658 8457 870295
1045 2694 498153
2020 2243 1644658
8175 9646 701554
7220 5368 742942
1303 2061 2026949
4970 9275 419226
1237 1463 920463
8914 5909 159567
8405 1416 561872
932 4586 645679
9138 1553 831680
7625 5846 662480
5349 4939 947042
2800 8411 263400
1616 818 846859
