67
2966 6208 2224061
6022 9997 784450
4395 298 1667738
4600 9900 358146
3190 256 91015
4523 250 623092
1123 8491 365508
8586 1531 2891870
2303 6454 144178
3900 8046 3621862
7323 8536 191800
8518 1665 290481
3958 203 524204
2208 2139 1783731
2644 5043 144181
2314 1073 2348562
5083 3453 3736778
9157 1321 1640611
7001 5428 460488
7739 9697 2026109
2953 9483 178926
9740 2958 31233
5652 6416 2983558
2038 5400 2580628
6591 3906 861372
1007 4201 2064460
3011 4738 2619086
1316 7988 373573
6381 8132 401485
9545 4961 3765758
9052 9890 1174539
4943 2398 642569
7844 7524 2839910
2692 8611 567012
3827 1430 3811837
261 3107 583478
3174 6532 1046043
1227 8145 4050503
1673 6341 241988
2623 2586 1333010
7427 2185 4083310
4313 9240 1437591
1077 3849 139337
6707 7063 681000
3060 6937 972320
7004 5527 3541397
2606 6162 601975
1852 7421 1172969
3770 3050 1686353
603 3382 878324
2363 3983 1014053
3661 4038 1272619
4343 5675 477635
6477 8183 4704356
2398 8429 14119
5043 2904 1248082
4819 9303 2066020
1210 4418 917844
8380 3619 263659
2174 7616 303793
592 8665 1388450
8940 5795 2333508
1345 2405 1149550
5739 367 5365769
6806 7749 1183798
7677 5836 1672838
688 8255 1359498
