158
5512 316 1086713
8037 8940 30809
7533 4312 57257
7972 9689 1528228
5604 857 1146007
1961 3058 1311948
3504 668 429044
3541 8893 472589
6997 2023 75386
9798 8518 1654756
1430 9517 424826
8485 2960 595902
1146 5174 840593
4973 4194 364351
5321 5772 363281
2106 3514 313821
2457 5916 144147
3210 402 319274
9110 8165 610429
4920 2131 2315144
8606 1761 334921
2034 8512 86083
1887 5023 684474
7340 5136 427621
7761 6549 186805
2295 3733 250697
2051 2372 919683
3415 9453 552365
9223 37 334379
3218 2258 2484799
5357 2607 57013
1738 5808 976294
9456 7334 358237
8731 5743 268241
6620 9303 28009
140 8848 1031524
3689 4841 296659
7994 5012 255287
7064 3623 58240
3848 2839 435497
7000 406 843053
1377 9487 1369650
3839 6240 39225
568 7289 406258
3076 3291 87251
8276 8965 1118004
3598 1746 639324
3711 9153 405933
7800 6201 89025
3491 5745 821685
4159 774 209798
3718 745 157453
588 5642 1053466
2294 9454 325347
1088 2328 955926
8116 754 188741
7285 4731 1821612
508 9553 1110992
8121 6426 368012
9021 4897 332858
4870 2934 972954
6340 9672 189022
7271 7725 1116680
1626 1888 141626
5839 1395 442753
1097 7583 168857
2254 5120 436158
3543 9778 694710
4670 8075 118054
8096 494 1071496
9866 5199 258471
8009 489 32474
9405 696 485755
3674 6836 176679
9226 6692 383536
4221 2970 169342
6483 7268 814833
765 9750 2055473
3480 8662 233048
1192 7131 1401067
1526 6639 14793
6910 1863 353752
5240 7769 1240795
2632 1027 160084
2971 6731 1112095
1895 611 1115190
8146 1724 27676
3189 4075 129870
7756 7193 1328702
8389 9976 314703
4912 1429 16923
4266 8535 216916
3801 2806 311296
446 80 219581
5077 4595 137278
9339 5587 227668
1753 6123 495632
354 9379 620203
6011 6374 509558
1053 9377 704238
7818 8922 1175635
763 4148 169759
565 6170 706369
7799 6168 1058002
2437 8016 1802700
34 1396 67817
9389 8200 169449
5937 1082 203547
7050 5656 20756
5698 7211 1572792
5005 7627 183405
2255 2271 637312
9650 8652 308735
2543 7899 1397186
9837 2695 213094
1486 7778 572471
5793 8714 10143
525 2464 692305
4020 2830 183246
1247 4506 291730
6858 2589 1894990
4716 3254 261153
8520 5030 59197
5922 8975 209397
4191 4858 3886517
9827 3135 258413
6849 892 2142608
8037 5111 249038
8400 801 769219
673 3939 661250
4863 7531 1143396
6870 1208 802091
8300 1885 167516
357 5353 351996
4776 1414 1679670
5608 8854 562666
1029 8625 1330731
1516 6141 569358
5805 6074 173446
1188 558 435503
9843 5257 392215
400 514 277295
8182 8051 612459
2790 689 463803
3716 5728 1402796
5943 3223 155709
8941 5200 237793
6841 3139 4051543
3019 8163 2686747
3133 5674 372813
7556 8792 264400
8592 6191 888533
4971 7569 834360
1150 3904 209799
4523 6869 755966
5918 1210 149861
2307 9163 316
537 4947 124097
