82
6913 3683 1916500
6880 667 162732
6582 757 2622134
2465 9955 483598
866 4632 155435
3610 7797 990758
2285 4511 3892158
8458 2717 725644
6352 6708 546758
6032 2387 25415
9366 8342 4341756
5521 9935 421299
4131 3128 253138
834 3727 1280770
6713 8304 45967
5903 3268 43160
4171 3562 412583
3117 433 974833
8015 6450 5232085
4334 9597 218018
1620 7717 1094726
6576 72 2847265
9558 9189 453342
649 8201 233892
8714 9804 84965
4866 121 411967
1886 5967 636966
367 372 64231
1966 7796 1036063
2293 1976 688288
832 5261 1254388
4899 9018 1456986
1902 2695 4731844
2574 7630 142946
9062 5141 1257209
4839 7273 668823
2614 3444 589560
6090 7359 1564114
6443 577 402404
6166 8185 1178537
5541 4918 2541393
8092 9429 34205
705 7049 1122649
1975 2008 1870743
8838 4183 1951219
85 8880 2253983
9149 9591 3160619
848 1244 80486
2002 6836 838768
3029 1099 3794463
443 4654 6116
1274 5311 1217129
6671 3711 2307945
1031 2729 432101
1527 5139 174823
9818 2736 180661
9638 4328 221878
1154 3295 1359157
75 9510 588133
7582 4947 273616
243 2957 920919
3832 4261 769252
9705 1504 264085
9992 409 2606238
4793 5844 468905
1986 6524 1197365
1851 9773 346225
7563 1344 445601
7313 4670 2087309
1101 9741 1639688
2583 8079 133186
6209 8380 2142058
4215 6002 553082
8963 9283 1189964
9038 4021 3058342
5556 7463 2298646
8730 9392 91728
1386 3175 1500702
3444 7050 1342863
6877 7154 3634346
8337 7058 2423500
6693 6790 932652
