54
2374 1972 1908396
3852 5412 1232565
7093 4421 514789
394 1650 1229110
8956 7708 1454000
1559 5297 1769135
5277 3292 911522
8034 4939 2827473
5644 4719 223454
6208 6192 781071
955 3283 1815602
2659 3341 5061943
6425 6872 1039597
1286 753 2293960
2529 6825 67251
3407 383 4315401
4060 2469 791791
508 8067 3622190
6641 3012 2288422
1598 9789 373473
6578 4060 3221574
5397 1497 3058223
8938 4644 4455708
5082 3531 5819594
5215 834 7673851
4441 1867 840554
2008 9280 2742409
8297 2927 2206775
4996 4931 176940
5524 7156 3356943
431 4134 364048
7788 2726 221285
9079 929 565924
528 6067 3221135
212 8856 1773232
9499 4253 5177330
5282 8256 2626322
2079 4357 548161
5690 2987 1537769
9689 343 1035690
8753 5386 586896
2235 3967 1566781
2592 5252 415266
9538 7950 655406
2337 4439 20322
2012 7359 476883
332 7237 1670181
9981 4334 2838079
9306 6175 1591355
3616 4196 2247536
9401 107 1086650
6314 7783 255546
6368 8501 1358805
1857 4108 85682
