70
8235 342 309588
4517 5247 1920448
1724 4260 1777111
8898 2434 3576286
2038 7538 1425893
113 8895 1325898
4788 21 2013875
5095 3106 2154358
9782 5756 216440
9357 2028 803354
1489 5101 2629564
273 6440 276
7878 9056 1576233
5066 9873 638652
7941 7475 1082722
8641 6776 1197415
6738 829 362074
3987 5193 1034091
8627 2877 568491
6058 7713 4616548
532 7730 265114
6431 9096 15475
5554 3073 1165422
3648 6984 2690277
1910 123 196893
1290 2320 705013
7579 8247 2499351
4536 1094 2195019
4214 5120 362098
9278 119 1124155
563 6751 108840
85 5633 1084723
2824 6275 608636
753 8971 581038
9940 3341 685954
5786 5542 3231218
7047 524 1242401
4467 1118 1890958
3095 3094 808293
5823 2225 891218
6969 1210 394330
2672 8702 1624340
6951 6717 2952989
9734 6095 832429
2184 7124 3125075
7342 3854 1157964
7310 4591 853469
9971 5371 1347509
5753 742 1062465
3371 9414 1976933
6461 8636 563379
4720 1153 3091346
7245 6120 1017715
4686 7181 216446
2476 2139 4040473
1005 3548 934786
3449 6527 247506
323 6192 150838
8704 4214 1363350
3765 7257 4828176
2211 5435 1051655
528 5758 3759674
1004 8410 6152272
4958 2083 346344
7916 4202 143912
8518 619 2047118
1413 2587 2584831
1917 6095 15696
4631 7869 372013
4646 377 163554
