54
5693 2067 1055723
8044 846 1310102
4675 8756 610133
4254 4943 631643
1911 1052 595203
5221 6077 2269570
5677 9389 625335
8879 3710 482255
9528 2387 2357266
1876 5936 1203611
2062 6338 1037002
1165 9478 3779795
7994 4822 3381404
4799 3132 2459452
7219 2040 3182196
7612 137 1495938
5678 9534 3005639
9051 5159 7596639
4698 4488 378914
952 7700 8187415
7287 5998 777640
3317 1529 366414
8660 2274 1715191
5956 4383 199240
9090 9263 3643522
6360 3908 4616333
4309 7704 853993
3637 1081 189837
4390 1273 881084
7485 7378 129989
1735 5638 386048
5530 4201 1588365
2899 8854 631516
8334 6505 1838429
6684 7956 4440461
2687 1604 376645
5479 9010 2127476
8276 2059 196539
5633 2529 4357954
5521 6235 597192
3915 7626 822733
6785 8445 1514384
1440 7630 1380356
6087 3308 498054
9531 9659 51521
411 4352 888503
2087 1156 4942471
5193 8221 3305519
2895 6361 1654157
5014 1263 1116719
302 3546 2276968
8122 9323 2171969
4836 447 1380948
9619 7001 2436595
