51
3784 7601 1577043
5852 3410 3666354
9874 8412 3362386
5501 7073 2382481
5263 5974 482143
7712 5903 886140
8750 1095 1356499
442 3761 1373697
8357 9648 4443633
5383 9484 934147
1965 5343 1123585
4522 9535 2401867
711 3472 1493697
9927 6447 8111784
5615 521 6705972
4252 7385 647547
8823 4657 587903
7609 2996 1588019
4420 3253 619684
8293 5030 693806
1335 5079 81447
1734 7130 3830261
7060 3731 1200001
516 7859 2463871
4444 9759 662484
956 6856 461340
9469 4050 2313050
9380 3644 1874328
4004 2292 1353478
9411 67 2355209
8686 8340 2875552
7429 1648 330863
7409 1761 1553904
4466 7114 1882795
9139 9154 1521112
5470 5061 1416926
5865 8931 1336820
2068 1763 81031
648 3656 3501588
5894 4647 864400
8387 70 1011155
7772 4620 479972
6484 9449 3774470
182 7125 825004
5315 3690 353206
4867 9590 916673
8147 5632 5728727
860 8136 672554
870 1566 5836101
6090 7363 707199
7702 1711 3296092
