189
29 6446 58976
6134 9190 808135
1262 9024 766273
2415 1442 262220
5641 489 543504
7031 1679 1149838
6380 3671 993787
499 7145 41955
4812 8994 259747
648 3766 206533
2722 7591 562027
7660 6656 932004
9413 808 68949
1847 2308 1242502
7644 8588 708972
869 5505 281903
2525 4012 1498791
92 285 28424
6417 9530 915039
819 253 603573
848 9172 468217
4797 1940 54803
5412 9386 162316
3186 9917 171111
5683 8048 76314
4458 3067 172190
4493 1511 987332
6264 435 402259
7159 4367 62435
9108 690 1304645
4288 66 385955
334 5542 1220898
6413 2319 56341
9639 2014 310997
145 687 181936
462 1791 321478
6665 7136 93689
4250 8700 1924375
3587 1104 1169543
5409 4713 331997
2776 8669 224060
4447 2973 141589
5881 9180 262034
4962 1138 1208426
8637 6985 111903
2280 6149 117934
8314 3900 44196
6660 3738 891936
4520 7214 1067749
6443 1243 1302189
6809 9173 716918
2084 9224 59612
9075 5393 1329923
1613 5488 408484
7512 5649 304865
2972 7858 250536
9143 7864 331297
3393 2316 477872
5533 4959 23734
5337 9177 757739
3912 2407 143446
4150 4777 130321
8564 7516 79952
3003 8013 239978
7095 8489 160765
8911 693 469810
7697 9762 113134
6588 1931 1413711
6375 6782 518416
2948 6787 380479
5108 3851 323174
9530 6068 496292
4939 521 855678
2991 5741 1711857
6012 8707 113126
260 624 287297
1417 857 807496
5113 4103 804219
1542 7325 566175
2697 7770 455416
4664 2052 50238
623 8157 155835
5711 1733 183469
6828 358 263202
9074 1190 850130
3157 1308 1345487
539 4072 54804
9018 9748 944845
8426 2731 274990
4110 6896 166349
4717 5078 1684
5859 9937 151354
6311 367 918978
5533 4653 831940
5580 9775 337710
1823 8556 207610
8474 8771 392997
3398 5679 728003
2955 4014 138315
5959 8200 122422
3432 6042 18367
4781 6733 993729
5650 6568 674960
3544 7293 411261
7826 2559 111764
3669 5378 206555
3355 7745 1076239
8132 3057 967369
9132 7186 973475
3524 4157 420221
1369 8209 9991
6303 6645 464674
7692 5023 144541
3807 5413 66450
3651 2033 72796
2739 7872 398278
5725 3225 650825
4233 7095 354218
4228 2465 878039
2875 1371 5595
1986 7383 643987
2011 4121 152840
6157 2576 503569
661 4036 42060
2158 3947 604063
7136 3708 542833
4221 1628 1141338
6591 8894 364318
6819 2878 477964
7376 2900 2090359
8683 9411 1993656
6856 6877 3352
2824 8972 98441
6507 2344 73094
2794 9543 623707
4716 3734 569898
151 9518 758020
9941 7863 191171
2396 5569 524470
2966 5829 321166
1597 1597 131000
694 4492 264997
2008 9553 142262
2900 9216 553443
42 2244 783561
5813 6778 470111
6003 2093 345818
5468 4498 53624
9536 2747 35640
7825 1829 117688
7608 7448 454625
8849 588 300975
1668 69 249404
1975 865 220622
9482 2186 2631073
6287 9028 643708
9852 8343 1356474
6500 165 584043
8474 6804 216028
4723 6829 369809
2848 6791 224287
11 7413 409491
2669 2129 1304343
240 3906 103568
4559 5095 61554
5063 5178 1129855
6979 1262 690658
2046 2082 209627
1802 394 1594108
851 5075 1369275
9908 8383 1290918
3410 7698 1044282
7563 3799 301764
217 2319 407583
9795 418 1641361
9472 3793 1793358
9318 1588 286218
5126 7025 1590445
3948 4887 420599
5514 2230 52061
4625 5606 206827
9681 9746 142678
286 8799 508729
8673 747 775143
8532 4334 239212
4250 587 608729
484 5411 980646
5638 3080 6305
3336 496 45735
