74
5595 348 545217
6481 3033 315284
3541 8004 1766777
990 7668 784280
1888 547 395875
340 8177 990234
8504 7332 811249
7345 8782 835291
9501 8309 3686917
5149 7500 1148372
2618 5742 1767305
3552 5087 462374
762 1834 157398
1202 4496 253696
8431 8568 1268803
604 1732 733797
4548 2034 317205
6034 3467 1021151
7243 6465 155526
529 3357 2334496
1040 1687 2231216
5966 9261 2015029
2330 8040 2410624
476 7985 1028704
2052 9763 1360175
7876 4494 1675287
9558 392 490343
8319 7140 5085113
8253 7143 1183266
2373 9560 506817
715 9549 470287
1675 4704 1451306
1618 3530 967944
8936 5364 2026805
4116 4029 1030688
7483 4389 2089501
4826 6814 2938363
5655 4843 605739
1189 7536 15587
8743 4554 296556
5841 7146 220038
4389 9061 1574288
9698 1492 1562311
2702 1155 594519
244 4592 1915761
2601 9212 2050898
1354 146 2161950
7083 4745 835106
8164 7983 1249437
5139 7541 1898797
6520 6683 335752
8351 423 4301097
7022 8977 1294520
4563 9418 225467
3210 8970 1996717
270 1043 1122939
7976 1236 316341
6711 4209 147694
1968 4841 1815131
1454 4879 358477
2251 3909 350637
7673 8897 1737510
8903 2287 2905458
9527 7983 4788977
1290 5258 3232621
836 8811 945563
1060 3569 364763
4121 3583 800120
8716 5424 254987
673 6862 1026661
3020 3572 3318051
4199 9837 1950919
4049 1647 1960703
2071 9362 755193
