108
522 9163 377676
8351 6654 427832
8032 443 375580
3201 4662 934428
5748 7359 1531835
8168 8467 426130
2987 5805 875790
764 5025 282401
4646 2809 440290
1455 3999 54314
5651 5350 737568
1477 4030 1054775
7082 2085 1737730
7878 8205 980439
5324 3224 374260
2984 1817 2539861
2065 1005 721637
2198 3585 800037
7285 7285 550496
4854 3759 228056
8519 6968 576832
9920 16 1207508
1470 9784 1754368
8157 8507 1258
2432 6655 1647003
5314 6367 982478
4860 5662 542895
936 1966 2361544
664 7507 1458345
6794 4773 2572043
2478 2727 1966
1635 820 103311
9655 9038 33038
4409 1276 360282
2286 9090 611856
2932 3594 128945
8173 1125 52366
8426 4794 191633
1437 3882 4231068
254 1575 1185572
1957 4688 1917648
3347 4536 292318
8909 156 1156
663 6710 1954172
8538 24 1009034
2142 4162 53346
4064 7758 1115028
8755 841 370207
2818 1887 1235224
9745 9037 2592939
1807 4972 1548695
1471 5723 1984077
3888 4428 794965
8017 8779 576545
8289 1314 129321
4872 356 248434
4562 3008 231664
1334 7358 943146
8968 1554 1276288
1102 8331 13484
4195 7350 3933389
2315 6792 238903
6351 8730 380607
1321 9868 1176242
3131 1774 169170
4479 2962 301805
9109 5070 1965567
5503 5304 40268
2565 4456 447372
129 9590 405082
3464 7335 3485243
6730 6338 812818
9991 2606 1532472
4088 8467 25032
6032 4792 643851
8740 7433 604975
2245 5895 1409725
1170 8726 679292
2317 2645 333201
6912 9389 1102589
2139 2229 1508445
2617 8026 757652
4128 2454 1731289
150 7487 1265507
7913 2551 778096
4238 6800 85274
191 9663 214474
7340 6797 1178890
4555 1066 515649
696 3008 954410
2394 1463 312758
3383 2354 377491
1355 8149 2231015
8462 6907 329945
7009 4777 90418
2718 7920 1689799
2744 9680 4357702
7227 7540 191579
1464 7876 850256
7480 4246 2190432
9595 8865 436077
3299 4533 334243
8062 8540 377059
7761 9796 44274
9840 1863 209980
2723 4452 321610
1887 3770 1398377
3961 6952 1836559
