62
9351 4284 2202058
8406 7967 253832
7105 9083 278527
6215 2419 452538
2400 5989 704416
1985 9656 1152630
1292 4591 4553066
1434 180 2926165
2624 4731 1430337
5702 4114 2326848
1249 7027 868212
77 4606 430148
8220 383 337439
3025 7017 307250
4815 4065 852872
9032 955 1883025
3526 1511 771884
6425 377 342716
551 9779 493792
1566 6006 1273499
8338 9108 1725054
598 734 313835
4924 393 4402426
8265 5797 734486
7583 4107 3962380
6629 86 72835
9509 682 517869
9050 985 698613
2882 7700 818347
989 4278 129271
6509 7640 2119231
2 430 1336294
5808 1078 4049608
5312 2790 3511928
4835 5959 4139821
4120 3799 2183936
4603 2489 875603
2403 8347 214598
8552 6866 308104
1170 1802 4348650
3701 866 4795922
4156 3193 2305471
1700 1271 733253
5060 9014 92659
5241 1592 2594031
3670 1274 285581
5939 8085 205745
5024 3137 2755302
6488 2573 12270
8145 6929 2159662
6887 878 472802
4081 947 2399696
8782 7834 2758812
4120 1919 3485164
6527 1631 3175705
3390 9796 2472418
2132 9035 5517
3398 4696 1939005
9164 4411 1571673
3977 8408 608982
6437 8715 2491804
8412 8771 2374383
