68
234 9757 358508
2401 6152 322655
6602 6792 3643957
2053 3285 511260
3184 6101 3326419
6791 5272 4732555
7543 1225 520999
8418 751 2414551
5195 6065 343190
8960 2544 138024
4799 2617 1468900
4608 302 1689807
1241 9228 2158064
2832 4260 3164221
5412 4775 143127
465 6605 1241493
3450 4605 1433955
2112 6635 395515
9933 3127 1311055
7980 3899 1693700
7227 2176 1997344
9074 7229 1561680
1990 2727 692886
9538 7025 2423109
2714 16 617852
5335 1432 507166
2408 8473 2354187
9970 3616 110492
5514 2172 497341
8731 2931 5730449
3173 6149 2395486
9769 5479 2004530
4873 8127 3399540
718 5368 1259516
4762 202 306274
3435 1311 248623
6720 1551 300626
6907 1958 620809
3660 1567 1454475
6285 5939 1120585
335 9064 1002469
8417 2766 567861
8579 4907 7814223
1263 4731 2937631
1853 1536 5680131
3346 9866 177120
4598 3445 1080863
7520 4717 345781
8947 1567 1292589
6612 8911 295850
8466 1994 325181
2219 5164 382785
5764 5047 153356
3014 70 1092412
9036 7561 264494
5206 7853 1336800
2964 8962 997582
7070 9509 355747
557 5296 1017820
874 811 970542
6671 7372 320784
2546 3929 3231754
6392 9072 297725
1815 8358 634555
4341 3282 1972821
6526 9809 257894
5130 6206 710423
5147 3702 3867882
