101
7173 7911 2860542
8282 9571 2015976
1622 2015 62857
5361 9542 143557
7698 1098 529077
2413 3002 463592
5209 7496 1866836
4265 7717 100506
7892 368 195993
387 9256 1359585
2716 4841 111429
6108 1254 49517
8542 9574 3368153
3403 4010 451956
6993 1500 2263959
9702 5572 887441
1737 422 2015027
7108 1675 1153756
2194 8397 2527543
8298 9558 393174
9545 3091 211271
865 9192 558473
4881 3280 269407
350 8842 246860
2833 4556 687054
90 3785 297085
2015 2169 1675179
6514 1911 26852
5089 5628 1744424
3357 1731 318222
5858 7283 465005
1902 5522 658054
9383 2952 505578
9526 8408 929372
2388 1243 2369600
176 4677 121308
4669 7610 955383
9692 6752 774249
7928 425 628403
3589 489 839650
7751 1261 564746
6142 3718 93022
5352 3733 57633
60 9833 1043794
2423 7824 525960
9973 3778 30286
8634 6165 861437
8663 5644 797130
1280 8487 2998239
3839 7347 53064
8656 5254 85872
654 5085 1383355
3879 6927 183553
80 1437 1153846
8447 3945 428752
8372 248 2845098
3258 684 146595
3551 7143 714549
9044 8561 1086842
3640 56 418098
9969 7485 143708
686 6128 143627
9911 19 194168
5778 4704 1446806
7614 2834 413777
7734 6801 897951
9575 6492 464226
2123 8754 1326688
1466 1976 374924
7851 2957 270443
3523 3617 1013540
9256 9125 1639837
5123 5408 1554996
4824 1196 300605
140 2504 3217695
5906 174 1528032
8762 9191 55539
3905 1450 650105
6870 992 65314
4021 8598 2169951
9996 1390 123286
9873 6745 1595388
2461 4798 3032615
765 4844 1191461
7257 148 57879
3622 9091 282230
8312 8781 453001
4394 5941 2911266
695 4662 166161
8870 8557 615935
9412 8709 1621014
3026 482 1580115
3418 1300 215407
1425 6665 2315426
7066 4220 1209577
2432 2287 1121140
8756 4036 4429136
9121 1619 1502628
1075 9291 1225905
950 2189 3065925
1867 1535 838797
