61
2635 1709 824451
6903 7247 394124
8523 1171 3029111
5331 4766 2052003
7053 1178 2931509
9789 407 174651
3527 5801 2150428
3624 2287 269366
6176 9099 331960
6277 7637 1564753
5322 6608 2038395
3998 8095 10133
6989 8342 1519810
5194 8736 1045144
4770 722 371935
3266 7954 1137690
2172 1674 262443
2841 3296 3278584
1992 2695 1274865
9491 8016 179482
562 8209 161177
7878 7035 3612159
4412 1121 3087635
9638 7764 749763
4019 74 7838350
6110 415 185084
7462 3021 2963425
9414 7915 805683
9943 4103 1119891
1291 6463 1015079
3236 4018 1700759
3869 8641 894216
8869 3277 3838910
4615 9239 120440
3785 9038 8826541
2628 245 1489986
3007 3818 1595525
3330 8424 119054
4351 5741 1958226
2532 6130 40045
2239 549 136727
5200 6626 1146254
7489 9117 2553848
5508 4553 2596989
7611 3242 22892
9225 9390 2385608
1378 5901 1160504
5676 7264 5343825
6743 7749 135430
3164 8994 64428
5238 3288 1194105
7409 1773 590328
6076 8078 1549687
6899 8506 2402545
4387 5392 1219894
1464 3503 1595487
5782 3851 654557
3645 7664 3167565
7150 5094 1642601
3040 8443 1274073
6595 4648 2199868
