75
1051 7153 1741970
9484 2587 4445693
225 9152 78964
584 8817 152339
7942 184 105351
2099 5742 2781148
3716 5172 1303430
7624 9472 692853
6737 9445 1239086
1080 7989 1770688
7893 738 212441
6651 5422 767740
7677 3509 1964337
3796 5943 344481
8211 4791 566219
5172 7267 3494267
9546 7969 628638
6207 3782 544067
9514 7861 1196222
2877 6101 965075
4015 6597 2307969
7198 1581 51469
9206 8158 226118
7171 4085 989709
666 8323 129595
4706 7719 273187
6412 2629 90859
7642 2867 265078
8352 6250 340811
6184 7037 256596
6986 7435 1766840
8903 6010 499706
6870 945 960728
4137 7277 936427
6198 6784 1782646
8910 9937 701112
6281 8833 5645178
7840 1911 3029393
3896 4575 3375614
2283 517 936856
8461 3132 1302474
2473 7172 59213
4188 4675 700727
7027 7389 658795
902 520 1505661
5202 2692 2494685
6372 7145 323011
6664 6791 446874
2362 5996 1237897
4167 7303 2197920
9601 9752 2635752
1002 904 490198
680 6309 4578270
7233 8809 2004659
5856 483 1733145
6352 673 597872
9938 1488 259720
5318 4947 48428
1190 2342 838052
8090 2329 622532
2729 6128 763857
3792 2717 3854313
3489 3607 1638504
5763 7855 1025194
1040 4041 352356
8680 1511 37331
5452 2099 1995345
5587 5904 4153739
7122 5573 1939105
3922 2445 925068
1387 6025 1192155
1708 7811 1541746
2252 321 3998011
2677 8230 805891
5229 9745 1480600
