137
6004 4576 8513
1839 2671 2889203
1481 335 81402
3395 8526 818912
1704 3832 23916
9061 8690 1084789
3017 3187 67109
6165 4421 164408
3156 8926 1477774
8379 9635 619216
7982 7838 213033
7672 6161 89923
3698 1918 1310205
2350 9257 831205
9775 6499 312266
9171 7181 887873
6422 5167 267473
9159 9008 27074
4961 4884 865800
6180 4883 183728
4084 735 35779
4243 1423 1366013
1809 8377 1180890
902 8044 739601
9938 7737 214813
1257 3220 1508964
4174 2860 378792
1745 7893 1889700
4338 327 266525
9858 7082 919197
2264 2070 517488
9874 3496 163957
1997 4122 492580
1161 3593 687313
479 2569 458331
7648 3776 535632
5263 5516 331173
1790 1979 1794131
2234 7204 68705
4095 8354 23113
5634 4955 69991
1866 3930 1491875
3973 9916 73784
8762 6887 3489513
58 2073 642723
7718 209 1164793
229 839 121809
120 6513 589343
5158 1566 267090
4212 134 34792
1796 3327 78728
1960 5808 1066164
9621 21 53660
4451 8822 3834597
8168 6953 1392835
4544 2454 673868
1142 9066 404709
3289 5907 1413513
3234 3049 373609
5559 8084 1603393
9214 1370 424453
7266 360 1808745
7302 3298 125896
3943 9840 144521
1328 8861 1064628
5896 7117 348334
8484 8979 944732
9587 1840 383517
4332 2270 811608
5868 9405 963749
1039 6028 631280
5134 2898 1299688
6249 1276 387848
958 1217 514089
4654 4919 522492
7303 6014 1334318
3847 5948 340133
1863 5836 566234
3258 6147 5869
8614 2383 944221
4984 4589 750930
7645 5813 92675
7438 6505 1005035
449 3416 577610
6197 7382 326941
9396 4274 522878
234 7989 276976
9295 1309 513813
9318 1598 295315
8761 9804 1368160
9017 8701 1768664
1924 9168 58358
3410 2491 765628
7643 8641 1823215
8130 4324 85083
1863 8559 43385
7229 1514 2965569
2339 4841 460329
3394 7576 322826
3219 5601 35314
2241 8868 84520
2432 5007 243115
1863 9671 327552
965 9408 153074
2013 8692 149348
4357 9650 1294671
7183 7685 57765
3608 6095 22406
5402 6532 838138
5375 6481 352417
4467 2649 61144
2331 1342 423995
5723 6843 1623443
5868 3363 246945
6515 7536 668975
6162 1099 151512
9109 9446 998060
3935 3692 1367085
5814 3394 1738743
7626 5965 3128099
941 40 877871
7342 4059 1654675
5636 11 1622229
3919 8777 79123
8923 4230 189969
2721 2157 145697
4999 5018 1828365
8 163 1399741
7054 4186 854991
3054 1032 181321
9764 4112 251520
2601 9145 1514058
4273 2286 153562
6234 6990 1036457
1581 5377 335671
3379 7297 477417
2618 8179 1203959
