96
7631 1092 595725
2134 6878 1248610
1582 2567 214198
6442 681 2109515
1357 6012 228169
9159 6143 1629328
1239 7482 642151
8829 159 561961
1642 5657 671316
7103 738 391965
4054 4440 2020538
1519 4552 451479
5266 8711 65066
6565 6030 1527918
9016 3142 661657
4120 2514 1004360
3476 8030 419992
8257 8998 1506332
2406 4200 1750821
301 1424 3086406
3254 2963 1394081
1399 922 769496
8186 213 1166264
2285 2414 82867
6034 7286 833463
2648 1007 202785
6020 3096 470097
4066 6993 545118
7252 6174 253590
2941 7294 711862
1083 8707 366603
8758 4038 325167
3769 8548 402899
8510 5962 110382
877 7728 3847188
320 166 3454081
8380 9260 1716420
7587 5477 2468561
701 1251 1706929
5700 5118 309378
2904 949 24644
1504 461 1215875
9526 9435 470602
9153 6491 902003
6194 8419 122774
2557 4621 312474
1804 5945 2829603
819 4080 301389
3141 3254 560232
2220 5737 3821834
9709 1369 2061816
1314 8587 986893
3271 8840 693578
2459 9963 466356
132 4903 368840
186 7387 240784
5808 8856 1521496
9584 8610 676838
4961 2976 2391055
7744 108 2250165
6539 4999 849893
6317 6599 363831
4066 7045 127622
8023 9094 1218585
7070 3152 315548
7055 1811 89182
9078 2885 686749
9553 676 142989
1601 2629 420860
3541 5737 679481
2371 2773 991300
1375 2795 150162
944 4285 7229393
3192 6060 4229025
1626 5181 440543
3323 3207 1430584
6794 248 840349
8875 4712 3214139
4285 2702 41975
9161 9876 2173382
6829 5045 430917
876 7815 1707157
4746 2289 231790
4875 3756 101803
4876 6445 210714
4270 2069 105038
3449 6436 84920
47 3843 822310
2758 4001 847224
10 8112 769258
6951 8668 704795
8026 686 10904
5533 3677 474922
6758 9562 1024050
9291 4597 2407139
4363 3690 287478
