53
1248 2287 3758860
672 1324 2291782
9887 1397 1950096
5937 2685 627050
813 5932 2734081
8040 9844 555718
7662 549 1439781
378 4484 193573
4084 5044 9389435
1106 7721 2392760
8882 8621 110372
6829 7955 1254927
4987 3763 291977
2466 6285 25687
9255 9846 1758427
8740 8968 544273
5300 5620 2874738
882 7942 1935715
2042 9650 82185
476 4720 1586372
3455 9374 4924365
8520 6122 479529
8629 9913 1888787
2764 4408 1390039
1729 1726 933761
3064 1646 135948
2518 6207 1519160
6655 4344 2990057
4311 5223 480058
5296 2783 453446
4012 7535 47930
5170 4766 7500441
3261 9326 2465
8744 5499 64723
9480 431 2736510
7762 7079 400254
1307 4288 4523791
5472 3548 2085203
8140 8877 372044
933 465 3659644
6984 2703 4487403
2579 6071 6369394
9797 8932 3696716
5241 8251 94691
6501 3464 488283
4707 630 2491660
7517 7900 1314231
6425 1272 302099
483 5115 169487
6705 5881 1937874
5978 5105 3506041
6078 5314 2457170
3995 1188 298987
