175
5427 6666 180006
1190 5826 36656
6572 7078 910344
169 6819 1234478
5773 3091 407086
8293 9525 769744
2040 4487 1397305
7841 2370 450282
5325 175 71529
2290 3304 580158
4418 8600 1409162
4687 4706 391900
9445 4152 298694
7959 4165 71104
9167 6648 869525
6082 5820 23619
402 9820 696260
7277 6981 671472
170 1861 161894
7244 2244 52684
1014 1928 315792
6863 5706 225938
2418 3202 15872
2027 1329 261442
6043 1456 173014
2234 3307 1122556
1185 8691 674048
8195 4565 660340
1269 2001 168981
7805 2562 1877121
7066 6706 127205
34 31 29088
8114 5250 102356
6425 2706 694227
7319 4542 168491
537 7780 241353
1483 7063 208104
6955 6947 1021095
1165 5582 1279838
2029 8031 723181
3532 3941 62919
383 4674 348779
3286 2504 79199
8356 2218 866011
4518 4582 224200
6656 1279 343610
7076 3042 61115
6288 2872 68012
7681 7599 717782
7958 4880 320835
5951 1389 162632
7973 5869 431145
6187 1518 42334
7240 7215 318195
9314 2544 1197301
4425 5719 1363188
7252 3976 894314
8513 5143 212764
7056 884 20767
3232 6632 1715076
2322 6541 565526
8634 1912 631083
8015 3569 989852
571 5821 627600
6060 2057 302176
6603 1320 2387852
4320 9317 995865
1238 1036 73569
8934 5590 2757228
912 7784 273347
9938 2114 136236
9752 9045 826076
2197 9933 195210
4755 676 463278
3002 3396 1596007
2991 4657 480679
1384 344 660537
7566 5415 704897
5664 9730 62986
5884 4974 1439661
1490 7335 1208274
7876 9082 259980
1260 4922 42696
3246 209 507135
3233 3835 43900
4110 8608 18601
6987 7234 293638
9032 5030 96007
3739 5250 2537184
6898 9562 38127
1964 8705 537506
7525 7147 425473
4600 9430 12794
2995 6511 489103
8399 1366 813141
6627 1012 28588
3789 7208 349718
3512 6598 774982
5568 8563 128733
8119 9554 804287
9213 537 113045
6231 4106 2434149
1008 6765 2821915
4717 4444 612143
9504 7986 43645
2646 7172 142023
4535 6425 1691231
2802 258 267185
7267 2196 340095
6353 5217 121812
1247 499 201983
8242 1485 1057114
2354 1659 678263
7807 9307 83418
2053 5508 722887
1924 3977 306732
7891 8314 1202989
7588 2488 41521
8910 9287 129614
5882 9940 779427
7870 4109 867983
5964 6554 798932
5870 8265 818772
2177 7951 791047
4858 3847 1714895
1261 1489 9996
3651 5030 375935
974 9060 150399
1965 8811 249744
2133 5040 412933
9345 8611 719295
6857 4336 726672
4956 1362 196204
4125 6136 26939
9538 7814 528007
8560 940 190693
504 1343 28916
8036 3765 690063
4973 1953 2715685
7073 5847 372221
8722 2180 10517
2532 5987 45101
2211 539 371167
3457 2629 1359786
3112 9105 1784754
7267 1175 263538
4905 8162 334639
476 2600 265897
2489 5482 146866
6437 9291 110848
5510 702 88175
8068 1948 774395
4726 9319 304663
6381 8648 2750302
5937 1839 131461
8364 9990 221178
4299 122 190865
4219 3701 140887
8543 4679 782071
9755 16 56058
210 8041 175429
2116 6157 614336
3570 5405 1008703
4325 2654 581097
4916 7211 557115
2241 8518 101798
9236 3656 538752
2678 4345 260133
8589 4202 1222154
3862 2707 83692
587 6303 92626
8063 4878 110157
7943 9845 89743
7544 407 608545
9591 9557 1842376
