69
2513 7521 3500830
5095 8874 153733
3412 3285 1609590
1749 820 1451014
2963 6671 1038704
4306 9720 402556
2238 7964 1205932
4236 6425 1457736
2836 7811 766641
4173 3779 4102251
3685 2564 5588784
8226 4102 424971
8324 5221 1032275
4570 6828 1059122
7812 8600 2695352
2661 6938 2188346
2593 6804 956741
7343 5216 224759
4929 5114 1320943
5369 7430 2418036
7002 2722 2126228
5206 2626 568866
9416 4066 524298
5227 28 3519256
6699 6549 1643688
6867 7635 252754
1862 3962 112383
8827 8247 5489386
9228 4381 1954843
8434 1110 175691
1471 4652 1194790
3306 3816 52031
4111 5953 2121178
6413 9706 3846735
785 7775 390175
7738 1529 1956151
8030 6824 1799338
8333 7378 1156669
7362 2483 1723951
114 4091 109189
6182 9369 317295
6716 8766 230615
5677 5231 430352
5058 1007 353092
7172 2273 368127
8433 1435 789381
9480 2271 834075
8333 2448 1797145
6249 9657 1604048
5500 1538 139833
8520 3222 2100865
3407 8557 286701
6200 1503 357038
1700 6643 1573589
404 2621 520568
1563 9995 6396870
4115 8280 604937
5569 4753 10190
8041 7971 907034
4753 1203 1699514
7211 4084 94999
3036 938 99767
3121 7024 672354
1764 4299 1680088
6607 4074 628681
1141 7031 8697284
3856 1916 1557225
548 5265 438917
1904 9490 493500
