141
5609 6555 680363
9306 9202 1477614
3415 2217 3327252
4578 7135 144685
1645 4695 429149
5437 2695 978636
9807 8785 592190
5821 3574 275325
5919 4059 1168831
5728 8266 166321
789 1321 611676
6332 8079 332812
2265 7950 877876
433 835 612137
7357 673 713798
8715 1082 1649131
1737 5913 72577
6459 1712 341504
1543 7657 1817602
772 3627 588228
2998 3665 663801
684 528 298333
2405 8760 14719
501 669 162071
2670 2726 1002533
5858 7663 415521
1654 5060 108090
2305 9480 1205872
8932 9811 733861
1007 5797 57747
6720 8392 579265
1508 3348 2637723
4444 3021 550845
8573 2594 716225
8880 6791 93659
2339 112 705801
2550 1264 621247
8296 8516 552871
7552 9128 1929456
81 495 538456
1767 8330 262424
8482 4740 1012650
8904 2577 1470458
7722 6997 169654
1893 7448 1068181
987 8131 801744
7883 9376 382708
5137 5881 1040933
1562 5933 1890757
2676 8081 326149
5706 248 1120587
6226 5713 518678
7144 6306 416840
5251 2577 103641
7104 8109 240628
5036 8275 66809
8342 1634 35606
4365 1516 1517653
8846 7370 133569
2552 3402 269718
7102 7447 411421
6116 9615 454135
2709 6553 849563
8042 7233 270999
2614 287 1303816
2449 1038 23312
5435 4645 74743
9579 3448 349017
6440 1395 151288
5596 5709 1800860
5723 8406 294292
8627 2443 460777
6828 847 396331
3853 4577 83948
2554 9648 43713
7647 71 189629
499 9646 72565
7141 9641 611453
503 4411 129075
8348 7079 340478
1473 5290 1718219
6630 8564 369260
1179 2670 267873
998 2001 463356
6156 2752 16621
7465 2345 380181
6521 9541 1378515
8958 1500 67448
9819 8374 1569936
5521 5401 134028
3417 3143 129193
7116 8012 727520
2504 4112 1913716
4504 1682 2409890
3736 4470 322445
6749 949 408304
3539 1361 66616
5909 2536 2838044
2415 3120 1432622
5137 7031 868555
6305 5755 1606974
3879 2317 192100
7083 8622 398811
8768 4705 269206
8235 9103 92179
8269 1985 1699736
6966 6622 720387
3925 266 1172516
4305 1685 442680
1971 5433 689540
7050 192 449263
2629 1173 303577
1518 5111 63756
3926 1429 1636201
4309 8880 588788
4961 8198 1108388
6861 2699 49568
9101 8968 1087824
2958 4657 1448452
4063 9694 2528352
9898 2751 471769
5734 3519 874471
479 3377 152080
5270 1651 393382
4964 2927 329830
7990 177 1266796
8040 5203 210364
9627 7000 808010
6879 4735 2219932
4994 1063 249810
9942 2448 621289
1752 9195 2408411
4703 8821 1643168
2367 2710 12641
590 5422 383931
6184 9197 1054853
6129 8974 47287
178 6861 72236
4336 6124 577525
7811 9174 265235
3112 3526 299735
