129
1091 3069 70962
4693 4997 307279
9782 546 708317
4574 16 221434
9409 7812 378153
2875 1658 1451145
7352 9341 506619
8504 2493 1312639
7117 5022 633998
4149 1396 885015
9551 2580 1460453
4563 6587 193812
9326 9920 381706
9351 3886 435942
6072 7864 273113
2184 4698 484319
4147 6048 137944
9595 6264 159467
7399 9123 595718
6869 9547 609269
6376 3661 318394
2111 3857 434424
7473 5506 3381132
4716 7903 219718
7558 2752 81160
3186 9456 307171
2787 18 712208
8478 4322 1693226
9163 8539 113587
2515 798 266243
7908 5817 500490
5143 2026 168447
6098 7952 1128797
517 931 389532
7946 1115 1455253
9347 1550 48794
216 9222 786352
7289 5968 2283331
2367 3428 579272
1945 7705 2270524
7186 5588 508995
5051 1901 606300
9544 8080 762730
8557 7998 307669
3442 472 914406
9201 153 787423
8676 9970 581464
2887 8709 346506
6338 4716 201470
7753 5248 1991752
1224 4371 395806
7314 6636 762123
7675 1988 2014979
1258 2114 2360808
6473 8431 591897
9838 9000 942702
7688 9953 411241
365 4047 408670
656 5633 115563
4466 9440 154421
6188 3780 410751
9861 424 812359
1968 1119 1030795
729 211 501874
1213 2946 281985
7490 5762 809765
3559 4567 995981
8925 9377 367857
1469 9175 2283734
24 9375 1460055
1724 8055 914653
200 3445 87673
3046 4738 975261
1915 4500 761117
2121 1022 83071
8326 4133 371318
6035 2471 162650
5910 4931 1432305
7483 6268 114264
8922 7154 1758892
5582 3226 167553
1864 2607 824894
8271 1803 1152795
1563 9751 1034991
9701 5010 1511332
8740 9943 390280
3744 8881 1563512
3839 2662 420426
5348 3110 231693
7578 1093 2222618
4164 1388 96777
7809 8634 1056441
8222 3809 75426
9960 7193 92086
521 3879 1173817
3871 9747 526964
6252 8579 253216
3365 7395 2461
7327 3956 2497043
4678 6258 1703869
8940 8099 382844
1984 4016 957547
4650 406 204331
2743 4181 59072
4329 5241 1874732
45 9810 44693
3902 6327 870870
3747 4761 1426833
7707 1044 1189549
9141 1634 394560
3528 5845 697891
8102 9474 476345
5884 1728 326850
1809 2779 1033490
3362 4401 1223248
1172 7549 336869
8601 3459 256510
6480 6271 963981
4882 5440 455043
1416 4637 496280
4337 1002 2374045
9766 6751 103609
1949 3687 153797
9444 4065 2376981
2896 4335 415960
6163 4016 820454
8420 9761 2364021
286 9080 546585
5743 9251 1046172
