130
6317 1420 2013625
4201 9173 618338
6479 7554 1835171
1022 8076 374083
1468 9358 646459
4646 1643 1983351
1607 8838 422908
3803 678 523949
3743 7326 23646
3236 1660 859690
182 744 580233
8661 4137 360892
9389 4216 259825
95 8398 2043038
2485 7104 3155290
6908 4576 1056956
2162 9370 336939
2149 4539 711288
5462 5394 1158902
908 4722 1115458
8179 1352 842846
8581 2887 1119695
7013 447 124930
1683 9530 418036
3526 6693 406760
3851 5067 1331197
6996 653 725246
7896 783 13979
864 1563 222668
3092 7601 145995
503 5833 845029
2405 5826 732189
3241 7353 339314
8725 8709 226555
178 5198 82183
2847 7495 570969
805 874 284182
5654 4497 1161860
4272 9657 42261
5847 180 1590298
6932 9128 689810
6635 2168 744070
3796 5889 33346
960 5533 100839
8021 6339 1958212
2193 403 1533544
3726 2442 222091
9330 6755 181187
1965 769 856680
247 2768 1391675
3377 4134 373191
2439 5304 524244
1797 3308 959697
7094 7593 885571
4935 979 745428
8896 7477 283648
7621 9699 69893
1082 9600 229765
9529 7395 135028
9819 5997 209878
5698 9840 17339
7396 2753 1112683
6929 8499 883810
7173 8046 830305
6273 8359 45086
5780 4506 825440
3117 3100 556706
8201 4444 1909906
1813 7913 107654
2994 8764 1765619
2918 7199 1617305
1563 6174 292507
1180 6392 294552
6541 4483 268299
9825 7819 586508
5665 4492 1868995
5804 3996 152541
9745 2391 773492
5530 9971 899015
3964 9339 494255
2898 4544 3164624
3339 7268 1449660
407 361 176864
5158 5204 562612
3534 8045 253657
8276 788 1098823
6110 1258 455743
3009 2595 1214449
8296 8378 108048
5486 9339 448903
1765 3556 226175
9226 4042 1634683
8961 5989 815896
9983 2150 1617740
6744 8483 1248779
5553 7729 2170874
6400 3247 454845
7888 2588 1298193
8157 1300 869036
9520 169 624282
5632 1083 1488733
8157 7405 416432
3403 1073 353362
7019 3170 313672
2262 6210 1106444
8459 6989 329182
2297 2974 799899
5235 503 411204
545 3667 188440
4625 9383 252656
4590 7494 502521
6872 1764 42656
5412 4871 2185393
3024 36 912727
5458 8214 564353
9201 8369 1583564
9104 5347 615993
3036 9653 71998
7868 7009 37719
8848 6585 1293434
7699 8624 1031274
9944 7549 840897
5779 937 1656220
6973 4224 249166
5296 2756 566448
1756 1156 1559064
9524 2585 747228
197 9816 676795
8241 2421 483345
284 7270 89248
