160
1553 2539 563945
6853 9002 169879
1982 8497 546360
705 2950 639188
3632 3513 60046
2119 8632 6280
2337 8645 1255791
6222 6859 243623
9561 1257 283836
792 4741 1725101
9726 1656 1585811
3053 8463 1666493
1057 2443 59188
8878 5819 1706467
9174 833 222121
9937 8841 1232200
6599 7199 2863
2253 7396 214291
5183 9091 420026
1974 2766 752380
1918 2718 858786
4146 9704 275728
8439 2349 34842
8894 9840 162243
8233 5733 545590
9382 3024 26747
4132 5173 1239411
3836 6474 416260
5886 4897 573789
4772 4989 203275
180 4910 488667
5836 5305 431805
7947 6548 402005
44 2138 769093
695 4837 192113
8405 915 1474871
3175 6361 176259
8191 2170 1125434
6420 1498 511434
239 3072 31810
5770 7090 1472358
3096 5267 253474
4367 6233 90135
6286 2174 705848
4903 9635 44232
298 4438 137296
5037 5387 658737
9735 2224 99649
5191 3598 807865
2624 5885 546
2131 9144 452176
5897 1099 18051
6104 283 474709
1099 7390 560335
3722 7467 1224302
9170 9193 1866952
3435 142 623645
2340 263 198883
181 3869 278872
7306 4975 141175
2782 1481 1871922
1692 8726 1592910
8485 4785 197850
6302 1572 221331
7890 1146 554771
4961 5920 1165992
4201 7950 468478
8683 5889 242575
5431 9321 933053
1811 6689 629773
3783 2605 457037
5767 9525 457311
5101 5262 482598
3865 6940 359653
6829 3783 124650
5442 3479 2362783
5049 3292 102056
6161 3656 396668
1762 4627 2387486
3555 2929 990259
5271 2040 527508
8787 4139 1839053
3174 8388 405040
7510 7267 92611
7946 6215 94978
1884 131 697449
9830 6104 603438
314 354 71726
5085 6872 254853
8342 7162 1080612
1864 68 543979
5314 1773 334996
958 6577 773792
7293 6199 523614
5268 3321 786397
7986 4600 502748
2807 2030 628609
3345 159 334714
5347 7448 131622
264 7875 492334
1599 4166 886441
3875 1974 407147
2928 8050 377152
7627 239 243777
9528 9632 581277
5157 3493 62619
391 684 315288
2758 6259 514514
6180 6682 742592
9784 7222 43777
5299 5855 534724
1832 1335 2145596
1474 2958 1106795
6253 929 470562
7176 3766 3026
1124 9924 789133
2571 1176 161983
118 776 1384929
3160 1460 883550
7099 3388 1624112
9468 6526 1301021
6019 2675 798514
7697 3811 518113
9220 9336 578852
7084 5341 251612
3116 4824 294673
213 6925 1117128
6666 681 241120
8316 1552 99527
8768 4037 1019992
622 2207 952904
6181 4975 1825682
6871 7213 448489
4802 7654 548083
9998 8593 667188
7371 3228 389926
3885 8127 517189
2917 3519 765421
5205 7424 339906
7760 4143 882183
9754 3134 984773
2747 307 1208171
781 7438 1750746
5337 4100 652899
9438 9423 110369
4979 2591 784295
7144 1694 1012380
3832 5851 618049
9246 9799 726028
8356 9377 647734
8845 5161 20402
1213 5984 867057
3987 9362 19814
8246 5679 879081
9933 7403 1244320
1555 8300 4297
5351 2704 949311
5943 3306 152982
5572 1440 133223
3385 6228 273032
