77
5142 4432 1235508
5951 8062 2655016
7470 6553 2343066
2752 919 573921
2024 7822 828682
1270 2024 361661
2946 7838 1671854
4885 2178 1760132
3127 3155 804674
7106 7551 3078151
3142 6051 5267587
8715 3841 1120588
7501 2302 34228
5429 1973 835862
4199 1181 584272
1494 2793 3801621
869 9182 243644
2223 8612 748344
9668 1173 337611
3256 1613 939361
6909 3167 61108
9708 8160 290550
6490 4740 1000083
1209 8704 664699
6991 3436 570113
3141 6420 1117947
6158 1915 550378
2634 4816 2436367
749 149 1191154
2091 3847 1360416
4049 7852 20534
7069 9129 3607824
8594 2696 3120800
9911 7787 799443
1399 5032 3581062
4778 3269 2281
6930 2245 30377
5330 6190 169084
3078 9137 801298
2049 6521 903081
6986 6840 190073
7559 862 3492965
3700 3151 152616
7222 4628 859177
3609 28 1877594
5465 7165 1480079
4735 9716 504561
4206 9970 961164
5878 3940 2982120
473 6847 987042
4539 2374 147285
4066 757 1385822
5586 8705 225578
9392 3282 156647
5312 3489 183443
3902 413 3247051
2871 1954 175069
640 9427 282623
7911 9246 166611
860 9296 430242
2857 9645 3115312
3424 1079 518591
9375 9293 231478
6616 2198 1637922
279 6069 3004813
4672 3613 675878
6322 8242 2882295
4220 2478 66689
8666 9879 873585
2789 4404 2331452
6715 8393 5342809
5262 4898 586791
7932 8855 257874
5115 1750 1382761
6724 1318 3453250
5450 1869 1539626
3574 261 706730
