193
5588 2151 73038
5315 6866 672303
8634 5573 84646
3013 9687 110037
7605 752 833257
3120 3589 61414
2574 6700 187150
5460 6588 1388468
4070 9716 567009
4883 8417 1026331
1791 9078 823731
4345 3632 923698
4396 3362 1620
6586 5531 290256
4178 9753 8094
2614 7504 230092
7699 7507 47096
4346 3818 52461
4461 7671 835641
1289 8520 174803
4757 3670 1047704
5004 4570 396118
4740 4125 486303
8680 5514 669483
4234 139 309893
8704 4809 151276
8926 1583 81208
1509 1402 1226304
7681 4031 246225
9465 9585 377366
9087 6707 145520
5547 7183 807814
4743 9111 1341209
4037 3401 694336
3907 2583 128515
2352 3213 14734
8914 9014 947292
6597 4834 567289
4251 7592 159841
2362 7564 760781
2521 4669 625401
6890 896 963432
2151 485 86832
6622 4885 72708
6303 7613 1153556
3815 4255 39891
4219 744 592626
9683 8147 452480
5416 8819 944650
1196 8422 1714756
7009 5118 2176242
3359 5043 239554
8234 184 709756
690 2474 631601
9795 1962 248854
839 6686 375700
3565 3779 511107
3146 9432 928539
3818 2939 887328
8488 3939 519940
6446 4540 268735
5794 9436 733762
9229 6532 226082
7770 4599 33867
3557 7725 267463
1222 8380 576171
9814 1676 224234
5914 9761 299500
5685 2550 36159
6482 6899 205004
9825 9997 999275
8985 2213 300990
2574 904 683608
2826 3326 885745
8488 8595 537085
6713 604 466032
5042 164 1068639
1385 7058 52915
7006 3399 1271248
1541 4378 467604
8325 5731 178346
4155 710 102893
7584 5798 886853
2321 9905 372409
9843 2597 232525
7944 2898 702375
944 2213 147464
9101 622 681901
1109 6002 333619
8051 9070 145263
6258 7990 1110594
4289 3665 926680
399 5277 748352
7002 9128 386769
7364 9788 90866
10 5205 248952
3057 9223 50296
3396 1759 491099
7670 9302 185911
771 3648 141394
6625 74 216795
9390 832 1336149
6860 2060 395673
3948 4414 449564
3720 7145 468925
1035 6761 201847
3915 8333 54876
3434 690 575452
8039 8051 381597
5728 7830 1167776
4204 3954 5480
9077 1625 350208
5922 4471 114962
2787 5070 456998
3720 4425 73159
1870 8577 1373253
4337 2776 175244
1920 6811 1238476
3630 2772 149933
1788 1676 116040
2312 8899 1085772
4887 5676 2306569
7938 849 61796
1968 4504 176788
8791 9541 796262
2312 6621 131439
2130 6593 326775
9559 8412 865237
9931 824 119380
4307 7181 430679
5550 2699 200926
8408 5870 35548
855 8812 673237
9997 5816 1497378
4068 8351 25891
2067 6762 236220
6720 6166 1413776
5735 1839 65289
3934 5638 789387
7314 8362 38268
1310 1211 946314
9835 6890 678917
8722 4839 529303
7179 6853 119691
4799 122 620182
5775 419 778459
3368 9201 408515
6499 4018 322702
2919 8510 300693
7449 7352 180836
3753 8681 18139
1090 7146 269067
7768 1182 493474
1174 2555 365083
9616 2938 109739
7707 4624 2851916
5790 2060 71053
6447 2052 968942
4066 5178 211861
9743 5190 536620
8949 2267 159372
1659 4916 1063735
8776 5483 983555
7618 9660 1023777
6997 9675 582204
2893 1020 1659383
5640 3152 954890
1492 5278 181673
2567 7107 468140
9020 8078 635660
2630 9421 19786
7611 3424 302448
8545 6184 229405
5550 9605 1195575
2292 668 1085801
3133 4398 1049903
2295 4475 594209
4528 7785 630802
2417 3821 838
808 85 204727
4466 342 615637
1356 2984 77506
8077 6810 185477
2964 4332 471566
5079 6027 433191
5210 1059 122413
6652 5295 216186
8763 8821 831139
9340 168 60605
7795 671 118759
4472 4194 57145
2166 8556 1143072
2750 4562 686903
