189
3177 2732 95716
8568 4362 321095
9309 5232 217506
9795 5845 2863006
8048 7523 372655
8445 3081 130857
8929 4638 770274
3721 7547 302547
17 7645 690463
4549 4649 199534
9768 69 22650
4769 2409 328829
4336 3719 428943
1512 7748 223855
1897 7222 653640
8919 1513 643555
4823 5230 307066
1392 7526 197562
776 6579 451416
9741 4764 650101
5307 6848 368645
2655 9637 1727364
9176 7030 557361
354 2453 438799
5584 9489 153987
8139 8239 273822
3200 7147 37242
8675 5199 614993
1285 9637 190876
9351 3653 1243166
2189 2319 487877
1161 4249 239566
2724 6623 312208
1243 4586 304871
5824 6061 77970
3337 4129 1030015
6225 7216 848964
9120 6385 347075
5300 4040 227491
751 3333 101429
2802 5218 102265
7979 8047 735648
7737 1562 10913
1382 3287 101014
246 4799 285276
5473 8374 389103
9102 4079 278815
7118 9409 1095044
8190 6571 489854
5519 2719 80775
1197 3693 330659
4273 1495 153582
7815 9348 319073
8841 7392 28780
1532 7103 725940
337 8281 1931725
6868 224 739861
6625 2022 618352
4737 7685 1693712
6994 8972 258451
5363 5904 924120
4473 8827 700265
5223 3256 681106
243 6121 358739
3557 4993 378885
2105 302 115086
5295 1265 75562
9430 246 146437
1735 6784 18621
5057 8063 792720
9679 7147 579483
6261 6922 430464
4162 9433 42464
1940 2369 2902783
8740 5112 764546
3111 4345 159310
9425 4060 1093163
6327 6945 2849634
5938 6882 1217698
8756 7207 319314
7210 5797 60412
4265 877 30250
7457 5032 42555
6238 7365 245512
6425 8710 1676771
9591 7414 171241
7021 6633 465166
5511 2538 81986
1140 6475 1105214
5909 953 214414
4723 406 1242287
2748 7663 220407
71 3099 3031638
9568 1122 343172
6207 2001 92261
4852 9054 1112291
9878 2198 1152260
7146 728 471762
8524 9404 146051
4950 4064 344231
7915 7467 104912
214 512 1755044
2045 1881 203674
2219 7860 120032
7754 1729 526961
7581 3848 63093
854 578 713774
9365 3365 959501
8439 1101 20720
6028 784 429403
3705 8520 1258733
8213 9780 863014
118 9574 218991
2196 8454 823914
1457 2487 156824
1459 5209 151509
5293 8761 391401
5672 6699 238994
7712 4751 24275
9155 5974 751480
1088 6401 830379
8496 7795 185903
3001 7207 117992
4355 6133 829415
3179 9084 4814
7660 7909 53492
9578 4838 341830
2402 5281 397072
7465 8736 188253
1933 6023 724736
4001 4695 43056
3087 2535 100389
9519 238 44613
2600 9970 1278536
3301 9827 2093108
9012 2762 1185075
6415 5786 48907
4869 8956 621519
8763 6667 336636
4716 5517 47177
8139 5721 766739
1750 2844 1784068
9271 9245 25695
7558 5674 378799
9145 7555 559226
9591 9698 129959
8170 4107 293101
7301 7336 23025
6294 8085 108976
8695 8310 21095
1336 6344 610481
3651 1827 1145427
619 9925 1055790
3115 3049 312038
2616 9638 1092776
7712 7978 104897
2669 6205 562126
7384 3552 694940
8755 9777 753473
4497 1228 342591
9382 6843 108361
3829 4045 194901
1768 3408 224752
8311 4265 938275
2351 2581 1041078
8708 3243 8674
506 8039 659143
9422 5248 341715
9659 561 185201
9888 6459 262560
1060 4652 942380
7389 3458 135160
9570 153 950868
5298 3545 1152098
6949 5652 1007976
7778 6233 1067528
4101 4587 710633
9455 1018 28481
9255 2946 97233
4331 3017 230192
4409 7508 94594
5780 3808 37356
731 4208 374471
3009 4213 15357
4133 8600 18548
7579 6404 45022
7273 7996 2181405
3924 4146 212309
3779 7190 95242
