75
7183 8308 514789
3218 7131 127632
9842 1405 1613555
5809 4088 1069029
8082 6371 561176
5974 5194 379915
3454 8217 1167445
3119 5490 457537
1276 444 127994
3842 3036 1067913
7426 551 818674
9332 7258 4806393
1227 3078 127638
980 3288 59854
1932 4627 867840
2532 7953 1579957
2384 9580 450558
5246 9363 4188198
282 8386 2411711
956 7103 3161758
3730 3443 118301
2105 2308 466679
9536 3458 935819
3676 456 878642
2726 3105 1123107
5582 5751 5080095
4957 5767 474929
672 7268 67807
4333 273 1688160
5373 5828 888342
5687 600 760171
1119 7251 2011869
7600 1597 2175253
5619 6052 2051982
1278 8105 1368749
3401 4753 2693
4334 651 134858
6141 6710 947550
9026 3732 1219169
367 68 125416
3301 5136 3713558
6174 6638 6357380
6327 3190 2677927
693 1290 737292
2609 4764 143500
675 4859 1893863
2901 1209 346643
3026 4877 1410897
6965 6047 713174
9227 6627 36347
405 2724 882166
1533 8948 213048
3681 7919 1738732
6747 5998 1153242
3855 889 6818106
9602 7507 89940
9790 4215 1934034
2624 3357 1006853
9184 7555 808573
9712 6839 194464
9082 4658 472854
4927 6110 271950
8492 6497 4973403
9063 9964 397270
7743 3706 183451
5422 6476 667265
4582 4763 2154892
3668 3420 762673
5278 5206 1917512
9250 7862 1418309
9331 8991 695154
9933 7935 1065431
3727 1048 1090367
6600 4988 332176
865 6122 2648397
