92
5138 502 2834846
200 7164 902063
1146 9668 365027
551 6699 5471158
4785 5282 1323583
9457 7664 1791794
1569 1893 573535
3800 1214 1554644
8935 5007 723422
9350 9021 2126543
8183 3192 480338
3780 3971 532720
6742 1074 212983
4212 370 272329
1410 4311 2993184
962 5894 2717189
1198 9478 3460258
3520 8856 268629
7 3481 260297
1360 2406 1971157
7866 9248 808065
3224 2717 2026625
7902 5122 1454516
3099 7698 247359
471 6364 881047
3230 2397 721493
6162 1825 12423
1837 871 801019
4119 7163 1168843
5510 2898 1571301
9575 9476 8848
1082 1301 688295
3815 1909 913943
5230 2482 179389
6927 7229 2898331
6167 3690 1348454
3492 1134 605490
6353 5378 1143753
6934 8125 114033
8956 7584 1616584
6436 9862 1339327
4548 8421 761511
5548 382 440221
8499 4223 522309
7131 8949 786542
257 1746 1222727
2231 5282 750651
7585 9874 2511494
7904 8614 908530
3619 4701 136378
9859 8485 121065
4554 3708 4501381
6796 3115 25821
1508 3840 986896
3569 3688 659264
6786 8088 357016
6976 583 44455
7221 5322 2002257
4282 3268 663087
866 1900 576445
4290 1238 1914232
4708 6953 47062
3651 7091 547159
2328 5292 3054764
9392 5280 343208
3965 6902 655411
1547 8614 427855
8130 4534 2075546
396 9578 84427
6827 3440 3333221
623 6528 2920752
2959 2813 830244
2942 9716 178361
8257 3056 187404
1897 4635 15900
4378 2260 386526
6492 5036 181830
9375 7234 181857
3241 7144 93793
3245 5050 2289378
1531 5622 1650651
8142 4588 2010
916 1415 36168
6336 7958 112612
7698 5979 2067014
956 8036 2988859
8034 7827 186499
5130 5511 367578
4390 8840 2080557
4894 9078 106069
7565 4007 1166507
4242 7607 123659
