58
7849 2519 718587
4135 4610 1066595
7278 2018 2298443
7969 3389 3730835
3201 3002 449242
6570 9931 1414065
3037 248 1388305
2840 5387 402533
3155 9016 4072388
6933 6332 2035429
8777 6521 3777253
9797 9822 748147
2525 5691 610713
8355 755 159348
3792 3133 2392654
7919 2295 5880389
3684 9927 6348722
4957 4546 387055
1702 6789 3261925
1176 4487 2986782
7147 8280 3539809
4083 8796 545922
1955 6776 4041044
4464 5539 919511
6683 6836 1753069
5085 6850 2653789
6072 3365 87128
9513 9568 115196
7234 2319 964409
1858 2454 1537470
5858 7297 7520208
1069 5135 36663
9602 6742 304714
8890 9687 412062
289 3301 544730
2575 1174 251200
9488 839 363711
7564 3939 6097211
7125 340 1446291
7728 8601 646760
828 8684 1025043
5662 5746 320776
4187 2362 240609
3526 184 1144112
6401 1295 272058
267 2851 2868892
5250 2464 1233570
9568 8588 415641
4785 8011 657932
1350 5285 349088
2852 844 4576095
4315 5643 4692460
6559 4897 283674
9664 1584 111981
2206 2 202673
2807 1244 1659868
7427 5875 1315673
3153 4109 719548
