170
8265 8160 119508
9386 2747 912065
3330 7421 1058262
4129 7234 1922962
4297 1056 211292
8772 9873 1284594
609 3216 603936
7605 8957 134677
924 8869 200575
7006 228 149645
1483 1087 242475
798 9106 629372
7244 2329 600943
1817 4307 1158762
4659 4819 386679
2388 45 156509
3635 3171 2046687
6009 7700 1119347
9251 2103 47364
5515 3389 417004
9487 9931 859151
9673 188 11843
1430 6374 2188816
1750 5366 476483
4144 3863 119046
6401 8793 450242
8247 1143 42050
2977 1683 1000317
1903 5991 165599
2542 8438 439270
3885 4403 799282
4225 7674 353337
9885 396 1141768
9699 4331 405403
5991 2124 208898
661 3840 1990614
7083 1454 1315626
1474 3986 407241
6219 8976 446420
7378 9921 1478650
4738 8759 998442
5883 1989 12960
4485 2483 1037415
3907 4001 139756
6442 4881 20674
6463 6269 237854
7700 2463 300465
407 9917 522549
3907 5382 315609
9669 2227 333987
5586 1882 681568
1591 6839 118669
314 2171 37844
8756 8555 461664
3126 4739 906433
5692 8810 665078
2498 3894 2715738
6258 4168 1045500
1912 9336 329685
2894 8895 163553
4468 6838 677536
2818 1719 685319
6655 9294 113745
7931 4804 430389
6066 9045 956990
8711 843 43237
9208 745 105239
6612 3898 1683356
965 3759 514062
3660 7399 449626
459 6439 149121
4228 9951 287121
8204 9352 1196305
8941 5871 303337
8940 7541 12918
6837 206 1176049
6511 9291 299854
2420 1450 1110048
9584 2500 182058
6329 3932 570474
5860 5716 764788
7207 2609 244684
8796 4752 1106984
8371 996 216313
6111 9103 3386170
1301 8983 2175370
6240 2566 924868
6382 7724 148169
9833 3198 553921
8916 2266 4208
7855 9322 18656
2201 9485 1065243
8485 8844 742024
9832 3676 690216
8571 3535 211832
2594 1365 46199
1301 6972 266397
7456 9287 2047232
2483 4493 1917316
6016 2159 200681
9832 2103 88385
5656 8170 74647
901 5699 111129
8292 6867 304322
8126 9081 85186
2588 1750 715534
3517 4428 309686
123 6012 25095
8476 4657 621534
2255 4896 752454
7355 1676 96904
6088 2837 186880
8375 767 1347366
5720 7092 450151
6894 8390 272846
7417 6721 1666486
7192 1241 791702
7057 3930 409786
4293 1786 337005
4551 4383 329289
6898 3614 780961
8227 9255 1021218
6803 8786 837463
6466 5404 325658
5033 6624 669793
4602 5032 271516
2046 5110 36278
6683 4339 311589
2778 6195 67849
5551 6048 786122
9233 52 817220
6137 6659 46042
9026 7751 1196013
957 286 542617
6028 6562 210657
9403 839 228752
5703 7785 644369
2905 7641 1301361
8915 1821 429694
5063 8566 603387
5715 8349 970447
4819 763 197831
9257 8345 912162
2963 5372 117795
2509 5479 604376
6381 4435 61063
6388 5090 149074
8354 88 664387
7777 8887 1102296
4232 3531 397136
2703 1469 41104
7086 8435 250631
8976 1015 1535791
9477 6853 93881
5849 917 27789
3607 2385 343407
9070 8524 248122
3242 9049 102054
8914 6910 552653
8409 7203 127834
3029 2451 29034
9001 2976 219641
3203 9254 68774
8890 1850 717786
541 3907 144118
4899 601 1621260
4984 592 437658
4332 9550 676023
6051 1001 83484
889 6441 971231
