73
2762 9162 58738
5904 2763 676411
4380 9102 753761
9237 5958 819439
9833 5268 1879834
6971 5319 1222208
5926 8663 158455
6860 8548 43962
2693 7255 1505670
2848 1236 3408628
4485 393 1836438
8934 5645 2336254
9666 1818 7063314
7893 1399 2141141
1039 4617 222491
1608 7060 2139744
9488 8045 1327029
1595 7434 1807546
7337 445 166950
3514 250 261453
8793 6854 97013
2785 910 680694
4707 4779 994108
3574 1499 950539
4870 5533 411381
6970 6648 262727
816 3654 712221
7330 2238 630706
5505 622 650298
4798 4399 3685340
4097 9336 399057
7058 6759 1167940
8310 8534 493371
7752 3755 1349800
1572 8770 3159574
8647 6588 2916648
3576 9851 600082
8233 681 3095352
7235 868 110644
4330 891 1379941
4808 2042 2085111
4318 3709 3404750
2605 3261 132209
1493 9597 328714
9027 5702 250610
4200 6447 1611670
2015 8483 1697866
7471 7048 351517
4513 9119 839849
7739 5503 827416
1293 4809 2159374
1010 8183 1923200
9779 768 190808
3029 6072 1476134
9102 7586 1814672
8560 1433 57805
9325 2997 5563618
1714 989 633334
2319 7519 889358
6928 3332 192147
9730 595 1065202
1514 4145 621923
8536 8448 2957567
691 5254 2601198
664 3903 1951103
9161 7713 3973267
7072 1083 239827
8277 7821 658364
1401 603 1238023
6756 7820 2448013
4520 4239 329720
4788 5215 200565
3869 1131 1708164
