113
4934 7784 1741475
6453 9387 1225205
7911 7020 541934
2892 2467 417580
18 1018 163627
3370 3819 123009
7651 8214 241655
4280 7712 315637
3753 8410 582122
2080 564 210275
3187 1680 2221088
6050 1634 299019
7221 7961 722815
4235 1489 614462
6550 9530 378944
5667 8584 123796
7048 824 977
9426 2511 1202045
9988 5429 109475
1129 1827 2580631
4644 3529 964194
7439 9085 1724238
2558 5522 150354
2476 3621 98532
549 959 3458779
9176 1764 299212
7185 6226 193525
5667 9379 1216620
9190 901 203882
1701 9734 4798192
3607 2716 990843
9145 6206 591885
9052 6949 821623
6730 3772 333109
5584 1252 423361
9950 3074 628721
6250 1881 173452
6681 5823 434483
3394 1000 263249
539 4674 1554508
8713 2888 2217219
1114 4213 1413818
9250 2089 1228925
8185 1207 1033467
7387 2340 420343
5630 662 375051
7206 5663 972788
4993 6244 59791
4081 2895 1920436
922 6626 703457
422 7345 1318498
2584 5193 58009
7741 9849 4562
4535 6379 992789
943 2528 1432707
5638 2982 1333285
8482 6756 1809054
3472 8994 390360
5283 1010 94442
8589 2933 664740
5661 6510 1798020
4475 2164 474920
2951 8720 2188021
2125 9549 807749
2955 262 290772
3354 3361 1161799
4648 7313 881262
8265 9569 962869
8379 715 1375760
8574 6916 4197
8708 4294 878880
8193 2014 544662
1254 7188 446148
6868 6047 1397170
588 1020 1297
1752 8765 683797
1657 6082 36176
9629 9619 1825010
2690 9002 757847
5418 2556 265726
6409 4543 664262
9239 4769 1731071
7984 4430 1265920
2520 698 506
6774 4505 555620
5965 1144 331514
5136 1465 2512982
2978 2884 1327870
7598 1962 1403364
2410 3496 484258
6064 2159 25294
4977 687 2366463
4318 4806 2570599
2374 4741 968989
3512 1808 1840876
580 3676 2039779
1723 5594 214433
5011 60 1348491
3633 8060 464963
3226 3694 1466251
3568 3817 97626
1681 7237 885963
6773 3847 343894
1868 3742 846100
1594 9377 1143911
2087 8244 1089755
146 1749 126587
5901 9700 538265
710 2620 65074
2153 7124 451333
6342 2686 330846
184 755 730542
8298 1198 1402243
