103
267 358 328870
5411 6904 130436
8682 7577 1421246
7728 6322 1477960
5813 9004 3716644
9113 3550 427701
3869 9577 314840
108 2230 3019992
4439 2393 657354
6782 7322 689387
9558 71 659531
3931 2949 584723
6898 442 1094674
3498 864 1572550
2992 8791 1632563
152 1165 659047
7883 4993 708542
1657 4748 52373
3497 4824 5926
5083 3249 111022
9554 6962 103585
4038 3046 101998
901 7283 481335
7557 1465 1006973
9539 746 774286
2683 7594 1164324
7982 7198 68362
9057 2986 2969305
8123 8271 1024531
7015 7247 1172614
3661 8611 38594
1492 5398 897732
7833 4248 285499
4327 5821 439026
9831 1672 1051398
1689 3566 911733
9042 9445 1867962
5483 2853 32559
8421 6638 250526
7315 1175 927219
4202 2307 842365
5941 1589 15394
2688 4111 47209
7600 9261 402437
8321 3020 895500
2612 9276 347459
9353 3413 79603
1712 624 1383372
1475 3786 248991
7743 3369 336021
9179 2379 1569692
5129 7455 649925
2054 4000 904195
6470 2699 126548
2997 6915 855514
1808 2219 1092392
561 4688 677325
2316 3156 251664
3392 2523 688139
3595 7766 539491
6954 8673 1056609
5047 62 5303947
1853 3011 104804
7901 8566 372707
3580 6636 2064571
6738 3599 554917
7700 545 453079
6755 5702 518843
7067 6378 1272585
9333 2100 221549
2546 2750 1815263
1433 2680 941335
4957 9944 2214063
4239 5817 436240
6996 5703 1542754
8174 7545 1106728
8546 5852 1050725
7840 8093 2894160
3946 7326 106216
6059 5034 462145
6646 211 63298
4516 6165 584242
738 1050 1681926
4401 7085 1698781
3267 9622 149480
3227 3729 237544
3043 4403 937255
9198 1721 781591
5229 3912 3962543
1718 1787 599813
6082 4636 1557079
433 289 60549
7883 7534 947193
8098 672 2887334
6583 6200 403568
8379 4054 6290685
6527 2439 160640
142 6682 570749
5176 9419 318691
2977 2945 760410
9358 7734 515870
4320 5298 134857
7961 253 3414484
