186
1287 2008 9107
6377 2175 394057
4466 9501 1820350
5849 7536 145758
3070 7548 9254
2237 7757 168298
7509 2635 441290
1864 3870 82313
67 8225 1988364
7127 279 513157
8149 477 394032
5489 1980 44902
8843 9251 662005
4187 4572 167131
8788 4467 376570
1970 8688 185950
1480 9956 326151
977 5821 524209
5850 7061 849014
4323 1312 33147
6152 492 521098
6894 3360 537168
202 7116 193680
3360 4892 99212
5527 2450 444019
3467 4953 268194
1560 8970 272684
5479 13 437201
4051 9626 1201505
8237 8745 1341786
8117 3964 132199
5991 4994 1553360
8557 2866 272983
9126 5663 1434498
1592 276 444327
4349 5576 269431
6921 319 1134072
5934 7352 41506
7027 2227 46159
8318 7406 740180
3537 4514 119383
9965 1895 411052
4701 3290 269915
9039 8029 659088
3107 1119 12300
8747 7809 515577
1858 9684 103745
9843 8492 404222
9942 4494 428220
5996 6690 464929
5889 2112 46198
1025 0 209582
938 9313 421122
6943 8815 2010146
3202 5012 613729
3785 4292 195254
7569 2389 2459006
3054 6139 169083
5353 9014 305657
6213 2769 188432
2014 7651 843152
1888 5645 368367
9605 7727 5356
7251 4645 964494
5716 5277 928553
928 2677 478113
2390 6607 121819
1068 8395 2006244
220 7202 269130
2358 5932 992837
9591 8590 832615
9703 9275 325542
7586 5221 927038
4284 9964 937146
5268 46 66526
9956 7803 42838
1992 2389 429239
1039 6262 475976
2524 7768 1058795
2406 9604 1967011
4903 3055 1036217
9614 2870 486921
6593 9346 828010
6476 707 634390
6856 1153 282975
5548 2177 614841
8423 5173 34026
4276 813 44076
9410 3340 466579
8121 956 164949
3030 2811 328454
9431 8317 210347
8311 7205 1473654
3237 1663 1259510
9772 8188 763861
119 2462 32871
626 7310 366339
8607 7727 1260002
3348 687 266878
2484 854 486670
9479 4589 360415
9973 7699 290224
2361 4881 51610
485 695 749174
1464 8048 457858
6343 2002 310545
3502 7060 1550818
1073 592 136269
3900 7983 283470
3615 7410 83157
2109 2507 185360
3693 7393 473187
6313 8494 3951
9574 6390 400387
5980 4590 20579
9902 3925 367072
7716 5345 681381
8674 1018 16954
7394 4327 1048691
5928 4428 463646
8933 8463 53504
3015 2746 682
6011 9256 973343
5834 8275 94446
6576 3049 1173028
2913 8080 91442
9076 499 25743
4832 7460 462444
87 9850 138065
1064 5552 564501
3747 7751 305701
1666 5266 176346
8730 2070 374789
3079 2265 893142
4054 7949 441053
7011 3237 100852
8788 4344 557764
6359 2966 17998
6394 9626 470475
5516 7376 1462704
6197 7933 545231
2090 2333 710504
7224 4917 446540
9363 8049 866009
8296 6031 425526
8363 807 202773
9645 5418 268549
279 6841 116476
6002 3269 1188502
6024 8018 1026934
3564 657 714627
4569 6150 591898
4283 41 329283
3576 7316 399902
3599 7475 1496091
8376 3799 192622
2284 1234 227971
2071 2958 194097
162 6588 512585
692 2261 598835
539 1309 368497
2779 8141 360441
8686 899 1364304
4146 7499 1284120
498 7304 1434044
4550 5514 480869
8690 5633 416693
8726 7044 947658
7061 5423 49757
1370 3711 1012024
9968 1039 815313
5435 7738 361331
4560 8328 302751
2564 632 215462
4350 2361 60478
7978 6560 699619
9247 9611 692144
2679 6542 55915
4631 5267 213170
5867 3886 1968823
9097 9257 133694
1499 4824 414215
5023 7570 2391413
101 1036 104799
334 9631 627161
4707 6993 248258
