66
352 4202 144365
747 5676 13227
1597 9146 2573118
8017 6234 4338299
2407 7068 3901874
4408 6065 473684
9401 5947 273870
1658 8758 1732370
7597 6019 1361207
1000 8386 2152490
1886 9568 64524
7447 1600 1518330
5948 1626 815286
7317 2192 83539
2671 4256 1983932
8162 3753 2069641
372 5264 1882504
6807 4579 3819637
3883 7409 596424
5863 8333 362007
9563 2317 1480648
4275 8611 1290354
7859 7977 3775049
8905 1579 2075698
7000 7738 91119
7485 5854 135584
1587 9294 1459849
4585 9641 1969391
8325 2694 719392
2601 1006 109702
1362 7183 1368407
2444 1018 426879
7765 7615 2331245
6302 5964 3668288
2422 8376 278588
2391 3387 3326850
9237 7087 686034
4741 7378 6682398
135 9812 2072920
2177 3832 21849
4856 3275 699557
7521 6399 1163611
6238 7813 2537739
495 1704 4383864
7796 6924 3138638
9035 3229 1114888
6544 2394 1089733
1927 5572 1243681
6016 8417 420402
5440 607 609585
4247 2369 86231
1335 8949 980263
8987 3436 1684274
5818 7666 1427565
7316 750 297234
9533 9457 94051
4690 6776 3414395
8254 7187 604058
9898 8356 3129245
2698 69 1700075
3808 1992 681659
4349 4349 956850
9775 5997 835003
2674 9403 1714508
4695 7547 1759303
4763 5678 103016
