94
6763 6577 640632
3287 613 1081517
2730 568 1202883
9859 4421 1665786
3135 7182 1271645
3643 94 1372493
2029 4877 270020
5909 2402 541094
424 9125 658726
3342 6012 893237
570 7689 1236031
3992 6880 394415
2585 7106 536516
3719 1073 505572
5068 985 1720644
390 1010 2357370
8606 4189 634692
6344 1883 283339
7451 5003 24066
9934 1479 941382
233 7940 1839611
1940 5502 271467
3846 6333 152794
714 2353 1447441
5547 6494 2317479
4923 2865 764838
1239 1915 704579
8795 2295 976065
7506 731 61533
282 2232 3124190
5749 4526 477940
3971 7165 1580684
2668 6665 3480834
8226 9787 33801
3821 1920 722092
1792 1457 298473
3175 2561 510022
4957 6262 1293014
602 2564 78280
4173 5581 1841173
2734 6324 895545
2015 5396 1079212
9845 8421 1326305
9930 3647 509895
9235 3867 592128
311 9643 1018303
1467 798 1064565
8319 6050 731804
2982 4583 509295
6037 4951 2951402
8712 1199 1657891
5456 3938 315557
5036 9062 954533
1012 8333 1041284
8854 5592 344499
3650 6191 1464033
9187 33 2636328
5428 4092 157233
4000 4599 381627
1876 5952 1179685
2116 9693 8622
484 1682 29460
7311 555 3423585
6148 5917 1109303
6259 2694 845666
5333 74 966414
121 5873 1131740
590 4949 149357
9605 9166 517958
2113 1109 621641
8751 2084 286592
4795 8344 1810826
4282 6279 274902
9825 104 820125
4316 762 1385768
6851 1081 312888
8083 1600 1776849
5619 6939 673224
4734 1053 806152
3611 3205 724093
3253 3227 55455
5264 671 3761893
6509 6118 1629357
652 8798 91684
3891 2181 1786253
9053 8596 746904
9676 3555 733158
5069 9522 1783316
7301 3226 915514
8790 1728 1933898
8820 7317 3786019
4121 8990 2129583
3063 6067 1935423
6305 1998 16884
