102
8129 8048 1957856
8107 8917 1122359
2983 3213 352734
2534 9841 1255554
5889 7597 1127433
5151 8877 376094
4879 9912 1044722
5716 4291 1737253
4033 8359 704807
5395 3414 1485281
8949 620 567084
3006 5097 68145
435 3837 313127
3918 162 2591427
8899 7128 1765295
7940 8400 361708
3506 2091 507249
1219 6145 1383867
4790 1206 394
820 4766 690948
7801 408 672231
8409 80 853559
8949 4726 3128966
7500 4631 4819137
401 2896 37106
6677 7298 479882
8994 1957 1806086
5090 8621 424726
3482 2480 1909275
2063 6143 756982
4325 9905 1316699
9382 6934 2923566
6940 6247 1186996
3367 2766 1803664
4540 6768 1638575
4484 8115 1074399
2740 7836 150433
6174 7673 57047
26 3766 122356
5366 8310 706962
8205 6685 662183
6140 1912 439194
3865 6458 455505
6236 4319 163105
6943 2923 2153133
3801 5940 2401535
188 6043 952733
6846 2417 944273
3740 8504 997204
2806 1569 42439
8646 8809 1118431
3049 8125 1297597
6844 4721 710847
9184 7746 1091071
1964 701 492508
4694 3984 1221947
3980 2436 740495
2855 8317 920933
2478 8508 1142621
7254 2616 1739180
9157 9254 127981
2747 5855 593589
7662 663 1181002
4882 5882 106077
3767 7126 2349140
8903 6756 289403
1550 4585 103865
3343 2601 586095
3085 4072 431095
4871 4825 1486713
4964 6786 425733
7778 4882 346608
2157 6251 95930
4169 9646 21946
3932 3217 1630347
3214 462 644994
4650 6542 1449610
3715 1924 661545
2946 6677 284882
116 212 241301
1785 478 439478
3093 2074 812280
2582 4194 86253
1229 1167 442182
9376 9088 2653393
980 2038 1610245
1248 2582 330439
672 3986 1200799
7370 8440 1568386
6990 1457 615497
8314 1674 432951
7352 1568 1593178
8812 6914 217520
9658 8483 305126
3205 4758 620830
188 5461 538304
785 5010 3165137
8084 4950 1417636
6815 1623 3541938
4646 9525 34628
5093 6884 290291
957 432 56735
