124
5314 8272 381327
15 6863 458890
6550 236 1868220
4423 7392 1981410
5323 3279 1004745
3958 2488 153960
4383 6811 301865
1333 2817 2418488
6263 6671 520157
4110 4497 464415
7312 7627 378701
3253 6912 4562814
214 6558 1804653
8905 1762 309650
3511 5662 427444
2032 3854 1105699
444 5535 406259
1909 8019 6324
2466 5953 1252921
6863 5639 597817
2746 5825 524601
1030 5509 191756
3407 6704 174674
2517 1399 1729706
7794 9441 728781
8123 5682 409636
6119 9176 733770
2282 7912 337062
42 7910 86488
441 3300 839849
582 5162 346411
9115 1236 20167
5863 6939 1560722
4025 6382 227795
7563 2326 937
5483 8487 216946
3673 5484 16844
596 4750 430007
5162 6270 1230764
516 220 179782
1815 5710 653089
7622 3633 609196
15 3543 879306
2179 5891 1434337
3243 3755 754112
5637 8991 941805
1992 4076 179961
8659 5586 167734
6059 5262 234005
8987 5011 4242491
7537 3086 293836
2321 1811 2890051
8707 7231 730235
4746 8570 465597
709 5993 1374047
1217 307 1292682
4167 8230 326633
7895 3629 2064870
6683 8482 1007187
9655 6638 161062
7439 5619 549349
6528 1123 272733
4527 6279 714495
7610 8396 290850
3308 7898 1088758
5884 4472 323870
9692 8575 173843
2696 5232 416002
6238 5224 735140
3010 2449 228321
6896 1873 1597830
4451 3899 191767
5395 9617 430408
7479 2056 425310
7556 2184 697382
9014 1311 1182602
9355 3340 1086274
562 5931 176805
4963 7391 252015
3294 2657 1867336
9368 9885 1084162
3120 4505 838772
9054 6315 1160936
2438 5718 1928176
2032 572 158345
5746 9300 287485
3015 7777 572248
1464 2138 57220
6793 574 3298059
9834 7394 194139
2097 952 1508026
9237 2363 109326
7434 3406 84295
9522 4863 94846
9480 618 526864
4505 3770 1177470
7069 1933 297989
5125 8919 892266
4298 7080 371327
3973 1537 471571
9417 4124 101753
3292 1202 254444
4 9637 321142
6011 8685 429310
5180 2146 1022923
624 4478 2459541
8638 8447 1569537
8545 8181 673660
6463 737 890433
1421 8465 390117
1041 4031 756653
8272 6231 92273
8079 9149 834873
8561 807 2288609
3159 6093 844901
5159 7210 187829
7887 7845 1378344
3771 2396 337391
9597 6548 1475229
9598 2716 2059156
4552 3733 126398
2523 7893 398018
2316 9852 982866
5412 3074 1215295
