117
6606 7911 2380494
226 4880 1899885
4393 4140 990
4982 3678 380157
8948 6877 801095
4855 6244 815510
8450 3069 392172
982 1001 302262
8034 9155 296291
6331 959 76071
2879 9312 858594
4849 6130 741211
5838 686 3027665
7565 1335 61883
461 329 819047
2363 9444 75509
192 2270 680531
4797 6581 899727
5921 1058 355559
1809 1562 264324
6580 3436 3875885
4546 8696 302894
4668 2006 1008570
3703 6864 1931101
8797 3720 1485701
9393 1936 1061422
1475 7768 38648
7490 114 93591
3470 3374 1013783
2289 1321 602421
8105 6550 695183
2651 9483 859657
1450 9334 149145
7711 7291 1496512
217 2492 204554
7704 9450 333272
9483 3565 3354713
603 7385 391186
4803 2774 1170859
1821 3399 199405
9228 4733 215588
1028 8190 776072
2144 5043 2544613
1939 3032 108384
7851 5191 627008
122 1873 708401
5777 2811 85656
4953 1271 1075169
4442 904 456824
5849 9424 78319
8588 2651 88419
625 2768 187373
3397 365 2991
9623 9027 486874
1064 7725 1199513
2190 3337 457046
7524 531 100636
3535 3080 182682
935 8752 64462
2294 676 795161
2112 7657 736086
6497 9779 398247
8818 579 601715
6826 3041 1135610
6922 4646 326654
7991 925 319947
393 5487 98797
7468 6059 4209323
9581 5679 403754
6280 6721 420086
6072 3514 1089700
8831 157 260917
2434 4540 1043735
3434 5053 1228879
5860 6959 89723
1859 5234 340063
3169 4117 288602
7429 5413 5189197
7615 7744 641808
2144 8901 173285
6165 3984 914290
5051 6036 356385
9917 5263 422998
9398 9682 341970
2693 8211 747033
6884 5451 3161913
3174 407 1044562
3499 9451 274569
8604 7201 1862686
4631 9199 220255
1491 7443 879177
7939 1015 406395
245 559 3635070
5743 7887 1523689
5748 6047 21624
8640 9132 824674
3757 4082 570155
2023 9407 761856
6021 8458 250023
5764 8706 677845
3282 2401 2271936
3707 3587 593065
3500 6398 63655
6447 6196 77406
2485 9795 59870
7742 7146 799469
7215 8962 156017
7808 1101 281768
2281 7501 3508708
4327 4351 200388
9099 8749 927055
5707 4559 1033777
2111 4762 982990
1924 6510 914345
1330 4881 1910902
7829 2708 1243125
9253 279 1443557
