96
6217 271 854407
7610 8598 536745
3952 6984 189613
1707 2046 321895
7402 3688 163444
8938 4060 23084
6385 9663 805090
2666 4253 2384076
4933 4282 1071743
4473 5940 184050
8328 6499 2211496
9399 1757 232578
2824 283 150039
41 4346 1521723
8508 1080 132592
7785 6054 384016
8419 4428 614407
2657 7993 222297
9436 7767 1973537
9806 8537 541226
2008 3500 158835
5142 7235 1180835
8605 6099 55565
6803 3905 1003905
1515 4302 2207469
8166 3569 2036060
7294 2101 975161
4645 739 2519232
1037 8430 622389
9438 8676 704363
618 4717 355739
5232 5522 3330670
3826 6078 1058293
5112 357 877027
302 164 729355
861 9588 311047
3067 3828 1945688
819 6618 999539
9605 7546 825404
8507 4512 1303469
2688 1719 450365
7162 6525 1547707
8155 694 591592
2252 4583 804042
9201 3496 938188
1586 7396 5318698
7443 6759 101766
6982 7148 1045648
689 7284 1121048
3102 5249 114943
5416 6394 953083
6268 7552 3310982
6532 9958 1934611
1736 4454 1300469
3792 3570 450985
2837 9565 54557
1524 5025 351098
1296 9850 2215780
6362 479 2439200
3671 6314 856520
2129 9274 500137
8120 547 77222
6214 5152 2747170
6869 3915 374775
9480 7303 94414
7882 3008 261578
4166 1766 1008660
2278 9848 624103
6222 710 402598
5207 3703 316091
7470 7493 4732933
1790 4645 356421
3650 1248 3473090
5338 7491 503375
119 6433 128950
7369 4842 159717
4245 9079 3263171
7679 9903 1171706
2929 670 991372
4852 56 1112371
9714 1975 188904
4131 772 2480893
5354 9540 278894
5242 5773 401070
3529 3617 1657766
5796 5091 61114
1918 3441 368276
1702 1209 2495492
8503 8635 338124
3075 1326 87483
7211 2658 409071
8406 3498 1836223
4840 458 1374773
3666 4870 64664
2830 7226 992710
7807 9532 1045304
