178
7653 8652 576325
2899 9571 190593
8584 1657 144410
8571 8522 86796
5537 3095 15087
4091 7816 887812
3736 5965 149866
5743 8211 345995
669 456 476603
8907 8339 105031
6250 19 605747
5409 7121 338391
3299 1047 498127
6347 111 1259515
1706 8899 204391
4036 1792 1362524
679 7136 332342
6825 2962 77100
2601 1662 266178
4173 579 198039
6910 6061 303262
62 4747 19692
903 8555 387420
5286 8902 13574
140 8582 344909
3831 4706 95588
9678 9430 665961
9319 463 360999
9559 1986 256989
8768 372 1951292
7897 2434 226893
2368 767 1709344
1530 8569 654915
2319 1190 1040876
8996 1503 247726
9335 8516 664631
7841 7290 76647
4418 7199 169545
6917 1535 1168332
4262 9179 49538
8312 783 1486854
8821 6838 294737
7685 5830 149968
8694 1 1647983
6175 7607 316793
2757 4993 306041
488 4001 422991
4188 2445 199795
8872 3199 661899
7424 5762 338046
6198 1666 301990
7008 9867 1258765
6644 3804 29225
8666 6482 1254406
9799 1150 328272
5606 5713 43032
6094 9732 668340
4382 7964 575302
3294 880 889437
1888 104 1276576
5577 1855 402311
6716 431 1457475
5940 5898 253713
5641 1927 669166
5917 2950 94389
994 2920 1927003
8623 7350 63888
5389 7522 1766543
7132 6197 387971
8233 9153 15050
6327 1354 2117529
2125 597 507689
1939 453 670932
7212 1560 2144116
194 1422 265660
8572 2012 155925
8998 9363 578335
4592 6337 848995
449 7681 102159
1817 4480 892608
5728 3342 432841
2964 4454 761959
9620 3557 365237
857 5242 603728
7688 1425 300397
2756 4922 536675
762 4763 170628
9239 2132 79161
7237 333 8035
7390 5715 1058954
7827 5007 291876
7103 6045 686194
5791 5728 806096
2530 1797 898429
4862 617 263571
6406 6442 807669
912 2825 232248
2529 4416 703314
9045 9250 1721289
7865 6883 224616
2376 643 490688
9923 6357 59719
7247 525 846404
5182 4913 351752
7351 7272 2029532
5988 3697 99068
7668 972 190626
4650 8755 574188
63 6439 754183
7257 6346 355520
1677 3663 752233
2345 5281 275893
449 3762 540945
4510 6947 603257
2100 208 1131724
5892 6465 224304
1952 3260 172925
5868 7275 893896
2282 1074 51410
7613 436 347494
421 113 206699
7524 9228 1052481
530 147 762516
7185 6490 238561
9113 2337 936358
6739 1220 10704
7556 3319 750297
5414 4365 79685
7423 1765 1430671
744 1507 223238
1214 5932 114616
6784 617 99528
8073 9021 353277
5153 9450 660177
2515 5342 183929
9773 7728 745598
3995 1703 484385
6563 9715 695796
4061 3338 137350
5970 4091 963034
7844 9584 438491
6094 7408 410405
5825 4674 162244
9104 7690 484344
5738 2620 323938
8935 1416 335076
2814 8923 1306371
5076 8616 289837
9147 5035 281556
203 2051 674439
7181 7466 1015143
7101 9049 250810
7110 3650 127294
8426 9515 164367
8456 705 2919951
1209 3554 334190
5721 1793 719039
8426 7892 22341
849 5823 677296
198 9274 249897
8703 35 947378
9120 1244 31706
9832 6006 682548
5815 1224 774050
7192 573 288906
7914 5181 125787
6701 2798 964729
6804 8089 426676
7024 2349 479942
3972 5682 964400
2161 2366 2184990
237 5004 441191
1333 7922 535810
4314 3904 574716
9182 820 281126
6814 5968 178346
4100 8043 405239
8931 8342 396939
