91
3541 4280 1984996
117 2289 531097
690 5905 607338
6429 1503 1652646
7165 1577 871714
5931 2016 2035255
7192 4210 77467
8165 8917 266167
4087 5242 1180366
2763 3088 2083450
2663 9800 298893
5585 5845 118307
2358 8293 969136
8870 7394 268952
7566 5113 538158
3165 1434 275884
5801 6010 1368311
1226 2139 1572727
7859 9569 830693
3204 545 3511941
2297 8108 831708
7151 5031 648336
1640 9047 429813
3080 8206 622373
8749 1421 74455
4991 144 1035643
2956 5390 698211
5718 5794 4143043
5719 6242 1000127
3411 736 480660
8404 7815 991308
7704 131 1012102
682 3469 50280
258 9635 3993383
6426 1093 393382
3627 1132 905328
2320 3933 2299557
6171 547 1412013
1781 1317 461273
9725 9808 200250
4581 1481 26137
4992 7033 1245849
1158 2863 69219
9425 6940 416031
3574 7189 57445
9698 6713 1008808
3393 9415 4006392
4054 9920 1696151
1321 1070 779086
2180 1637 310784
4215 354 1016095
6670 5668 873502
4160 8894 509523
2557 9479 2764306
5333 6155 1582447
1147 9114 147000
7283 7813 312440
8724 633 2681685
2511 9248 1699129
1757 9481 199039
5252 2131 1802709
4921 3644 889948
8206 1459 3335702
6222 6026 510407
9977 2207 4650763
3734 1040 4797324
6033 2161 2006702
5434 1505 560796
4956 1004 438865
3874 1131 1035473
3453 7835 475482
7808 6197 34153
6443 1104 202543
9605 4938 739913
3682 7958 1688998
6863 2290 644965
933 7868 521798
2204 2133 473093
3638 944 1512275
818 1398 1113815
6670 7168 966056
1821 4797 606365
1998 1014 411907
190 6377 504067
2770 7327 121048
7616 2137 2164285
572 8976 1533299
6094 822 34015
597 8481 870474
4138 6542 423752
3030 5346 801197
