104
9354 2773 9052
5167 2538 252079
8296 4429 110004
1288 7302 658219
3978 6724 230608
2150 2944 45362
7101 2109 1110237
1283 1891 3457823
1730 7512 914184
592 9311 152826
1551 8216 642262
8736 2079 642409
8084 9978 434951
8419 4742 214866
4992 3624 871827
4975 2263 1104088
3843 2116 1085131
89 9705 2533032
6363 6102 381336
4883 5349 1097758
75 8679 195001
8462 8605 120372
9179 8617 1378914
6973 3451 1066094
7988 6725 2103435
4347 4396 663268
2133 2447 996165
8652 8232 5947
1745 8785 4179223
9017 9345 871941
6288 4909 823118
1100 7370 762696
9158 8988 740096
4327 4723 1108272
1867 4303 2850718
403 9222 274445
94 6122 186765
3365 4590 239654
6159 2135 214733
5074 8761 748479
1410 2778 332051
4887 4140 137935
5292 7981 568942
1569 9618 2422626
9342 8058 879078
4934 4622 9249
1262 2772 413775
9280 1748 695960
4517 3182 135280
2171 5509 927861
1709 7555 2200945
5150 7138 947417
2025 7356 904846
9785 4568 24248
4983 5661 23937
4163 2093 1739274
324 4155 337088
7651 768 352015
8561 6842 901241
4371 896 101211
2480 786 641201
2899 9619 38585
193 4706 1449295
6796 1604 421296
3608 1962 2689124
8768 1286 861218
2904 2087 633278
4121 9068 1427905
1536 5632 609719
7118 67 1280076
6820 9651 885231
4741 8735 2564658
4627 9916 1325256
5712 3466 864799
3391 4918 179228
3925 641 519792
5366 5557 1849891
7603 6682 2241507
2250 8394 4708191
4209 694 705822
8256 7100 505433
6818 743 2037085
4688 7855 62963
695 2498 72975
5321 1907 533950
4026 2233 1294558
7364 6478 1717407
5458 7737 16087
1986 1314 1521244
6424 7187 560712
7156 2215 560476
645 1594 2428512
5579 3582 1385774
1353 1548 202812
7820 816 422530
6957 8132 3485701
5722 3589 1811608
230 7596 1518840
2563 546 483718
2272 13 262981
635 8628 1485124
9504 6373 858897
7018 7447 1089057
2641 9563 253115
