62
5040 9249 391652
8766 9078 476566
4979 2345 3835778
1058 7177 2397191
6629 676 1130261
4384 466 2470250
4509 3274 737053
9407 5003 981677
5772 2737 733991
940 8217 162047
19 280 3514554
5559 1963 1380898
7390 9149 680464
3453 708 612882
7669 7479 210771
3526 8299 640529
3109 1389 664279
3235 9128 1152143
7825 5934 1690367
3538 620 1028458
6273 3934 3959489
5154 3156 4538954
7705 6494 185015
8574 7632 1319277
5021 846 263489
5603 1927 907857
6225 8093 2031931
6701 4870 1627268
697 2222 5021272
3309 8307 2592947
6698 2070 312704
2415 3258 122016
7124 5948 240063
5713 5460 3332376
7454 1079 2587135
9298 7409 2796894
2437 588 95823
8184 7917 1366897
3273 3838 530122
3247 9765 1953126
343 3784 1222683
9528 6014 3712653
6350 1071 1152937
6636 3716 111670
7544 6316 1386898
7892 7783 977093
4493 935 1395235
9478 9849 2489570
5108 3096 557080
3652 5408 95578
2981 7115 757416
4355 5602 335579
3963 4696 1370557
3691 3379 1794715
1714 6775 988251
1906 267 6047247
5305 8378 7640247
894 1433 266525
2004 75 659873
7002 2282 3126389
527 5700 2653839
4049 4182 581499
