62
7428 6733 1823940
8829 1761 639611
3816 8191 4495317
547 9015 3097034
8507 1365 211399
6744 8199 105225
4843 5445 184063
254 791 7122723
9407 401 4426077
6697 9087 1925067
6788 7410 727358
2806 1711 1942152
2761 3486 4796719
1687 3138 1493051
4816 8888 1755009
325 6255 1256425
9121 2781 1168540
184 2923 465812
976 2171 4497546
7198 3392 5161464
395 8727 680456
5624 5409 3575678
7719 4255 557599
3210 6184 328385
49 8076 333469
3171 4129 906457
1575 5833 969115
6584 8231 1993182
2532 7196 1800886
4285 8262 2684490
1934 2301 452914
2659 8167 1151158
8899 404 2175327
9970 8778 1897553
8652 3270 822521
2025 7322 1932634
7318 3119 499961
3392 7671 3941586
1357 2599 2567022
9924 8128 92442
1605 5788 158478
5881 5056 2269892
9088 4902 93519
4467 2009 494103
2416 7151 105622
2782 9796 2485122
830 1670 4812947
9374 1053 136986
1608 3385 1591779
9216 1842 1314703
4208 9332 2868182
7417 5210 408658
5513 2471 330097
8127 5283 73322
6631 8937 943351
4718 9320 16672
3060 4250 768723
6523 3418 1418504
1036 5786 905718
1176 1069 271480
5662 5175 1320025
6077 1401 554750
