122
1062 7184 766554
5664 2437 1301898
2776 3196 238582
9478 1049 804023
4213 4060 1274359
8289 8777 2040723
9498 1172 1581894
3375 1026 38007
9303 5919 635551
3440 3149 84438
6390 8541 638678
7031 5397 267677
9147 9681 4444689
8456 9219 661597
9062 1572 118076
7136 6762 926053
2903 9477 220441
4142 7535 2274447
3561 8080 327905
5594 5687 2341521
6092 77 298180
4443 9056 766343
7715 7135 1058802
5440 3287 265506
4875 6760 2785683
8117 1424 1145983
9992 7362 34180
9360 2289 381856
374 1243 1785723
1722 1552 1269540
539 8788 1074364
6 3300 801426
5215 3846 217976
9365 5011 876560
8531 663 146322
3760 1252 295761
1513 570 976583
3251 1974 246150
2413 3759 153469
3210 335 84154
2510 6318 534645
3507 3929 988267
2618 3130 1041796
4445 138 100415
9827 3661 191906
1822 6852 1319730
8416 3521 1078253
2269 3923 90825
1053 819 139121
5005 5751 1666295
8002 4772 2388063
4887 4404 572435
4894 5694 878963
2994 3190 576599
2863 2313 247626
9747 3642 908876
3244 2023 1563947
4807 100 181200
7413 2390 2265234
1179 9048 428266
5644 1020 488276
3788 3961 193125
3004 7127 599050
7188 6279 849996
3516 2254 83769
2647 4475 41458
1603 9096 802650
1991 88 7745
7205 5181 2301235
1868 7887 904540
2203 9835 466559
2449 8704 1845661
1090 7070 79239
7719 1929 1366903
9123 3161 310679
1171 2388 561413
383 5920 1960205
4329 834 676637
6869 1010 853541
6849 9532 1415994
9217 6303 211834
3335 3686 1818494
637 5441 3326167
8580 7135 37181
3469 9874 66345
2104 8188 45900
2276 4759 221761
7592 1222 812428
949 2746 1514103
8037 3115 366553
4454 2876 520184
3971 1830 470581
6873 7732 445988
5737 2092 1953
6374 6757 223647
5699 6026 1225190
3702 9020 221339
5894 3390 914395
1097 4875 948067
6254 1061 273592
8260 2123 737706
6544 7254 5009674
2399 2496 981884
2323 2373 2619518
4412 7118 631300
5963 8190 1528916
8988 5377 192856
6030 4860 225079
3592 4864 243624
4071 204 976748
1378 9339 812023
566 9924 840277
8301 3523 168596
7152 8491 14364
7152 5829 561840
8357 4581 806436
8898 3435 246606
8919 1716 257392
1734 3607 168923
3823 7037 126281
2019 9134 23895
7977 2108 537549
