122
5313 8398 1722066
1489 2397 748698
4525 7451 942845
2663 1323 2193046
8039 9754 2221212
8313 334 431002
4467 4161 660480
8914 7968 564545
6152 7372 1563811
535 1565 914984
5121 3714 497036
3739 7226 2637676
6798 4474 169291
1988 6512 1031069
2082 6987 1619546
5844 486 1212501
8772 3468 421104
7340 552 591301
2626 7022 1190184
1495 9409 261030
2516 6418 440693
9874 5434 152997
3464 8680 1704430
5901 7021 463012
2683 8199 84571
4496 5792 447527
9371 5842 443158
6133 6445 133547
6784 933 305036
1063 5248 205160
9116 8529 2876029
4624 2092 175581
5679 3540 1972826
6182 4444 1094522
9922 1181 1066668
6018 6878 530436
2042 503 220685
9040 3591 141093
4921 9518 391472
7829 9284 560100
63 4542 1002851
3009 3182 242494
3865 8253 212025
3680 6647 2346595
7380 155 261904
5631 8300 459511
9445 4205 395115
9729 4700 727366
6821 4155 1648705
3356 7208 1546299
9931 9682 2980218
2051 4948 1295419
9310 9602 572129
8726 8945 994165
4420 5352 2649087
8313 8177 842687
908 8053 903496
2051 8582 545856
4287 2032 1343091
5759 2391 291691
5103 7173 1291457
1473 6151 655295
2269 4856 1231914
1399 8283 776814
4729 3146 416591
3930 53 1280893
3766 5778 969155
7879 9184 1516086
9842 9491 569173
4511 771 1926901
6746 8066 517396
9332 6238 103795
3224 1479 197486
6466 8272 296865
4729 4311 205715
3088 6762 287222
4546 2164 743349
5014 846 763617
8216 4200 627695
1259 8607 889626
7067 8723 176577
5763 7461 23331
4628 5434 884948
5756 6332 344969
3313 9858 597728
16 2512 325791
1055 5808 8874
1816 524 785389
2214 707 330139
6583 6146 183584
1664 8304 136512
1378 2527 1791978
6076 4716 2333058
4842 6071 861756
819 2712 177117
9269 5234 1385800
4786 4953 287184
7346 3343 750317
654 2407 192450
9883 8395 1843685
7148 6640 398142
4661 1238 720008
265 2589 684829
2828 8390 452359
9921 7129 326209
1349 4677 622830
9705 6114 1477106
6164 1053 570394
5949 2472 1950610
3153 176 383638
5412 770 765631
6093 4238 504480
9134 181 1026797
7946 1453 1625831
7654 6331 885172
874 5347 203130
9230 1406 163788
7404 3626 18080
3655 4798 483962
6973 7506 616300
2345 7991 411060
6708 7770 757738
