122
3530 3983 513331
14 2014 502720
770 4261 609769
6300 559 871922
2412 4917 1263975
8782 7007 124307
8595 8804 305911
9852 377 319157
7219 555 2960372
5487 1000 1867
5434 4830 328922
5596 5982 124332
1218 9178 46716
7048 8972 596125
6882 159 131817
5244 2292 81292
2681 4729 81552
257 8648 1120153
6694 5696 189481
841 2403 32082
5874 8168 397954
5701 4496 667819
6951 9817 367783
7181 9316 1730676
6237 1971 417627
5412 353 1704784
6807 7259 544132
6758 5663 723132
9197 9411 2247234
6246 8158 2014773
6117 2702 294122
4475 2864 260131
8718 1290 382499
539 2683 1125794
6557 3192 104589
1262 9615 394953
3080 6269 290954
6162 5099 666328
7575 8579 686635
8537 7801 513641
8903 6007 132130
4472 7416 88264
8956 6443 528415
6042 2444 812739
1918 1444 526306
9005 7050 930319
538 3877 1664292
5161 7647 343150
9671 6773 53020
8259 4345 369495
1054 8934 1332625
9337 417 107811
8415 2667 1270799
8819 5865 1087222
8306 229 140173
2693 8753 221601
7513 6211 572748
7439 5483 609792
3796 8335 618308
3100 6269 1145522
5872 8209 1934266
9942 1503 1992535
3824 7310 1347937
9928 4547 98825
3289 2700 1555601
5009 4913 679852
6735 9459 574015
6038 9705 395354
830 5066 440527
8737 5648 104734
4944 7127 81621
2026 161 314938
1147 3030 386122
6147 257 117702
1854 7000 99011
2488 6187 177351
4775 1205 354953
2472 1225 118948
3381 4431 44129
469 1053 244175
1687 861 912255
1390 2562 1536179
3091 1554 815369
3940 8964 146771
7026 7211 1711716
7109 4912 1149250
6943 6661 417447
6477 6596 96525
3028 3558 870946
1450 6722 2512043
7737 7517 4236935
5273 42 939666
3044 3483 1124818
6287 2541 1782765
3593 3080 94296
4769 3361 4600094
3478 2083 129848
4742 8405 309411
8753 4879 935487
269 9894 469123
5665 6841 2872538
646 121 17262
6258 8772 3109428
3932 5636 794713
791 5204 283766
9350 8651 416874
6432 5323 8007
2480 5986 3679683
6273 2491 915899
4983 1181 581600
7581 2032 1515333
3863 1913 1099996
9 4751 448632
6789 7565 12053
9091 6843 2306839
3733 5732 3313914
2290 3241 5743
5334 6385 1343087
7009 8711 390920
5529 7243 572256
9966 6066 1009152
6644 2139 1152671
