160
1277 5807 391431
3907 8842 279813
8873 2079 204489
3991 2556 1172541
1735 8615 44369
4603 4348 311081
1642 4283 5696177
1387 404 293739
2555 8055 217426
5159 6392 233614
1519 5469 640585
1575 545 388377
6545 7204 145230
1377 7452 446401
1121 1236 220179
5732 3700 577557
4364 9706 111415
9034 2951 1753628
1882 8299 1546895
9117 7251 457757
3321 9510 65106
395 19 220382
5315 9699 20556
1223 3720 355914
2504 2830 247309
5103 1300 76299
9912 2351 354788
3244 4859 71119
7158 9570 1258104
9604 1205 62428
148 9018 826295
1660 9726 230598
2097 1874 181755
3677 5692 570523
2384 3484 685559
8752 9649 35545
2604 490 1604133
2387 2349 932282
6006 5772 946887
4189 4429 197835
1838 4425 156835
301 4972 34443
5379 1545 961339
2209 8661 98954
4889 4430 679069
5943 5653 489860
9741 7357 626320
8457 6153 846642
6675 9410 1249045
1899 9342 636893
4418 5431 2501547
7781 5279 825799
7083 7626 110276
9488 7259 1288444
7945 7591 328940
2738 9478 526547
5383 8463 135994
2832 2871 1068241
8323 8665 597820
9193 7759 567317
6930 905 413742
8121 9585 2370069
8269 3459 664809
8516 7937 164878
3127 6951 718454
9706 8417 405380
7787 8156 60653
300 2668 3370342
1523 7832 194602
2379 3509 785299
7598 2303 24558
4917 9873 155771
1610 5463 68786
7739 1458 602293
8342 4719 156232
3711 9290 765557
6770 534 54669
3088 5363 2625048
6704 4330 517666
9057 3134 237342
2618 2960 187054
6272 3775 28170
8276 6480 620950
5370 596 1660650
2043 2084 247390
4360 4407 540088
4140 5187 384377
3031 3700 1910996
3021 7807 707792
7634 8797 108063
844 4502 158807
9520 8869 200163
3867 7907 420156
4916 4974 314982
5976 279 59941
1340 170 270800
7484 7588 1237449
808 3201 592834
9015 1234 312260
4164 7882 20221
3517 6635 65390
3603 3204 188178
1779 4613 855641
9846 3605 879364
5222 5919 344183
4121 1934 1138274
6164 1490 641503
8623 7582 395252
1150 4268 1070521
7966 8667 1872240
1326 763 117880
8403 783 470027
2205 7557 236575
7678 8867 690842
2194 9576 301574
8987 9750 1196489
6351 5620 137154
1204 6468 2035565
9175 3105 158846
8227 2411 1516727
4084 2914 205513
3051 1499 997729
290 4079 1271976
6805 2178 550635
6990 6294 254602
1946 2698 198461
5301 9001 140140
8138 9524 193891
6282 6081 397950
2899 6849 713727
9434 1877 533334
7105 4343 408072
4900 3721 97635
7463 491 123007
7835 7364 442645
4686 8924 372816
2296 3856 287873
4370 9848 11383
7678 3744 84450
3084 6072 97774
6462 7112 646736
3572 9298 729460
1020 8717 791084
5139 62 166050
8976 3460 1848826
1925 9411 843017
3268 862 383181
1517 4150 127373
545 3579 808560
8492 2568 252244
2269 8338 1694225
3512 8357 706569
6316 3117 595340
6539 5653 200563
2032 243 1603316
1870 4317 2495078
5433 6463 103039
2150 417 1156705
4036 1890 605712
2024 2620 401345
