160
5490 5045 582924
8820 8922 94729
8401 7464 588424
8546 8752 1554883
4406 262 516675
3075 2250 1406472
2149 604 131628
9200 1147 357951
2903 9704 41491
9618 5878 1740497
8664 4586 1228309
3193 7212 257191
1656 1264 390326
9853 9873 710383
1234 9924 1047158
6052 3210 494102
8443 4662 546416
9366 9791 504922
516 915 1099771
3926 9269 854619
2249 8952 1039371
2107 8644 71584
4395 597 15269
4258 334 392899
7257 2473 212606
9885 1364 422212
3041 7621 488502
8007 552 126655
4984 7864 116524
6421 2319 803325
6159 1162 45903
802 6660 20678
278 5746 171881
4297 3656 402742
5803 5273 543378
560 8667 393165
9487 266 481534
6820 411 572529
3159 240 492998
9399 7889 121595
3742 7934 2764
5507 494 663659
7594 1996 236849
5497 7698 2288764
8576 5021 334946
8505 2216 107255
5043 9764 2483157
3136 2740 1735429
717 5067 84559
1286 6930 3183403
4953 2065 297231
42 3500 75930
6408 3467 1753396
5733 6362 27255
9952 9980 2395176
7387 1818 625182
7372 4487 3170572
9109 4252 482495
2623 3590 2409348
1527 2587 62902
5984 8313 519144
4763 7994 34025
4911 5165 379326
7855 7680 578841
6620 614 655988
2194 8223 94446
8444 2245 2713
3553 2865 173175
9438 5135 631278
3140 1105 500070
9824 4614 325065
6993 1119 181300
4409 6227 1896657
484 4207 447104
8617 6742 469460
6967 30 502205
988 8846 118791
3228 4782 50333
6849 5168 550550
331 4557 304414
7799 146 788404
426 4013 981660
8585 9889 158946
6940 7279 1199358
2183 8897 1205753
5744 928 232943
6820 5478 675520
6341 7342 888374
1749 6294 437637
1178 6656 473244
5370 4662 916700
5728 965 750961
8039 7090 955838
5236 3078 125137
7867 1545 245955
5437 3266 1753893
7004 7504 59308
4203 5570 799689
9684 1581 4077955
5268 7849 29451
439 7273 8379
2977 4433 527171
7696 6122 149567
7202 6240 685963
626 5211 31069
2154 9531 163893
2992 925 658331
8109 2598 424019
1087 7696 104459
5508 6778 301834
5512 6157 49045
5364 2982 223588
3887 7467 312252
3119 2876 258257
3579 5484 1108146
785 28 488407
1459 8202 174054
5093 8600 438616
7700 8325 654747
5454 5069 91902
5329 2507 358745
9399 757 1755107
8726 3913 241562
5977 6375 881914
8671 1745 39267
3872 1618 1098209
4700 4322 148412
8600 8849 1268129
6820 2437 112308
5256 7536 1625125
4833 5997 610818
6523 4679 171708
9350 6583 854987
8800 3470 38187
691 288 383338
9793 6419 1003012
5702 8866 574081
9806 6932 168681
5069 7515 1763955
611 2522 138492
1354 566 613591
8121 3836 1142487
260 5413 208783
9720 7691 319672
5025 1637 621093
9750 5392 165369
1647 4518 165565
4266 3948 1010509
1908 6672 683315
8136 6188 404256
4616 522 880755
2452 7806 192249
4460 4909 241772
3527 7650 948192
3190 2465 1565852
1614 5241 202659
3647 5892 137792
4446 5980 784540
9254 6635 378609
3989 4594 567100
