160
7905 2915 209690
7468 7402 27788
5130 8065 459120
791 9495 1714136
3816 4043 1537436
8374 2 129521
2134 9138 1051614
8694 8788 10023
1931 7619 937806
7786 9154 303106
9566 2004 108165
1015 7919 503294
2774 6306 206935
5781 683 150378
1084 8326 46556
3492 2612 79974
2327 2041 126870
4139 2281 17148
3871 2294 211760
19 5969 42535
241 5052 1263859
241 7124 351343
7978 6770 137877
9106 3839 620737
4813 2680 1595189
3231 2666 253744
7349 780 103019
2639 5792 292763
2347 2916 29779
3306 59 687944
8474 2953 1464483
7507 1646 407267
161 295 1722633
8902 2757 176557
102 4348 796055
1460 6302 639351
5501 8155 327199
3723 3326 371733
7662 2750 140578
4737 6378 22434
1682 448 278063
2202 1981 51072
7330 9395 114532
1547 6382 487242
5865 6523 88281
2205 7708 11520
4042 524 16915
6039 6539 169842
1465 4151 77643
5623 3816 1287986
5296 8346 966921
877 1264 470952
7784 2964 96971
4604 2883 870885
2167 7306 261155
3370 2191 247131
6506 7680 520119
6275 360 189138
1813 1786 123179
5978 7369 178042
5243 5350 1283000
2574 2071 596204
3302 9720 91145
8921 7430 184238
1219 8852 2159373
4979 1238 1284521
6299 5956 711893
6519 6158 964672
3692 2663 1626579
8523 176 1237696
4429 2135 1142259
8976 7331 39406
2397 3255 207569
6929 6816 490086
208 2266 1730826
6487 4323 1061225
5648 4487 559180
8964 5315 514708
560 9681 88748
4525 8006 375413
8369 1746 199025
1409 1937 473246
7615 1545 1748307
8744 855 1475312
512 829 909231
9187 7615 281184
7270 2646 1246348
1249 5890 1508232
7810 7680 71451
3332 4761 252277
3231 7169 736116
6580 8871 237154
6454 6776 2101501
9332 2273 497354
8223 5148 45833
8130 4195 14290
7376 4767 126228
6552 9129 887289
9436 4417 1704396
9553 7820 1491350
7196 3380 61323
4379 714 1080598
1904 3212 92118
5861 3000 610299
8236 4087 352705
5971 7781 2095788
2649 7929 775721
1160 4524 338150
3222 3570 1103062
9866 3007 1043557
2217 2127 1968848
8276 2891 271548
4644 4150 3221042
8355 6216 625078
3670 3865 1074489
4802 8571 205511
5938 7958 146195
7402 1325 1205101
844 7788 611
1083 840 606130
402 5939 144157
3678 779 3772817
6424 7649 1008596
6609 4150 428307
2411 9292 1074876
5564 5642 187387
4322 3039 1279480
2920 1296 120725
2170 3060 2537634
5998 7379 766308
8962 7762 2822
2389 2723 286924
8616 7775 1242318
7824 3330 1319083
9808 7595 601329
9570 1410 438980
8773 2451 1172272
4211 193 73988
4813 5690 222359
2270 4890 190302
4810 1768 328524
2988 2086 192070
190 1925 214018
193 8370 296602
4425 8303 354365
7635 7522 1777686
8930 4199 287316
4241 2939 595368
5186 3383 213037
7299 2957 312162
8968 5341 181745
5918 5202 97634
2162 192 40211
500 9881 85488
1225 4231 4677
2759 8487 678676
662 4732 1522058
3666 7242 392797
8035 2743 448076
3693 4874 88099
