160
9729 6393 1383107
1291 7523 328145
44 6563 64560
6524 9810 6022
4835 3702 1479834
9787 6409 188121
2255 6578 80233
7470 7427 294832
3938 723 1098152
4626 8931 251494
2193 6459 335417
9453 8618 1079057
7844 5546 987748
8734 2972 212773
9462 3149 1463242
320 4322 941329
9284 2457 67414
3034 2310 964405
5483 4153 1093162
5138 4265 972965
4345 6413 206878
5250 6665 1359450
2909 7330 7568
1266 3561 366240
8745 5107 170361
9530 5763 193780
8378 2816 288702
9281 8087 194097
9190 2315 370238
9961 3600 76655
2846 7031 324690
3513 7267 946632
4359 1782 608856
4372 183 328374
2861 2676 416343
2145 759 1723757
9309 1813 493021
2200 8157 741799
6266 2117 682704
6902 2215 476920
8976 7360 331997
9922 1014 981708
8605 892 626920
3800 4526 394745
2189 4712 380671
285 4938 284984
8706 5846 480225
3531 6255 773463
7640 693 870520
6933 3831 260208
7227 7488 89286
28 8166 237047
8259 3912 149725
8817 7566 306594
310 5511 1222107
2529 4414 447754
6991 3292 308242
7274 1188 1798364
3040 6359 538174
8886 9406 995312
8841 6906 602359
3426 5850 94896
3134 2323 741748
771 5482 1267267
3191 2672 1776699
8304 3128 367347
4280 6460 1103553
5722 7176 902932
8120 7341 812223
4799 8506 1001452
672 1659 262458
342 7069 1611481
2415 6852 385280
3748 5618 678690
8401 1497 189846
165 5208 974826
5986 928 1544600
1940 854 828536
1044 3216 2190958
6059 8688 137743
632 489 42236
7606 1243 147618
4989 5544 148053
3301 5827 9161
3152 9336 359280
1444 1770 411311
8600 1553 495937
3069 5046 533142
2088 5701 278305
7038 3086 8814
5902 4087 302679
464 1072 50184
1740 3635 338391
4946 3009 591449
3507 3013 1051205
5468 6572 1201718
9870 696 620827
5504 3441 943225
3863 9541 595455
3035 6755 66251
4901 739 534373
226 3098 312441
6155 8997 301185
6168 6804 2552366
9577 6391 376528
6865 7013 629802
8537 5115 26149
1597 3507 909952
2051 8628 115554
5552 3311 371610
8373 8819 817233
1101 6463 62298
8944 5243 36751
1173 7348 946661
4102 1225 860446
2694 3688 27829
7652 5712 1103256
3751 7104 883251
5605 3590 224475
8362 9980 217580
6789 3496 934629
4768 6319 1654164
6102 7431 162209
1041 5400 1232866
617 4897 166797
1109 8743 306828
2581 6053 2703584
5217 2770 1406069
1988 8967 149164
5380 5057 595433
9305 6676 1456291
3121 3834 187024
6887 6806 1398570
5704 816 165924
1039 325 833370
8608 5006 1551193
7165 9287 907273
88 3852 37878
6499 7075 2576330
3331 8808 167178
1430 5310 322780
8196 3677 1141981
4171 2269 162713
355 1452 389222
633 6165 692739
9990 1443 192260
149 8578 582734
7666 963 162370
1665 7439 726609
6190 645 1670259
5121 6892 844716
5402 8822 4907
2272 3970 28562
1623 7885 355623
7528 1632 145040
7364 6684 259065
4251 6290 512354
5674 6599 1184634
1943 3803 244011
6452 3200 57649
