50
7050 3192 3966651
2586 6761 355878
929 6049 288873
4196 940 2029795
5856 3030 2368246
2571 6489 564305
374 8617 902501
6944 9731 5123692
1089 7278 5698693
8761 4649 6066280
6344 2879 1686637
3185 5941 558464
7785 54 1564866
6003 2526 1534417
9119 4547 1261376
636 1691 541825
8045 4709 4690265
6635 1573 1576519
7291 7859 7727
6000 6123 206093
16 2019 4786024
1369 1284 3474528
4702 1118 1156833
9350 316 803287
2842 529 3021777
3253 8321 703125
1343 953 660937
4211 9069 1210095
3793 2186 908865
9488 909 5826273
2998 9849 233403
6387 6480 2665902
6148 1582 1016574
7283 8119 933469
5641 536 4631406
7603 393 68246
8761 4876 94953
2755 5874 294067
7374 136 767834
9711 3769 543073
5933 8084 388548
4868 7389 1368145
4598 9466 2508563
7349 7126 1539319
8240 9973 2183055
7556 9651 3129959
4449 7806 2141574
8919 1478 2945884
9411 6175 1101118
1438 6934 7900061
