186
8276 7801 181264
1757 1300 536726
7473 1999 221459
8930 673 281706
6945 4689 35562
8159 5377 281262
7597 2822 247005
8446 3575 388991
8210 1236 60052
6670 3247 194473
5137 6447 319799
2606 3671 421249
8694 9808 1022600
3144 6326 123098
6925 4281 1306950
1146 6773 225907
8716 7041 715321
3626 1877 1345596
4795 4406 685059
7315 3652 339238
1550 4405 863555
2624 3417 135647
4685 4401 247739
8122 380 1165993
7630 6651 179366
2549 1528 167459
37 8792 1856478
390 1435 280048
2420 4478 1087793
9495 9342 939992
5525 7465 102527
9687 8904 2494121
378 2851 267393
1991 4243 197082
9125 1193 548748
1773 3005 15853
3342 426 678527
480 9015 203390
8491 9519 10157
8950 1509 937714
5441 7674 125851
2850 3219 179355
2103 9585 1816828
6139 4657 253408
6622 5242 755575
3356 1179 247540
3573 3677 1965725
8491 4208 2075915
7784 1720 1947
9558 3614 264954
2729 5511 260413
5926 7698 711647
9932 1332 652961
2388 6610 74263
5033 1043 96349
6202 293 382082
4129 3229 435507
71 9156 601718
1947 4740 534808
9687 7421 49443
1095 32 95489
7555 7796 1115386
1447 3322 93437
2988 56 865060
4560 5664 492898
6065 9529 95066
1782 8728 146796
9086 9203 796642
2093 6773 168112
5164 817 1029203
3411 1903 336699
6250 4144 186680
9184 1085 221674
9400 8700 476532
1379 5891 429803
6628 6652 134554
1141 7870 329571
734 4835 650837
6183 5185 266325
2819 5449 74058
2700 5506 833576
6888 42 1425263
2002 3505 2195142
613 7877 305062
5723 8761 627861
3631 635 770207
5921 4047 1448991
4030 8156 124981
251 2327 67665
9395 9477 202107
1693 5277 702439
8410 4211 487885
7067 3908 277304
2602 2579 21193
8208 5398 261256
1839 1914 671807
8804 9071 84840
7267 4405 81175
9505 3365 1058572
1653 7581 402670
2235 1037 459038
9259 9809 1174286
6710 5829 621651
6054 6956 44728
2959 4511 751066
4522 1288 356130
4295 5889 22333
9403 8632 201235
2266 9278 101522
6598 3447 135518
7413 6909 1104570
9246 9470 5289
7970 8045 324292
7422 1409 708194
781 1460 1096494
8308 1851 91962
3872 5385 1565352
2428 9574 414681
1685 7716 251023
4103 6936 99269
7825 8681 615666
3917 4078 125700
7351 9623 662954
51 180 670746
7390 9384 15487
1022 1592 1282258
4850 9722 391825
4568 1218 3245310
3722 9484 105474
2831 7916 47929
1634 5016 631194
5387 6993 168
6579 5977 601452
4560 4188 216642
3795 2620 669567
5012 270 1295313
6067 6137 579302
7080 2214 9379
3013 4996 45964
7038 4553 303149
5171 6896 189145
1411 8488 433845
1534 5448 22120
4484 4100 982757
5566 5804 67427
6826 3070 38344
7919 3217 546920
9548 6470 265896
3608 2799 1785897
5843 9796 144061
7184 1897 90005
3972 5569 892254
7810 9053 468925
3779 4443 361095
9435 2876 502296
9837 70 79473
4976 864 731616
160 4958 689457
1850 6076 1107214
6263 5474 578322
9819 638 865354
7449 256 161873
4002 8075 214758
8942 4962 288274
410 9510 489245
2081 4617 267966
4161 5810 465601
9898 2550 249809
5241 589 832224
3598 9406 985945
5901 1745 764173
1931 7632 241427
6719 6099 235402
1601 9370 285551
5494 8945 901674
5463 4204 645748
6469 9287 1664362
8845 6986 29915
4934 4648 501492
9543 2068 292964
6516 2012 1703084
8709 7175 110143
4198 4460 1884072
543 3676 16382
8189 5396 1116100
2210 191 911275
