186
494 3647 584758
9345 1721 171463
4291 6568 252641
7527 7368 116750
2724 4311 1412736
5248 5536 280167
7108 3700 74573
3522 3977 1009076
3451 1697 685582
775 6713 1273692
7596 5424 2533729
5407 6554 908401
1789 7147 384617
3465 9467 78194
2352 5693 482073
4633 9367 55830
8781 740 344974
887 2911 248511
4787 5994 134078
2475 3609 595768
4034 553 1101967
6242 728 494326
3206 6717 23914
611 7861 508799
9431 6642 205191
4733 2166 1397744
3569 1564 968981
9055 5777 185323
9190 2077 1165413
7172 2840 144810
8388 9945 337028
3124 4712 56649
3839 7329 64486
6376 3506 141234
5588 9549 748697
4087 5726 316608
1067 9474 287782
3228 4792 35698
8090 7439 82537
8393 5942 97975
6379 4878 1055090
4073 8077 287588
2724 6935 158379
581 3897 1325928
8849 1353 152763
9065 969 624248
3911 33 27909
6097 669 868722
621 4418 1010299
1329 3651 578014
315 6235 874363
2134 9215 62491
6329 4186 560565
6701 1796 1328096
9225 7907 377145
1112 5066 573159
9126 1284 504094
9702 7377 228293
3473 3887 75201
3517 5869 739526
7724 584 1681081
906 7459 318796
9218 9523 43327
3742 7954 876971
3190 8379 213376
1550 2093 321627
2240 4442 346162
7739 6845 164897
1527 5599 145674
2722 6953 494170
7523 4260 799950
7029 1520 731543
9760 5190 25224
7036 1069 1455799
433 1859 1931372
7496 4245 1037774
7510 9827 1161880
8247 926 192509
9823 9953 351316
1367 6347 1297541
7570 7651 759264
8551 4711 571495
1021 9256 855564
9377 9610 815183
9858 1903 834295
7412 6110 1324197
9293 7649 91911
8556 5702 198351
7817 9364 278086
9600 9351 34673
7006 4134 100268
6341 3067 613872
4501 7133 96702
772 4000 1057933
8647 6273 1961334
635 3412 1360567
5687 3279 831041
2254 8021 174002
6852 9792 1258978
6589 1204 295310
5171 6554 1032019
8057 2636 266921
1669 1933 574007
1471 2260 787973
5779 3478 142600
8301 4175 66676
6064 8868 735025
767 9501 227298
6009 7385 1384
5723 5274 1916939
2903 656 276570
4193 2382 14109
3867 9247 678905
9926 9704 498652
7400 5962 960577
226 6183 262283
4056 212 56849
325 3755 214738
7061 4401 511074
3238 9096 22274
9008 8761 111230
7951 6495 858850
90 629 147767
1951 7078 16930
5384 7261 224243
1894 5275 618331
5898 2359 24491
1156 4262 326434
5479 7813 910836
6326 7944 679129
7766 9659 387089
3162 5066 342685
5611 6178 48964
7186 7617 961224
4321 7367 400051
122 9217 129551
2105 7690 184399
9511 748 1781446
5467 1222 180864
6428 2238 1446027
5490 3423 628348
8427 9659 548618
6084 4705 71106
8574 7267 42638
297 7426 145647
2398 9132 128664
7367 4140 901583
4101 9460 131279
7782 5206 1305171
4643 8076 821549
5824 8931 965756
2829 6352 247592
3232 6118 374808
616 319 474990
4036 3491 93527
5568 6791 314376
7496 7099 145210
8991 3522 603012
8351 9176 907860
6272 4653 354775
8842 8800 541145
3962 6963 664150
4936 3682 243387
381 8411 454091
3401 2041 796293
5979 1497 346201
2892 5593 44531
1228 8273 328317
6281 1496 128384
1850 3315 1523705
9574 1469 447437
1503 681 757957
3545 9611 80971
3324 5359 104586
7717 4866 186968
5092 3245 324109
585 1805 1151699
1965 1648 1068806
2642 8732 55700
9602 3535 242737
7357 1020 1057084
704 9136 543212
5894 2584 202502
8173 966 66023
6402 6197 1104601
7467 6632 792818
