186
244 3815 210972
7817 9747 124540
7297 7789 150671
1058 9436 425337
8320 9565 1008372
6518 2818 58930
5384 6094 424223
9995 788 474394
9429 5313 75684
2431 9392 32396
4163 5751 1051019
259 6749 1995
6306 7607 186043
2753 408 511061
908 6511 362669
3116 91 814575
7369 3618 2323657
9920 4761 234959
7843 4019 725436
1537 8553 560224
4416 9285 2132
4999 8671 322325
8837 7374 179965
321 7812 1936759
42 101 345291
2637 9518 426932
7140 3677 9707
9526 8609 440210
5293 8113 53060
1842 5821 503793
1503 9493 80066
209 5383 1446207
4258 7423 37640
4444 1249 908277
5195 9303 253714
6269 1708 629378
1188 8738 1242296
7574 3997 473443
3023 4289 950785
4249 2883 455698
3616 6134 1452147
9540 3829 378714
1093 2598 1309889
7142 6824 345959
2818 1229 336977
7507 388 110646
8328 9067 510221
579 3939 68929
57 5774 384540
5225 3699 27214
4731 3213 1275002
6124 3197 681066
9060 2339 823931
9390 28 269088
1594 5185 177713
3224 9131 105798
2025 8109 13962
727 8364 2207565
724 9050 1183187
8711 9449 634037
9778 7348 434448
434 8659 864235
130 2418 70631
7677 861 557700
8070 1606 70420
2034 3079 465812
326 2778 562718
6888 7318 15106
1967 89 166266
6886 993 1308152
8928 2714 93485
5065 6971 2638274
22 9982 756022
858 1243 735557
9183 5902 929793
4538 5062 69688
7453 8135 6720
6052 7472 182238
5958 5982 188495
3456 8181 1085312
738 365 1648896
7044 2790 738433
1222 7536 255563
5869 5136 1321954
1891 5189 500126
7183 9577 42035
7515 7846 1265738
2786 4008 96855
540 7260 34932
4755 150 344562
7635 6777 547188
7898 6155 10820
6400 7487 722739
472 4580 495548
7490 6923 11854
7981 9366 41763
3064 5762 970711
5309 1751 541414
150 8192 432898
7032 3130 716142
4391 2288 388118
4970 4874 286977
511 4198 387132
9913 6637 1052102
6983 6028 41960
6746 8819 1540873
7310 4787 212035
2544 3686 1062425
8654 9690 197071
7845 4152 511537
6675 4470 1424258
9592 7890 289662
5498 1477 125970
1739 3245 1347276
9220 8559 183873
5385 9547 789806
1718 6814 73559
2375 4641 74968
4686 369 984479
4176 471 1247305
857 6544 295351
5469 2037 726513
2830 4413 27283
3836 176 348524
7240 8058 1335047
8368 9453 249764
329 9495 983313
9469 3303 336989
8868 2533 1372764
6753 1403 390211
6433 3243 84395
476 1278 2092458
441 5159 888010
4356 1940 285925
4265 7001 2794228
762 4640 388003
5921 4090 6908
6690 6011 152818
8074 3895 260397
5141 5250 1280887
3549 8787 165140
582 7763 57312
1788 3197 475650
6290 9096 756044
9417 1735 972939
3643 3420 125708
8011 6479 61775
2776 8735 41304
9172 5240 687095
6730 643 417698
9819 5299 2463829
6268 5133 151923
6540 575 91571
4841 6204 333857
6525 1134 199803
2535 7203 142491
695 3649 611792
2541 6946 1927926
2361 3079 249206
1600 8358 82126
2240 6681 1108596
5520 5623 191174
6951 3391 279234
8889 4369 707714
2577 3043 328034
5821 9565 172427
2292 1496 260192
1939 1468 919494
9315 2331 88328
8108 4898 147495
9301 1804 288889
7418 1431 739376
9533 8373 391978
5878 7561 115358
7427 4417 477932
2805 6915 237659
4707 382 177727
2165 1308 1728
5842 3580 120163
7434 2160 135982
5977 7656 541224
2373 9139 173102
5645 484 174637
5158 5145 220870
2922 5944 393431
8212 8016 378230
