186
7378 3694 559657
6690 7625 179902
1950 5667 982758
2530 8527 605551
1673 9258 187484
9227 557 92934
6637 7562 435074
3874 6434 45469
4870 4617 118069
3115 430 367630
4606 3197 1104933
2055 8142 453708
339 6488 432834
3544 7920 887972
1651 1271 1620064
4476 9308 501168
8571 1340 414054
9322 8877 1147129
7745 9849 1038393
7648 3840 286440
9967 3486 90019
8595 4750 499072
2795 875 532625
722 3595 354361
5895 4438 1675512
2460 7096 1104483
4415 6980 774487
1197 7377 286209
1509 6630 148747
8160 3576 159626
3885 8392 1041190
7350 5504 70412
3239 736 2868
3626 4008 630389
5120 9054 927488
3606 4922 112027
5426 4938 776058
4125 7640 1550815
2746 6582 554660
6841 7005 475033
6972 5092 20692
8713 2181 184060
4644 5916 162229
6136 9862 22536
9189 4654 250523
6102 8650 425913
59 6824 389727
9873 3275 1041061
3532 9913 730907
8457 143 94816
7538 1639 535629
7720 8446 818762
9916 2046 75690
7522 2720 561690
7410 4877 795929
9746 923 139935
78 1966 120428
6701 8087 301677
3162 4710 157818
77 5243 223118
8838 3370 367322
6825 9371 244213
1021 998 1285052
7548 1236 738211
6798 8133 1811865
5020 8446 325161
637 795 1032613
509 5583 553490
8860 9360 68274
7028 6805 46293
540 7028 46497
9023 2511 71863
6882 3593 967062
1117 934 5131
7461 5276 503984
9672 2070 85036
359 9413 1359394
5506 6298 410009
888 1458 21684
1052 2400 1084932
4088 2477 106430
3095 349 780115
7868 2135 7782
6353 67 224708
4627 6931 834737
8891 980 419771
8675 4524 360118
6943 291 235936
5689 1160 193354
5982 6643 1356663
5695 1394 832161
3124 9514 421196
2060 2059 174852
9072 1753 618621
9233 5952 610865
1975 3541 77881
2103 5985 723922
5100 9518 1368648
2809 9213 62083
8696 6420 264131
9646 1765 512681
7268 7041 222304
3151 2023 1198264
7093 1105 1060260
7422 5952 787512
3064 3128 781294
1479 9605 693040
9641 5367 471500
3334 9312 1303642
6319 954 1028971
6558 7555 64725
1942 7797 1250211
1682 7917 7233
5083 3625 319645
735 6210 1161704
4953 1457 2843998
2377 8558 13172
4029 9073 67248
3520 1599 212454
2344 4301 602788
1383 3382 617996
9427 6738 242211
2138 3090 108673
1387 7062 170592
2996 9022 974386
1653 3304 186160
5308 4094 522864
8298 9168 1584070
4726 6167 164320
1218 5723 12593
4966 9512 1224998
2469 8057 133103
7572 9902 3000426
5871 8606 378347
6388 2485 94546
9627 9054 1380410
3237 4316 311931
5 4033 762741
6273 4063 500370
8768 3206 178148
202 7497 209503
1197 6930 190942
5262 65 1496
9691 8478 1493070
6837 9690 598239
1743 5198 93941
796 6005 84472
2474 9011 1035332
5438 5514 517653
4471 3275 330845
622 2112 197975
8771 1491 26033
468 8857 419760
2696 8431 353629
1044 8865 497764
4678 6563 1675643
1789 9043 272578
4592 2677 20039
2708 8680 44828
3869 2156 836621
7483 3085 16639
1060 5603 841729
5926 9232 27178
1948 5153 988654
6656 2391 2495509
5664 3247 145683
7249 1488 485514
5619 7467 368126
1274 3605 158237
1206 287 466477
9088 9517 347916
7583 8306 169932
3229 8485 118729
4156 4284 71810
1973 3471 407496
6740 6783 1994661
5908 6286 140481
5688 8022 289597
2159 3339 156130
1584 1046 805919
8331 9678 218447
4570 7254 204173
7880 320 1397000
1089 3818 142523
1873 4573 89642
1320 1084 417400
