243
7947 2366 1418425
9746 3869 303332
1858 3861 340554
3610 6754 590985
1479 6536 1058505
6858 8913 204380
8693 2587 813055
4973 7163 46650
9633 1431 113234
2168 8744 459349
1879 1904 409050
5795 8757 2128
7146 8343 57065
3485 2288 121140
4439 3939 122473
3896 7389 454629
6068 4389 620276
1465 2937 1541473
8619 9374 292796
8991 1148 1353
5563 3072 147620
6735 9190 35051
128 4849 474551
8728 9943 295948
5474 3960 299863
4996 248 30183
2750 1650 510807
5741 8055 43875
9305 2345 28057
5550 8744 402324
7971 1942 409140
1397 4415 632522
4256 5686 692370
4556 2248 1727049
2812 1658 761917
269 5218 4415
6256 2920 102076
5594 2507 61213
4117 845 71756
7115 1980 209403
702 7006 1485496
6519 1770 140656
4206 4099 113692
6822 8 73789
501 3169 111859
7574 6333 783095
9859 4317 207820
7595 3380 85241
9498 4460 786237
6462 8509 269890
2092 2573 238943
8197 2655 306154
8361 7267 1334916
9957 1473 305489
4520 8796 425924
8802 9499 812811
8425 2087 1761026
3568 5733 485990
8174 4230 365574
4203 4128 133221
7588 6073 764369
7975 2568 21377
5858 8896 641191
5887 3799 5864
5159 4575 408923
8760 9659 84396
6849 898 1106511
1729 4147 5554
3374 1415 720091
3462 9138 827361
3269 6719 351740
8724 1158 520886
7053 676 123850
2152 4709 178644
4587 8235 1249221
2349 5760 474436
7801 5912 357175
7596 8414 34114
1428 230 1168485
327 7094 190579
5120 5621 175300
1217 2373 10873
4437 3136 547969
6834 343 303007
447 4828 136846
6231 6183 336014
5907 2292 421627
7681 1638 4296
8854 3825 86414
4725 1984 606165
3344 2145 1855170
1220 8775 458522
2784 321 438304
1125 7349 1623096
6494 7998 525803
7742 8709 505397
4250 7595 892155
6168 3058 18004
870 7969 207862
757 9823 300835
412 2425 821306
3065 4086 282005
1042 6982 237042
8355 8837 56563
3001 9211 154813
8311 8795 45669
4845 5911 1865291
3445 4880 266902
5652 2925 120340
6324 7546 5334
8933 1762 266033
840 2153 894269
4317 5574 111537
5332 7265 810769
3001 7005 215475
7013 1151 314653
1986 8153 3229
911 2276 222928
2851 2733 97533
1315 1300 110767
5072 5472 557798
6172 4402 252300
1768 8629 252732
5703 936 70649
8066 5340 195499
8358 4637 501971
4744 9140 17158
1630 2668 547871
7816 4272 826637
4687 7979 376611
5575 6685 663975
1313 5553 46004
7822 4219 11490
7696 3826 146813
4406 8114 34055
1022 2815 455844
3307 3374 820496
9441 1848 898886
3299 2593 465381
6730 6950 532758
6341 6653 219796
1327 2823 115403
9970 4918 211865
4419 3097 562807
9226 1200 33350
6162 3767 494762
2684 2418 303391
6620 8455 1374595
8355 8985 39562
7777 5230 301189
3343 1355 83512
6850 9091 315525
5100 9702 304243
1171 3904 241625
3215 8461 390309
1513 2255 23360
1727 6144 11762
2626 3965 76924
3594 2418 518589
6199 1484 175358
7589 1414 53429
5103 4230 1141602
3553 3154 132134
9399 5697 120976
4167 9767 275267
6813 3276 3238
5288 8247 27285
5421 442 277414
9789 2998 17739
9437 4231 99601
7884 8552 60765
7382 4117 142252
7887 3941 318102
8786 5253 767060
6856 3521 116393
2187 2511 26758
5131 3743 387690
4956 857 791633
9675 8800 441478
4481 1526 62037
7362 8645 494467
9406 4967 18689
760 9525 8638
2819 9541 295982
2072 9708 908201
4899 9944 92300
68 1745 152619
4171 8651 1364101
9219 7170 278439
4507 4768 423856
3022 309 235167
5148 1405 709845
6865 9072 220009
4343 9763 103475
1701 8729 164484
9908 9572 960025
7110 1198 206868
8055 8026 187564
9229 2747 70718
5519 4207 123238
6957 7336 347789
5882 5089 459149
3296 8211 83239
9050 9737 1179557
2355 6885 349192
8365 7400 124191
7282 2262 446672
9021 8435 671819
2560 2040 216887
4071 3150 215108
493 1156 760864
3220 7578 1905789
8936 787 195921
3006 8647 1147967
193 1363 283042
4590 3072 1294722
424 3294 398759
2156 6383 171803
6055 8526 76762
6691 7527 1394483
8023 1457 119452
1020 4341 180215
3202 9676 816222
6482 4902 276246
8337 8363 54955
7997 9562 696979
3537 3094 242045
2938 8767 70898
8122 4608 308878
6843 9886 1441613
6537 6121 452719
9790 7930 1138959
6964 634 258483
7170 5854 769836
7253 9153 848128
3716 5653 283215
5810 5272 165331
6231 8002 785222
8018 1240 163338
7161 9901 58266
4063 2438 717165
6230 4546 885464
812 7040 58564
