174
8820 4091 347189
3710 7764 1322750
6949 8934 288529
4341 6910 1397671
9986 1142 473198
495 5979 1586639
7060 8415 293707
23 4348 1269385
2761 8378 168238
3794 2839 262744
304 7396 306185
4262 7385 38251
562 5220 63531
4025 5873 79519
3219 7894 390810
5331 914 448484
2142 8342 643675
5821 7982 895700
1023 3282 673679
6810 2178 952739
3665 7076 795866
325 1467 105700
4106 3967 459078
7573 2398 402572
3548 1341 9547
7650 8204 564611
1185 348 167063
6906 153 598669
7355 7588 133361
1166 4985 588189
6591 8468 915309
5617 8719 222
3143 9645 473401
6327 7940 413653
6353 1992 769588
9231 4259 467578
9989 9866 308055
3906 8288 108315
483 9718 34951
995 3604 679607
26 9649 1186880
1145 3903 1492047
9922 5550 280349
9490 1631 293271
9064 5791 802119
7985 6526 570126
9401 3956 166002
2971 5287 2220707
5481 9842 92750
1687 8557 670260
2811 4089 285182
9790 3922 254208
5101 8980 719033
1487 8610 1633937
4642 1588 724886
2105 3743 49496
2585 2065 222636
9154 4093 1441203
2056 6301 769738
5687 8395 434361
3698 5086 255004
1977 6273 293999
5332 8050 345933
3061 3896 718280
8175 7513 96616
6113 539 1176685
6922 9629 595724
8185 1856 749737
6332 2786 1072165
7523 6961 671642
2313 9933 41012
7099 5581 412381
4703 1540 58798
3380 6656 850496
4768 8854 157749
5321 8237 605292
9558 4043 456124
4397 4051 49303
6321 9935 213759
5738 6261 2566547
4553 122 993372
8555 8334 67084
4624 8165 162813
5463 1018 1889824
9145 8878 273327
8340 387 966564
1459 5452 14936
8398 2619 640634
9881 270 376168
4832 3867 650443
4659 1875 1897704
8115 4752 392333
6958 8304 636645
5605 9937 234501
148 3830 350002
1304 6565 2167146
7371 6652 224842
926 5332 1399122
6147 8401 117533
7593 3847 59028
15 5509 9117
1565 2587 154890
2445 8415 553229
4573 5058 116200
1032 3901 2054258
5725 3902 483123
3843 2086 1397673
1605 1222 693442
144 5183 248439
7693 4757 136017
6150 4176 714179
7120 3619 157285
9195 4718 443662
6216 3518 45509
4920 8668 49358
7807 9269 40493
9937 5590 268820
2808 603 1017147
3605 1374 822782
3139 1297 238527
172 4533 1287294
2572 51 521561
3143 3190 159442
7682 7814 133204
5607 2739 527913
358 7169 155336
8991 9158 1000687
9596 1813 435488
8281 5686 687343
156 5008 549908
1103 7647 1327943
7668 3504 34
4071 1398 397037
6050 9322 171372
7572 8364 893699
4945 5633 718825
2783 5775 645813
5599 1558 129119
9859 5926 337272
2526 2921 446956
8285 2115 32090
9875 863 400133
7497 5802 433536
2379 5811 311002
9763 1359 1261075
8044 8199 657837
138 6805 427470
242 3549 223681
7981 8015 726173
21 3839 321671
3046 3955 2552536
111 5986 428063
7979 814 380583
9123 1990 34095
9709 8594 434680
554 4324 88534
5113 41 210576
583 2370 783837
5793 7540 1057320
2550 1955 426546
5366 459 1166786
2390 2497 199336
9159 6783 106377
74 4955 7889
6504 1385 260721
7194 2682 128438
8895 3223 668655
9590 2308 476719
2692 3574 1021811
4992 3832 6290
9192 3068 2674076
3761 7466 155031
7583 104 951313
4537 4700 1706308
