174
4441 7293 276477
2204 3248 277140
3491 7819 914052
5159 9904 1607450
4965 2250 132871
4060 7875 779840
4043 362 268949
9637 1289 5068
2420 3515 1072767
6268 1669 268515
5764 249 95675
3508 8447 1343529
7646 2541 90796
8131 6390 136059
3483 4019 824415
6987 2797 745133
8256 891 119116
5882 1615 1475068
5039 3354 2565716
5267 1891 142953
1273 772 16306
457 5111 537965
9215 1178 1016078
37 4744 317382
2478 6226 577984
463 4659 942165
1399 3279 796733
9902 1181 681055
2484 2229 353383
200 4676 559934
4437 1415 364000
2447 8398 47919
6528 8555 135906
7916 4932 89114
3354 986 655987
465 1011 623416
8105 8776 493767
4000 5119 158937
3838 3109 893385
2275 3632 2339910
2893 9848 17454
5994 2561 171251
8436 8364 23001
546 4739 601480
3198 8755 252931
6246 6890 962611
5587 3490 207373
799 4717 682311
7323 4819 199647
1485 5442 726411
5653 4529 987193
7402 3939 899091
2492 5776 1187399
1949 984 44718
2965 8776 484542
3321 7891 477464
1308 4548 414868
6632 1026 1660952
3483 7366 382910
3912 950 665346
474 635 22448
5701 6868 300678
6390 3100 2784
7677 9503 62234
3533 2280 32674
6985 2862 76133
6203 5465 79162
1634 3739 381493
4196 2414 258336
4152 9985 149648
1823 2120 280018
4107 3827 78808
8750 8491 425581
2707 4829 601888
1124 4603 688628
1109 9248 267139
5499 2564 1221880
656 8362 513899
9766 3373 407486
1800 7559 983668
3190 4679 2400333
1982 453 40928
252 5410 390624
359 4877 155562
7431 1330 383495
3342 9875 400472
460 6926 47571
6685 1303 523752
6614 1364 546778
7006 4646 310477
8656 7427 1440212
9440 8494 1050166
3431 7320 84118
5347 9189 106948
8438 2588 2503
4636 2967 1917950
8859 1200 677777
222 4623 539392
7330 5744 376670
5557 1138 530475
5778 8010 642965
5297 5592 14489
7797 948 655118
900 1349 52117
2633 2129 329192
2994 7957 848662
8017 9942 345786
7934 232 724397
5232 5078 125785
5632 21 2227577
8324 7847 622291
1258 7741 50226
6462 9388 1247598
7099 3968 343365
6344 2603 49518
7325 9268 227019
3951 9427 16483
4682 8605 340301
8094 4207 512331
1121 4219 401008
6940 916 1578129
8160 1438 103386
1655 673 283001
4689 8324 787439
4520 1681 241654
9625 1194 79471
8735 6258 1155922
3091 8899 783600
690 2118 1840766
7268 1602 243879
1516 9624 426896
2965 2044 63763
2634 29 3847478
6234 8407 558244
8548 9640 265677
3404 6348 319487
2396 6955 1301478
471 1813 6364
5465 8673 11864
1669 1430 1300681
5158 629 1697444
8063 4377 215227
7535 9168 44528
5079 7846 675658
684 1061 58296
1997 3786 1092334
6464 1938 222859
8081 8248 472253
9368 2973 350175
8069 6945 74464
3463 5931 627804
2177 4559 148275
5607 292 38222
1752 2804 1117699
2825 7535 675823
5452 4253 85906
1419 2332 27543
4983 1600 1005121
4733 1392 1056764
6945 7803 678590
6685 7837 1036338
7208 231 1986625
2818 8533 1126344
5228 878 690
7717 400 70213
7511 1234 54446
4906 1961 3132270
1364 4055 1336523
7682 3140 467972
4935 9762 3975
3129 4774 3804
7102 9854 369958
9495 6649 418109
878 5685 99685
