174
6459 8519 1520153
1041 2947 173472
8346 2631 205590
572 4410 1117842
5240 8574 1981777
2815 4947 143892
8690 982 21827
2407 2679 421352
6660 6475 470388
8171 600 377308
8375 3522 854000
7191 843 321135
2224 2456 49310
2372 9516 1514620
1253 278 204746
217 4444 204132
6119 297 369400
3291 8803 124891
4949 1149 156604
7640 9940 483911
3238 8302 406428
4582 2111 10560
5777 270 68293
5071 1522 683482
8164 9708 514466
5222 9337 379709
2965 6732 426710
6305 5694 452617
4937 8541 552116
665 9891 579486
8838 102 161590
3102 7136 653005
6239 9918 31714
7705 8573 267018
6069 4058 125930
5126 2642 1272501
9383 9400 854370
6686 4937 537158
7945 7412 176136
432 3654 2819261
6021 6408 141278
7464 1026 643115
6290 4448 2384623
6802 8307 8337
9065 1348 242692
126 2118 128731
6659 1819 48432
3898 3396 93355
1569 8827 125907
7351 2362 595095
1287 6778 470368
3933 2050 1869022
2790 6522 212629
8222 9430 128539
594 3456 93842
4375 2380 2101525
4220 1444 354611
5890 453 170576
8511 2137 264823
9217 7471 274932
5598 4286 80309
780 1955 611
6468 9601 319477
3049 7790 452299
9688 4547 1535820
4524 4441 209272
1174 1928 82467
5721 4105 646621
8046 4598 564638
357 2267 2693096
2329 3228 64443
2176 1093 865516
3019 591 16343
8854 6118 117605
6017 3342 10060
2505 2899 90064
8252 9375 872171
268 6346 805603
6066 3306 551001
8108 2977 128590
3231 8854 1034204
5085 8572 69291
8059 2137 873056
7804 8889 385091
4576 173 80152
9398 6291 588017
6371 3274 210573
973 5089 465159
2747 1190 878457
7535 3618 601647
5319 3771 31805
1798 8351 324953
8724 7079 1132688
836 7249 122763
1365 2749 247274
3172 7825 247665
3444 8580 435004
1729 2140 726523
4322 4385 1056232
706 2615 90931
2073 7832 1404268
4541 6317 45440
1227 9058 295689
3682 3870 483052
7898 404 542067
8767 8364 132250
4613 486 64779
4827 7592 38127
495 1337 1449230
4758 8300 29926
1393 9068 821858
4058 9765 356963
5595 2163 853139
6000 946 693106
2784 4813 65518
526 989 203837
7604 6406 374706
2177 8953 1164539
4242 9499 66917
4795 4950 845751
7842 1869 1489250
9708 5419 964111
8845 7588 912496
4169 9649 374701
3108 594 438545
3923 3294 1140021
8833 6540 1666996
4134 1002 8330
3799 3070 521723
4227 8095 268027
8421 1459 379409
6272 43 1510132
5116 2365 173309
4610 6207 1825796
682 1113 205271
5682 8735 147077
4281 1568 393953
4321 1837 757745
6789 8608 267952
4256 7858 1315
3060 2590 2646600
9202 2199 78538
9131 6286 509202
5284 515 538578
9403 5900 436830
569 411 4848971
4149 5883 146252
7697 5546 14681
6037 8837 955138
2837 1430 508458
3512 734 89789
6421 3260 165992
7552 4947 1545175
5043 4065 1539580
4861 9894 101000
4533 5626 683601
9300 6064 691704
60 6826 268682
2224 9064 161387
8053 3035 601576
1152 3007 4586
4351 5267 163467
7984 1614 679966
357 9829 1523344
4053 1556 190009
6306 8933 47058
3546 8191 170083
1874 7798 1610048
5696 8508 2450507
62 9618 247313
3825 1210 392214
3335 6895 30134
9168 4498 543002
1413 1208 290391
