174
4665 9917 265830
7541 3415 427375
9935 9889 85391
9854 6665 264621
8087 2395 1684771
9105 743 1181995
9559 8503 60115
2977 730 269995
2131 768 501014
5526 4523 84187
4805 2438 87439
9688 1930 802210
9979 8950 340417
2927 541 1203074
2911 2030 1157542
7051 7714 568422
7743 4222 860205
3084 2851 112949
2903 8541 28242
8329 1782 449196
9439 5232 373353
826 4029 86558
3771 6500 1063767
3111 3865 157624
8733 5417 133486
4241 1754 559533
43 4776 281930
9354 1690 110399
4374 9352 555286
2561 7614 424529
5033 7340 3375823
6070 5336 42281
2295 1060 488275
5788 3923 911289
9534 6079 286438
3018 5744 547002
4291 3931 1072275
7831 646 10388
2706 2792 1807779
2002 6672 284910
1647 1205 1259512
5435 4260 465485
2067 5631 485908
8774 5260 1532409
5064 4386 91776
8222 3835 380962
4933 5147 140883
3431 6435 312679
9069 77 321693
9613 9443 184129
7271 8031 524022
476 1995 82668
1843 1917 67999
1359 2875 9
1259 2555 404392
7538 2618 212913
4314 1265 155337
1041 9017 3031755
8888 6088 240677
9716 9470 451362
7264 8072 140516
6743 7959 1081181
806 4387 35920
1936 3532 2798040
6336 422 1326196
9226 3345 466133
8429 7607 558688
8691 1959 344397
5204 3168 191230
8187 2088 708608
8031 5505 472365
5088 6779 932165
3966 4993 1005083
7322 3590 947086
5258 7225 810282
5485 2940 255235
3174 1239 191283
744 353 73615
5067 6651 86997
4327 7677 1106210
9634 1724 855077
1799 6722 28138
7664 6352 548669
3095 8351 256188
1083 5807 1185756
1027 7553 703401
6440 3355 621024
3710 7471 470812
2179 7976 204831
7979 1685 25097
4014 9770 223416
392 3466 243619
791 5647 494375
7734 7795 250800
9233 5005 1631010
1068 4994 1025731
5421 2963 595258
4559 9473 887089
5969 7376 1129259
8622 6889 46971
3758 5731 62956
8886 6808 44549
3983 415 934466
1281 7096 27043
1767 5751 39520
1277 721 2162036
2160 7460 1090769
6240 3766 120056
8385 6108 662623
8822 4311 1486855
5527 243 143555
825 8618 355164
86 7445 1144769
5999 4926 88841
5293 7431 923307
4798 6355 142428
2252 61 35666
54 8187 515701
9445 2691 192192
322 2751 15520
7591 9818 598591
3879 5718 288632
7200 3312 184986
2512 5327 75568
4531 725 730963
9890 5746 655010
1383 4810 881411
1647 2387 3388008
3760 3996 100594
9547 4731 990515
2402 3188 1645578
8283 3379 86779
3061 7602 26618
6310 3117 1724570
4679 7163 24138
3953 5705 308878
5845 918 188805
8163 2614 199437
4903 8310 733206
6888 1605 398342
5291 4216 192965
1859 7428 602482
4464 326 1682985
1068 5809 667852
8156 7966 327690
3638 331 54242
7881 1220 729951
4887 1559 22925
2977 2170 656150
1843 5891 325549
1323 4134 957065
782 425 774028
8586 5567 316870
5071 9640 29964
7871 4348 297122
1363 3711 1223052
3580 5398 627613
8782 2758 139064
6312 7262 68504
6909 5306 137101
5961 1820 1061803
6148 8504 44347
6200 2243 432390
1290 8575 710927
2707 7881 877763
1648 1879 468168
5075 4219 814253
7711 9096 1308961
7638 5460 35119
8692 6501 660884
5321 9962 125875
5319 4896 539208
5627 9915 994001
7720 2110 362246
