174
3893 5374 172958
1051 8644 2647947
7586 2480 163610
8005 9040 1513466
2824 5031 30995
364 4105 1624653
4474 8680 1276129
5368 4169 1041019
3319 6190 328869
7786 4403 420034
5375 5531 1060891
5197 7932 927584
6397 1438 659127
3476 8797 601046
2503 8476 632324
8352 6331 15779
9458 8332 84377
7751 5011 1093363
8687 8692 473919
428 5467 158168
5973 7521 158603
6179 5007 123785
5998 3318 192587
4532 6775 384796
2414 654 249450
4953 5699 482549
9916 8139 875468
5902 7270 243531
8297 5395 193275
6913 847 116171
9198 6038 148910
2942 9518 2035934
4195 37 93115
7292 4853 312362
2086 9638 1019716
9511 624 506029
2469 1682 277889
1332 1783 770264
5086 9971 53404
35 8561 705010
121 3009 668686
2609 6002 393437
443 1675 617240
5613 9069 982167
8939 7842 20403
3401 2987 1106565
1076 4800 939396
3211 3950 772406
2808 529 611966
7667 8440 516952
6258 1081 1251950
9843 5018 547250
1867 2943 562342
3129 7236 2325329
7289 1179 176800
8666 6112 51461
790 3922 277185
7768 3250 1173415
6676 3547 167792
8304 1397 200518
7603 4454 104987
280 365 203449
4167 4955 257944
5594 167 1023926
6378 9972 130868
4845 8633 304566
3321 8222 1248740
6857 4673 1178886
4188 8355 94614
8946 2971 1134458
8338 8244 292259
7909 964 317762
6426 295 301221
6048 9090 1045764
1497 406 80496
9483 5043 78709
8382 3551 4341
9031 4839 799786
150 6079 237765
9210 7682 300685
6748 3541 721367
6821 9622 2249167
5065 9143 218961
7592 2992 385148
5001 5906 598924
3299 1168 2377
7162 5864 239624
4513 6715 1115424
6097 4236 1235370
7557 8933 636492
9627 2887 788728
628 5458 247667
8383 5833 40230
5082 7663 566917
3890 715 168000
1199 1454 113416
5754 3704 792867
1086 1775 204447
4141 9831 904794
2479 9937 25566
4934 2280 949380
2956 6689 1568931
2306 3266 680020
2330 9459 834751
7793 9103 205850
7723 5864 1739435
5154 6067 208121
4476 7580 87609
5107 780 1270070
4007 4930 807865
3356 2744 1080344
3766 4084 653682
5180 1022 118982
5812 6907 504290
1459 3257 170037
6349 7879 1047648
4710 5950 358065
5142 9701 1412697
7771 7361 683804
8503 2840 351685
9816 6657 55172
9715 4734 169052
8480 6126 449362
3534 4499 779352
8408 7470 44465
3804 3113 424981
744 6918 550436
5967 5408 624886
4293 1714 46780
4726 8444 22805
6264 6760 212428
412 7224 73514
6921 4948 82815
4898 4389 481006
577 3004 411794
3827 5488 467591
7942 2977 151922
5787 1099 55496
5058 5130 61533
6716 2306 1226923
3624 7294 96067
9814 3291 248354
7803 9642 1029442
8679 7577 195776
21 8240 1500293
6140 7189 1556895
8268 7508 380943
7072 5061 611264
671 6879 1075545
6366 4479 718336
6883 5096 1929946
450 7804 501108
7125 2444 64813
2469 6357 383335
5600 7955 918089
9043 1394 973025
8780 8097 983431
2106 5220 1127830
8010 11 498129
2769 2085 985785
9784 6322 29639
5476 2783 76283
2708 1818 211834
4096 8506 614145
1430 9314 875494
3115 9602 3755
8766 1822 7464
3670 6906 59279
4076 9339 1473122
3193 9871 732359
9337 9441 778373
3230 5642 214772
1096 8127 251891
7488 3427 138527
