175
7458 5866 277094
6922 6356 45337
473 2366 361991
747 2369 24026
3922 8780 14323
8145 6676 827663
1354 3091 190537
3195 2168 1601395
9729 7868 88584
7147 8289 43424
1990 873 1498486
3548 6326 1034717
5845 7018 2560499
2937 2457 294387
642 6995 791010
2118 2908 342627
3400 5809 232517
1899 1208 16843
3668 4264 2175214
7632 8664 66534
2860 9778 170945
7443 478 47504
8032 4673 779901
4176 7272 1528574
5475 6803 777306
519 4634 654022
801 4167 41202
8317 1014 510088
9425 8363 36043
2533 8522 358426
124 3153 120241
1310 9872 49746
2305 7818 158451
8762 7884 618515
2806 904 2156928
9976 713 610572
6294 156 335902
4279 1494 143716
665 751 82458
3595 1263 292835
4429 3004 269327
8060 8024 1197399
7257 7657 42449
2472 5029 78975
8839 5679 71505
7362 3420 701113
7349 2393 585602
3054 532 663570
3284 897 234129
5643 7661 525696
6033 3157 117759
9562 866 1018600
931 6309 585619
6612 5490 82813
8369 8060 169556
7701 2239 232232
1642 8297 459259
1480 1651 118890
8313 848 829430
1014 2358 195040
3880 5143 296068
8563 3514 1019440
3523 4015 101950
2701 4162 777698
9485 9875 1370388
4855 9548 237493
7691 478 546534
1445 6849 670211
8838 4092 968198
940 9355 565273
495 181 703648
4492 7352 526355
8001 7559 214968
746 4115 109364
528 1564 54486
4862 4484 1614560
6318 8049 1284540
8375 379 239323
3453 3596 129391
9977 9860 2060389
8067 2636 1120866
4864 7415 16347
7560 8348 378466
1346 2111 1896394
9537 1485 940425
6504 489 328386
9775 5809 600289
5141 3965 398253
138 1189 339571
9915 6474 136104
6728 6277 669981
5394 9679 21010
9734 1505 1885397
4845 7918 1426003
2699 6759 307705
7127 7627 218265
4578 8251 482994
2272 9960 1580251
7822 8889 264901
5475 2343 492220
9131 4901 18564
8780 3799 26362
2989 1155 532587
1416 4274 160977
5095 6097 633915
1390 7783 966014
8549 2263 454373
3302 2755 871209
2275 1933 1438469
6971 2539 286539
3394 7261 329107
3835 5814 178568
3067 7427 530164
7567 4561 558663
5464 6342 126273
4489 6920 1297683
9550 9056 605961
6255 2088 846322
2105 6560 416412
458 7649 599792
3205 8915 119417
3381 4594 291533
7329 5362 35885
2236 9741 165733
1851 2333 869162
5890 3495 7622
5653 254 3317
8892 6770 1733769
6100 1209 79914
7978 7817 686766
9332 4163 164369
7044 1131 55723
6076 3290 641908
7513 4261 275238
1971 6399 901936
5825 4332 195659
9529 738 215161
651 4631 159589
4979 1648 380433
8367 1146 223910
4019 2399 541842
3948 5875 790081
1698 5528 659948
5884 5882 832706
7479 4795 427916
6146 7270 1545469
6955 2264 11824
4509 775 282775
6503 5954 165289
1153 6641 171571
4307 2011 35959
3364 7423 879049
9439 5824 773439
2039 9964 2095820
2288 7124 85788
1297 7264 1367306
8064 169 360309
7985 3136 1142907
6645 8304 67673
360 7530 508263
7754 4662 649994
8522 7024 80640
8952 6697 271132
3835 1660 1123255
4274 827 349895
7374 9190 2225179
3138 7699 482630
3598 7854 1602883
3232 156 390162
5680 8171 27995
4899 388 302578
4870 1202 2350072
3249 192 167148
1317 8506 1303057
1300 4998 708797
