241
575 7741 249590
7682 5561 1477464
3802 4611 955929
3097 8469 212624
9285 411 516121
5327 4392 43455
5214 4538 34788
8849 4951 313468
8972 9422 351750
5094 6448 80694
4558 1122 119645
3602 2837 733752
2815 2076 1694815
3974 2007 1799796
5841 624 177084
1653 1052 693957
2407 6206 98005
9028 7911 92180
5496 9341 1198576
7932 2818 269623
3421 1567 11846
4306 8674 379416
6581 1615 35277
9125 1359 340440
3252 4271 152611
4978 3928 688628
3619 2243 68423
3222 697 51329
369 2688 223263
3543 5851 384384
243 2989 243908
7299 3127 666437
7678 9971 774308
4101 568 401056
9940 8786 368692
2244 6417 1212915
481 1990 235738
3594 7691 1207334
8576 6092 451074
5359 8768 906199
1345 5822 152489
2327 9725 347187
3632 6871 97150
703 9415 290235
5646 3524 63225
3402 9295 99909
6283 5492 129404
3772 9628 435545
9310 2436 255180
6887 7012 223878
6984 6214 127059
8002 9456 640972
6057 4322 546097
93 3444 1053982
2444 2828 396279
9042 3443 110259
4636 3510 295831
2019 4997 182222
3783 7129 70291
4102 4713 297152
5008 2954 684830
2964 1667 348331
9949 2293 227680
5029 4224 164323
1954 11 752561
9336 1529 367288
1603 2723 64730
2413 1416 92627
4524 3166 469020
8160 599 585456
53 3583 738848
45 9704 24671
9182 7697 1429557
943 9945 345521
3244 2807 1879138
3387 8308 418218
5926 2912 734450
1498 5692 87596
6154 8449 449196
9691 7590 168169
6854 6686 130447
7742 1474 264834
4038 5640 772577
6516 4154 411610
4455 6537 425833
2119 2029 259861
8939 8931 746212
4123 3686 168036
1801 1749 109447
3704 8304 410157
4603 3983 409742
2286 9847 634727
1607 9355 165998
1421 7072 49051
8653 5988 66381
4959 3361 25388
3953 3069 751082
5914 2588 48488
9936 7987 804778
6109 9567 843969
8823 5277 84990
4496 5401 243429
6230 9451 636757
7117 3574 69498
4714 5165 241389
86 856 517978
560 1309 232536
480 3033 309196
1675 8136 110716
9201 7323 9315
2976 7665 122980
9763 2608 12589
9067 3308 55163
4278 4467 174873
7528 5600 1445323
8476 5084 195663
516 6621 217917
7670 7169 419883
8702 8709 130851
4449 2501 532046
1928 9774 113397
4078 9196 54255
1082 7850 274583
9146 816 1873475
6406 6290 99269
7218 5484 333633
5433 956 74304
5221 9367 603693
9138 5106 372576
3689 5988 349346
890 7310 642313
6023 5095 262597
1309 9604 63082
589 3647 242656
0 9035 1882759
7842 7541 7936
113 7090 400931
6328 592 275308
9147 2150 30920
8587 2711 116668
2620 3521 504989
6990 8230 582933
2226 3680 7391
6080 1566 191671
383 9647 43765
3235 9545 32613
6995 2487 914772
3597 1261 73360
5490 2734 251065
8452 9533 825055
1449 9553 1169124
5669 5345 505237
9510 7676 1890274
6089 2552 454683
7836 3962 548687
4953 19 96085
5972 7928 1435086
3866 1430 898105
7744 5240 497721
7126 2910 100703
551 3551 681940
4 1233 363674
4624 1016 564827
1859 8983 122170
3969 5416 21717
3753 8108 191660
4355 9235 18470
2142 4871 82898
9707 7646 528687
65 5705 273597
9628 724 1324298
8240 2782 292780
8661 1676 50932
3564 7335 289402
9744 2739 192871
7174 9890 488968
5064 9276 1518
1566 3727 139529
5685 3594 199042
8824 1889 404449
3571 3660 808889
3871 5360 1208682
3263 3360 120816
7531 6025 16468
2803 31 728668
569 8135 288003
2942 8504 53633
7523 7718 910129
8548 8625 303330
6392 9979 1322720
1271 4892 126422
4921 2069 118923
6651 9279 124242
912 6149 116751
143 3527 301943
8568 5124 3832
7005 5371 127805
5379 765 23526
5468 3745 16729
4029 4909 2269818
2961 682 41870
5508 3796 53938
560 4457 201577
1161 4017 591773
4900 2627 1171
9018 9472 523135
1694 1561 131169
3306 6625 293386
4949 7176 677182
6784 1063 118531
3762 2103 660147
5260 4081 106667
3086 3331 177897
7776 9682 258983
7395 5537 452219
6724 5087 483336
9498 2338 296828
2464 607 801684
791 9705 192755
6808 8865 861442
9578 1910 112320
7705 9517 27410
3739 1096 18157
2881 8117 603920
2468 1062 907915
5181 332 912331
2432 1770 198529
433 5842 742524
5311 2760 173180
8380 8150 593325
9552 6202 108604
3662 6278 213244
5420 4918 2159884
5849 4577 406663
8672 7997 502929
6039 9483 66453
5669 7711 16614
1958 5351 484388
4358 5581 225170
2043 7607 863941
3748 5680 390171
