241
9839 1452 396223
1792 1410 50989
3420 591 1043657
5715 8694 3520
112 7416 31051
3446 9356 800326
8731 3627 23431
9472 5779 148408
1297 2385 278796
2451 5444 438077
2944 557 213929
6923 8632 159450
8936 7214 374408
6513 3345 151522
3170 8067 1261457
2665 918 523713
9118 5516 294541
7724 7377 738491
4706 2367 865739
8602 6727 115936
8594 2702 256331
5234 7865 846947
4068 9957 326665
4221 6096 378952
3576 1638 270926
2816 5732 12917
5233 9386 195061
8446 1395 147280
7769 5164 106285
4766 7796 406045
3937 4518 131649
5741 9353 242706
6676 4976 15462
901 2160 368769
2083 2093 1028820
7191 364 884725
6718 5865 202038
4761 8244 1624403
9056 328 212322
4270 8181 451809
3178 9671 327087
1362 9064 223844
7117 963 67626
7834 8445 436621
9071 2856 375991
9089 2708 180035
3951 1030 522284
7806 8153 6579
639 5837 155526
2190 1509 1477597
6365 5287 578199
3236 5014 76642
6772 4716 1107531
3714 9915 736250
4563 4127 658493
4865 6990 960111
394 6381 234316
4075 7301 72588
8032 4962 587738
1213 1194 227061
4593 6056 421278
8589 3506 12152
675 2942 210150
8208 9684 454007
7740 3358 270021
34 7726 34050
9872 3767 212194
6739 7950 569137
7095 3578 498719
7057 9907 62853
2702 6844 197287
3867 5974 159922
4394 1109 806299
2120 9255 927430
779 7159 184558
9687 8042 610617
940 9384 23524
775 7518 994735
9346 8403 433095
7037 162 406524
4772 5474 150297
9558 2587 30958
9483 8188 120368
4359 8925 185360
5714 4554 200584
7688 4725 231467
1088 3865 476071
1455 4759 26005
847 1527 319055
9496 4794 1146635
7460 9413 63667
3378 8147 268870
9527 9396 194005
7977 357 396250
7363 5408 196256
5401 8146 203884
3768 2576 490285
9816 2623 200926
9700 8526 997783
3896 1478 233620
4958 4461 174004
9442 5130 84144
6365 8047 634546
5265 6542 248099
6298 8065 126006
6071 3540 9624
9117 103 48388
5164 709 247946
2513 5075 745535
2683 3363 219817
8211 2357 104438
4214 2687 331820
2184 7896 370933
4363 1529 559165
64 3011 43890
4378 7422 393148
1543 1841 450737
6418 5892 38915
7211 9606 747249
1791 260 143059
8502 4043 123653
1743 3820 26692
4613 439 464088
9400 5761 923773
7767 661 447063
7949 3133 1017334
6162 5792 812985
2953 8628 601694
852 1680 532928
91 4125 456476
4260 883 114055
490 7675 237857
7450 5159 258745
9077 2822 447920
5355 4549 1366812
712 7355 166024
6272 3319 304801
1582 7441 188740
4293 1716 555159
9999 4794 408005
7452 3864 317960
3943 7340 278946
5969 4903 619167
7946 8030 188023
9116 6738 490122
3236 5399 59639
2294 7540 50978
8426 6821 103055
2854 6175 311727
5077 6133 7332
3926 9585 407231
1924 6713 452912
5589 2116 14988
1473 5046 1765588
4553 3797 1026244
6494 7074 825578
880 4663 472328
6647 7811 1196987
7290 6696 306127
1702 7993 1533923
3269 7670 184792
3188 8929 194557
6146 6679 397940
9784 2882 666128
957 4308 153892
3893 7530 647247
4852 5488 369381
8328 7122 21710
7385 7584 88126
6720 7232 55123
7734 8578 205782
3065 9687 96999
8364 371 126852
6385 5891 673457
8145 3183 11883
1258 4718 424195
6448 1761 354238
727 7810 727764
6946 5107 438191
2033 6630 1078861
9896 5878 452262
4576 7228 403659
4783 7619 92412
2986 506 164556
3598 7473 229268
2134 181 74600
8806 5413 584992
8962 7179 758238
7200 2915 348205
649 9948 487299
5063 5020 10604
1053 5112 301575
90 7557 223271
8918 7387 337
6435 1857 156579
1268 8862 25989
3001 649 192306
7303 5364 115060
997 402 59256
3251 534 257856
8066 4437 635025
9010 7976 393245
8750 3360 123321
2022 9617 915860
5340 4845 206385
7363 5886 375059
1425 1293 232882
1876 7023 220802
2645 4943 1019583
8470 8833 631398
3687 6313 526776
1616 5874 24546
3783 2351 258293
2526 9302 169482
3812 6150 163273
282 4203 329509
9813 7563 768635
7826 374 364317
3312 6766 1502584
7324 6310 1671844
3846 8184 8404
918 2284 410645
180 8841 97946
6949 8362 472225
470 739 1645725
6242 3463 7203
957 3120 551561
3947 5001 133088
8660 3176 769734
7741 3483 1380284
791 982 1469851
9026 7265 58451
1665 7365 164268
7028 8219 1050038
3384 3412 113286
5812 2558 884349
305 3694 1687323
9569 3272 237199
3576 8614 20896
6886 8750 38186
8530 6945 2149162
