241
4509 5053 96271
5199 8644 270217
5879 8375 108984
1680 7701 309145
5056 6849 345843
8794 1197 19996
6331 5346 519928
4064 7959 321081
1325 3695 366208
7259 8893 754742
9205 302 441272
9646 1244 55077
3441 259 500705
9458 6576 84534
1211 8433 52023
9350 9606 620830
3713 7998 338523
1154 8094 461746
158 5689 369696
6573 4678 124404
8295 6704 81690
9820 3016 178242
4612 240 222148
6428 689 1017129
5198 761 75453
80 4927 209937
9976 4866 112343
6119 3526 302297
9363 8779 98061
6223 1225 328313
1972 1265 234545
9188 7852 1528852
1803 6191 76336
5501 957 695200
6321 6242 249161
9035 9424 103171
3206 6079 54499
7975 6691 308886
5927 6226 626579
3666 3230 222105
6499 5870 22829
7671 4505 1522846
6804 5553 227369
7148 8918 247181
9118 3210 1836025
3179 9678 115872
6583 6334 464633
5413 7785 673177
5079 6332 449760
1131 2427 463164
5271 8505 168271
2829 597 68906
9881 3059 484003
843 1271 420197
3295 925 497127
8546 7896 87361
5051 8265 2509421
5645 425 484940
3850 6920 333040
8348 3418 118999
2713 7061 991003
4738 8746 518316
896 5985 1167583
9843 3671 95989
8370 5177 187218
9048 43 617750
8859 9090 150134
888 3642 37049
6943 9638 63132
172 3818 131235
7966 6233 617114
6920 1718 621827
8207 5436 118333
7245 8111 80625
1478 8111 654410
1060 3647 293138
1535 942 946760
2300 3053 621996
4052 4208 645890
6226 1844 165137
7811 2411 347215
2592 4562 151760
1216 186 86916
6119 6158 55965
5016 1990 691345
2426 2775 168231
7193 7 68743
2903 3198 114817
5713 6664 314931
7791 1221 215563
782 367 709142
2054 4223 169556
5497 1227 743311
6050 1652 330045
254 2482 36344
7857 4049 477249
6842 6460 598465
5654 688 296140
48 1909 907143
1864 1996 68323
1491 6252 66063
2837 1123 77993
4593 6664 17783
1750 7040 393439
1411 2701 646797
9700 9144 148570
8900 4290 176307
2675 6644 96238
7558 4288 566327
3155 7820 1396918
4657 118 671403
673 9288 954005
8169 5055 321533
1044 1760 304814
9084 8463 482125
2568 3542 235033
6274 4295 873399
2370 9854 29856
802 3505 373870
6036 7940 84718
1189 323 286374
9617 5690 995078
306 2624 230845
6229 9698 665360
6022 47 68121
9556 8944 12924
9319 6415 103545
2752 3053 306810
6451 7231 8283
4827 2435 434697
3113 2247 664388
6799 5702 181167
3314 4731 4732
5023 388 478913
3056 6639 18073
7605 5790 356382
1081 4428 1088988
6255 6581 15108
3786 9725 119090
7613 9034 36289
7254 1641 705601
4426 2593 580093
3839 7143 581250
9483 7214 59208
9823 3832 69491
3669 4254 118944
4001 5798 95252
1427 2047 161999
6203 5490 331664
2158 6950 184937
639 7354 209323
4257 6432 148496
9802 7878 1128484
2026 6165 425431
3178 6456 1117318
8949 1768 17191
505 9614 793157
7589 3354 386600
4050 352 696153
8691 1264 826355
1006 4692 1040523
1498 8609 485119
3635 7771 422875
9476 8953 151934
7222 9230 247627
2346 5574 58634
3712 7733 17606
6062 6178 483953
5570 6820 200746
6555 1629 571070
8507 5078 96888
1080 2546 235743
9568 4368 93599
9572 7625 235038
2705 5811 70212
4280 4827 48967
2102 9561 1447356
1582 6446 434493
1164 1969 1070029
6901 8155 223620
1058 1699 782823
2839 579 388357
5597 3208 188401
231 1663 374012
855 9923 544668
452 9383 168164
9250 5909 216563
3012 3590 187909
9810 2731 40486
5113 966 303643
4965 1375 153323
5378 7430 1233
5941 7479 113702
8514 4218 191536
5312 2072 709
5215 5630 578026
1114 9741 262706
939 4856 75582
4907 8959 272971
1289 3811 337444
4643 6965 1026277
5071 4172 856558
8755 6506 1565218
4255 1876 962269
4200 9105 492189
1196 2061 679501
1068 9490 149304
2586 2237 244967
3570 1679 1187205
9577 8728 399009
680 2186 415621
3551 3101 1532185
7567 6354 286099
3207 302 300310
9025 1911 27920
3854 6090 106911
3506 8665 301046
7026 8399 684146
1090 9564 243204
8104 2468 26436
2002 3422 410326
352 3126 836353
7800 9188 82227
7006 4992 353504
4619 6977 327206
6764 8482 512169
8504 8874 171862
1124 4175 89312
363 3203 1326736
8903 2171 399860
1522 1395 1422839
2731 1899 392010
3733 6318 1855274
5646 5429 357136
7737 7699 352946
3091 5673 320769
6 200 3587249
8801 8398 17043
6938 7963 174332
8355 6560 286938
2503 1560 432803
