241
582 7125 848372
5182 794 194442
8970 1770 740928
6721 9202 235839
9580 3476 304528
9043 8530 372770
6892 106 312386
7545 8974 84801
8291 8080 594649
4507 7132 732144
3845 8461 93268
3841 6460 163981
3878 164 281904
3652 9366 1364703
3810 7530 272833
7375 6387 303673
4064 4094 355505
7160 4855 409707
2993 5536 1939
4432 2648 146437
6488 591 308998
1820 5352 424050
6267 5030 441255
2345 6055 595148
3352 6789 4015
6108 9519 429920
8123 1770 53838
4448 7501 245599
9311 3367 167142
672 4639 343796
1977 8976 14905
3939 8920 202595
1997 9587 453013
1898 6997 266252
6469 7963 590542
6957 3874 451057
7558 2473 296548
5293 5636 108244
7781 1640 328275
2443 7169 354282
5295 7130 331289
9750 7331 329525
9413 500 1499386
8640 6334 503796
4796 9069 826400
1931 8759 184104
871 3541 55721
486 8509 1413498
5588 4033 1224534
2825 5518 273171
4763 3776 419366
6733 1739 69157
8377 7201 72728
2541 9389 27242
7011 3756 22283
2694 3458 945972
3172 7288 322929
7987 8286 712833
6413 4701 336258
8759 2823 116131
3698 7698 529557
6564 2182 115402
3639 1793 553489
1982 4913 96466
9296 2938 714245
6614 6524 780811
6117 8077 877918
1233 2750 32228
1993 4328 627349
1036 558 81746
2636 6890 283132
440 8914 191656
3959 4031 1110518
8218 8236 177507
8424 425 18666
5149 4872 688945
2540 7533 821443
9690 682 3653
2335 1645 331756
7526 5981 86819
4465 5041 60326
2373 8742 30954
6653 8653 649479
3478 1069 651097
7549 6148 352670
2192 7360 277003
8155 4471 108726
73 5005 80559
1636 7567 533692
1375 8697 871142
7100 6776 323689
8728 7474 241356
9494 1521 219899
3371 9527 834476
7787 3725 564938
9776 6790 51619
4421 6391 530926
7143 332 228869
7458 2264 45906
6985 5062 730139
3228 2932 73815
5091 1678 45982
5209 5606 644008
6081 4126 431624
9522 1783 113893
3148 8789 688391
1227 4233 198646
1 1207 73970
4076 7051 311373
133 9802 1019258
8506 2390 374657
7164 6397 505223
5680 3581 119207
2123 778 474672
579 2119 429785
9821 1728 123255
9662 2760 351243
4209 1758 897771
8223 6172 22786
3473 39 824030
5036 271 338792
3900 872 589540
4600 490 182990
749 5311 546467
3622 1471 1229806
9288 4664 47578
6637 332 569027
7576 6492 62524
1807 6035 150804
4076 9621 332085
3808 3002 185016
5470 6166 968997
85 6992 22092
1102 8091 423649
2931 222 64202
2863 333 440786
5377 8777 79839
7274 9718 285927
3267 8687 327487
4669 7598 447643
1172 8303 166963
9089 6215 164559
5463 6436 268608
7104 4187 173954
7329 5714 187909
7571 9129 61367
7776 9851 199263
7346 9191 68876
4446 2088 154524
4302 2923 261217
408 3096 94839
5992 2501 796695
8581 1361 528365
7383 3234 634930
9238 5061 81496
2726 43 126090
7208 828 359
6173 5166 442693
735 8110 1277324
1507 3176 111389
1286 9598 145225
1316 142 413044
3649 5246 196296
6192 5246 604524
8091 6905 1019578
6616 5256 57702
155 6866 889244
3526 389 569082
7827 4694 695758
9028 8412 348097
7150 3715 39340
797 4374 78215
2762 9883 305602
3296 4185 154248
3650 8054 29689
8235 4337 1466303
1184 1632 403324
9110 8758 822228
6303 4623 1192296
6244 7666 235497
2878 7111 15529
2716 6947 340144
9903 5165 290993
4340 6865 266455
1490 3927 439188
4078 6497 520735
7240 3066 435243
6524 6116 551395
5035 8016 1614286
1583 3221 397095
8932 771 802628
1089 1526 140851
6904 9437 563249
1688 1199 69596
2512 7749 792315
7273 4243 278986
4882 544 210321
2456 3416 1105182
3 7404 383873
1316 4926 766769
3436 9594 221471
2146 2398 504722
1002 5168 384412
6941 9630 871787
1911 4408 165606
5041 8236 1234153
4558 6457 335505
8845 32 641004
6554 3264 543397
3210 730 1087800
4987 7290 481827
4070 976 250543
9610 2097 140020
5799 787 434421
1289 8756 449319
1222 7110 716793
8532 9422 442222
9231 4651 338379
4876 3853 211977
1110 9538 399258
5216 2478 347080
2942 7019 930148
3875 1078 540321
6584 3587 496728
4023 9044 573005
1097 3493 168849
2480 4726 867898
9813 8794 35259
5650 8535 262759
2808 2696 429924
4757 321 619363
3646 9137 185794
1468 1283 744700
4683 528 490123
8530 1170 10019
9818 9442 668655
8828 9603 1094125
4852 9136 172664
1322 9808 339394
837 4200 145800
4286 3381 1461014
