198
7249 50 335266
4963 2100 511555
4973 8452 108148
7078 7303 39337
1300 4108 105081
2783 2869 67362
6686 8805 507096
5286 4143 127509
9661 579 252165
5543 9912 719689
6941 569 12088
6441 9237 75844
6929 7574 13857
6952 6520 218115
4036 7583 367737
4978 6578 1580845
1375 5594 237976
2625 5945 93957
9817 9019 404029
4828 2301 110379
5560 8205 656181
2392 3439 390825
4127 6006 241358
4629 1084 220705
6071 1626 13658
5602 2843 274780
5027 6437 187205
3088 1790 385882
7281 4388 291144
5142 4585 772555
6348 3082 56007
6747 4937 71701
9804 8488 1247719
7901 4491 45041
8634 6750 278345
3849 8198 445391
6173 2672 395471
5339 905 17750
3820 8563 1668144
9142 9813 1236585
8289 1682 1962659
1859 6191 731512
5538 8273 1120046
2844 276 254125
6917 959 264640
2705 9301 625638
8315 8602 1442800
3174 9629 957172
4176 6160 13555
7334 9373 205771
9884 8258 133138
4544 6336 284574
3325 1698 318968
9189 6753 618740
8739 7849 167760
7071 4950 1267743
5860 7635 46520
8884 194 843920
2699 8723 639782
1852 3129 135877
6210 9458 225699
2512 5658 39806
9760 1588 4077225
1023 6031 142033
8324 4075 560207
3533 4421 1084147
9053 1489 776484
3496 8327 174636
628 6851 417728
8127 7278 628389
3722 1591 524158
3926 5597 1159695
5593 5475 36099
2056 8553 710411
7181 683 205439
372 9208 649303
3113 6618 488908
7364 1809 850581
4256 9120 12930
9473 1233 640121
8802 6909 663895
9531 5729 1012411
1567 8081 817560
2175 4295 1723238
7531 9022 413356
595 919 42564
4043 5585 1262214
4637 9281 7066
7754 6952 364885
1317 8936 177586
3936 3929 95188
3300 8536 420430
920 8786 549961
8246 9956 192527
7690 9037 797526
1778 1706 59579
5317 2493 124507
636 4717 933899
8243 8510 538368
568 3365 62230
5558 5945 2069307
8847 2829 996961
6779 3917 124263
6253 5211 1036843
3408 3757 256333
7441 5996 329304
4202 692 13725
7392 7895 1222829
8701 1959 27185
9957 2650 48313
2423 7788 229925
7337 7887 1321132
8351 2076 339529
118 1458 130054
5336 3845 1793670
3767 1039 5204
3277 5317 607616
7231 2273 494855
834 305 138021
3735 903 411582
3621 249 77677
4818 2621 300935
815 9962 790785
3082 2668 1359482
2610 3297 201319
9560 6741 14750
7674 570 472316
5826 4818 388561
8556 4293 929339
653 2197 474873
2974 2976 1285188
35 9044 161526
625 7231 285098
6117 1402 494958
8835 2897 18367
3039 6446 278538
978 1173 2281490
1128 8493 1107398
3269 167 760134
7918 7126 537686
3645 1478 499149
5194 6742 652722
9733 1194 926508
9937 2908 517198
3918 3279 1413305
9323 3274 223868
1393 5940 499117
1956 3616 521553
8565 4921 183526
6275 6749 360630
1252 2834 8487
6188 7990 335912
482 715 24013
4037 1532 228441
2925 6118 743431
4336 8808 778711
6753 2413 172132
7399 8554 182330
1917 8661 563700
8096 2226 81667
9603 5756 367070
7600 4323 328278
8861 299 663955
9653 8214 698001
4772 454 201635
3451 7381 635802
630 2453 546536
4248 5027 680141
4053 2113 246811
2950 307 241640
7515 1047 309514
7035 2301 376173
156 4184 114916
3288 5938 856689
7410 6424 25311
8681 305 92347
5042 2087 75172
5580 4120 334961
4565 121 271564
2226 7655 287654
444 724 209544
5299 9621 65987
1556 2218 209139
4806 9807 110957
8812 8313 63966
30 1260 1074954
970 6472 2057687
1975 7352 439922
4211 4317 146776
7812 3015 916831
2391 8714 24290
7415 8395 2278092
6593 3822 704063
6503 9667 903142
4847 7777 160930
5825 4692 4668
7207 8819 36012
3248 4819 22988
