240
1829 1300 1146063
8537 4488 824596
9630 1090 1140800
8697 6122 266603
5286 766 108747
1447 7400 449037
6452 45 492851
2742 9784 566101
7313 6769 190263
6397 7501 392641
3326 6937 215504
3335 8945 203088
1347 9760 440715
9455 6459 4598
1330 1734 189470
9704 6907 397324
4919 1773 304371
7107 5896 47386
6009 7107 680968
5334 113 1027621
4046 9001 85315
1482 2063 592450
4295 6345 329701
2701 8579 1312
3952 8081 1401896
7757 7620 170673
5126 2092 44075
3997 9485 241754
7406 401 667686
3923 6550 98019
9621 7980 98957
3059 2698 37282
5166 6597 31989
8443 59 193043
7103 2771 40630
5390 2086 97743
5389 5064 951839
8772 9913 716103
7438 5262 908478
5348 4927 3253942
3365 9928 528618
9744 6560 532926
3314 7477 96020
4545 7632 770697
1469 5987 785953
80 8119 67289
5188 8445 59707
2494 949 391286
2211 923 3035316
8126 9521 76905
4291 8889 82787
7960 5342 829258
2520 9615 293942
280 4921 61986
2168 3136 257239
848 3935 4607
4556 8251 39306
5538 6521 466152
8611 5752 185962
60 3337 669967
7444 7516 488667
5295 9123 171861
128 6039 7555
1865 5549 270339
9245 7930 310756
3286 4351 163541
3949 2513 215779
7606 1493 401658
986 5570 750534
1028 3545 135554
28 3834 30150
8387 7135 257739
8923 5219 521923
1379 240 1061297
8615 5805 426340
8983 1276 37315
8977 2590 73225
2397 9917 240250
5100 5085 435991
7821 5890 71218
1791 1239 138207
216 849 173435
2961 9963 833547
1975 4849 1077858
6442 4598 51872
4673 1437 538856
5332 9812 298411
1146 9969 132519
8236 8439 32418
297 1609 18566
622 6649 46661
8825 9839 1431107
6720 958 85495
6827 7219 46617
2754 8518 142147
4049 5158 16229
4670 9007 344453
8477 9516 295759
3031 5113 578836
7135 4434 881094
297 6578 212571
9413 5414 1228
4375 2540 87634
7676 3671 1781011
9679 1577 284276
2240 7335 836402
105 9914 495827
2418 5880 472752
2350 9214 185802
8928 2001 614516
7822 3003 245453
2225 1079 435450
4537 3630 101732
2628 3932 39272
7963 6243 555918
7156 8265 644969
5363 6843 606828
7517 7611 952660
585 2814 1334664
7955 2930 472312
5243 720 83641
7976 4037 236167
8919 1542 220019
5088 3168 53086
5192 1903 248343
9985 1295 294410
5604 4258 279118
3678 5909 11190
7370 8355 304388
2076 4999 65062
287 5909 218928
1509 2922 231075
8111 5393 399533
4685 8716 1392320
6389 442 787035
5442 8954 36662
7453 9761 1335
7601 4689 392814
9785 9900 160578
3798 7132 26431
5669 6052 635221
975 2142 11974
9053 9780 42962
2247 2548 223556
2884 5213 256601
8281 5316 64013
922 4740 324077
2147 5153 1027543
7870 673 145912
5059 2874 84605
7974 9302 998173
4238 6046 195069
3062 6845 1195421
5160 2344 964663
966 9283 131860
2796 8647 11091
6093 4140 112568
5093 4187 449303
6145 1582 229179
5757 2593 682794
9051 7878 230854
2172 9430 192591
5443 1154 565836
8394 1389 315778
8579 1160 295051
3921 6621 371744
6530 3131 1088900
4830 9260 278899
1032 3812 308963
60 6570 39150
6873 4159 383006
9880 2636 302129
9694 8953 531125
2830 8930 345990
212 2306 87524
4926 8199 562875
2550 665 465271
2300 8822 188674
8997 6116 365264
4015 1622 1765547
8538 6720 670336
709 2391 618636
8955 656 189479
5175 7282 130465
7856 536 733816
6654 3277 1582602
2039 9982 989992
2108 546 225618
3661 6608 1055668
8939 8177 81089
133 8518 1039437
7892 2631 424205
541 3717 362656
6544 9839 50476
9951 4171 1237
6753 385 498368
1702 2413 620905
2977 7366 849766
6811 4175 282594
3833 630 264346
9246 9983 140918
3960 3703 287121
7213 635 749747
1255 9589 236392
9786 6270 373567
2840 4710 167365
3775 28 20049
9364 4062 66184
8526 1518 293521
8010 3791 449258
7513 75 290794
3835 6959 94941
2840 9328 1925284
3822 7445 373870
3767 6473 54030
6102 9523 445542
831 2235 53189
8159 8316 1167714
6686 9520 308199
5779 8260 477889
2856 6244 541457
278 8518 679292
6888 6901 13608
6158 4124 746770
2352 6070 299385
2887 8297 942516
5076 2543 119360
4354 3837 1163047
8242 5057 288133
8628 2530 229614
40 1080 32136
18 6136 27019
4028 1955 300746
3216 1850 116371
4878 7300 124499
5155 3002 89759
9893 4089 244836
6866 1229 231534
7712 5950 8722
3763 9160 1355427
