170
8190 2677 982912
6952 8094 233109
8385 9197 4901
779 6009 1313069
272 9633 1030488
6816 7988 361782
9809 1856 228876
7065 2361 209133
4904 1063 331402
1419 8235 683733
7228 8632 698089
6117 7316 1016733
45 3226 419569
4079 1398 195764
2316 4060 357111
6430 3760 287397
5013 7584 2022683
3874 780 1930107
3606 7432 641536
628 3575 145047
1484 7965 416085
2188 9416 278877
9554 5555 276439
4743 2901 171401
7564 2194 289340
939 5833 168754
6340 9118 680873
3519 6357 410741
7919 6498 513804
3707 8564 5771720
9943 7430 83246
6598 2558 255288
4446 4704 628774
3847 7799 12740
3866 7525 315569
6867 4369 164519
6845 1493 267619
1707 4208 125023
6737 305 367364
3738 9934 418732
1264 7302 318721
403 5965 1756058
685 7655 807126
561 3295 1770747
2554 9047 208035
434 6388 192179
5551 7584 608022
8265 565 61010
396 9196 234681
3456 5463 660434
4586 2379 104393
2476 2705 453604
3147 2123 1147846
1512 8476 810423
1676 3783 696389
3044 2333 988842
3785 2547 622133
9652 5940 290527
9911 7842 500192
5042 8910 682820
7300 8437 82490
231 2334 157082
7430 354 204149
7209 6233 530131
6568 188 138559
4390 8305 2606694
841 3536 147
4666 5923 362292
6198 3400 800540
8590 4831 50081
6522 4056 725773
9256 3325 308861
9391 8239 824573
1178 1458 1054833
4344 1677 126289
2224 8523 318452
6183 8456 277919
3562 317 1792970
6687 9875 1584318
24 4559 474225
8700 7643 262394
2606 3286 1667767
2960 4746 491058
8252 4649 229414
6207 7360 522683
3367 6966 634430
2998 5300 1572803
1424 962 291402
9499 7901 504346
7137 8195 149713
6400 1296 327858
8401 8571 194853
2819 3282 181878
6814 1282 518217
2412 5606 19317
3484 6727 1052463
6106 483 763845
9046 1740 461000
9538 9810 729770
6474 2818 147802
4222 9203 67566
6329 3075 2383447
6484 4066 719799
6489 285 757488
753 4887 220634
497 5418 186205
3070 9294 558148
362 1072 20695
7181 5810 288866
2970 5370 241717
1131 182 184354
578 9110 52263
7600 8009 156494
2767 5256 241873
442 3279 1610421
6906 2136 8559
796 588 2558326
9426 9881 108240
2675 8486 173189
483 7621 1234193
6964 9513 460257
273 9533 565062
1648 1555 142622
2194 4591 33726
2682 4728 43036
1860 8794 545475
6050 6647 245938
9858 502 713417
3116 8933 586990
3561 3185 2037634
2050 3124 107057
9836 3211 692374
4100 6902 2703
3891 3803 489008
5028 8802 26658
8750 1418 1964989
2771 738 280325
9635 8455 1119086
647 3772 116641
3448 8001 413658
2038 5441 1368099
3694 4662 848859
891 868 30167
9036 8239 125649
9614 7908 1292345
3155 1598 332063
3813 6295 495936
2677 1540 1113737
1777 9401 265638
930 3094 364923
8954 7912 787349
1360 8091 738479
2040 1162 874424
1603 5624 1231051
5283 4401 248550
4981 1649 93723
9301 6450 1401531
5302 123 548993
2614 7700 444656
9566 8348 396758
5040 8817 80310
8563 1392 138058
4244 2390 720703
8210 6835 1244764
3923 9777 366816
9584 3176 4410
9378 8491 318669
5197 9037 43864
2760 4376 577320
7399 9215 375101
