170
7963 2214 1111436
1537 179 347747
1611 3108 152634
8466 5283 1456412
4903 3505 38431
8233 9029 872617
8430 9368 106485
9962 3672 1063389
5433 9894 20487
5604 4468 747462
8096 122 76757
689 9456 748280
5751 8478 384730
2165 4952 259533
2018 383 197549
6374 5138 1310773
5175 780 559430
4876 1254 821296
2975 6843 23551
3184 3986 1172167
5211 7224 123885
5189 5573 701618
9380 4079 57723
1976 747 58845
5043 4323 813064
1720 3451 1859324
534 7320 197188
3340 4123 189237
9712 4191 89813
1225 9460 630711
4339 8459 33183
4348 7672 1583396
6922 5117 963616
8537 9804 515520
244 672 229254
7631 3435 112696
1644 8204 1179618
5859 8341 1483661
4004 5759 292683
5570 4676 134496
1108 3121 156006
2831 8032 372962
3644 7172 143070
4455 1838 306902
6182 3497 421498
5436 1045 1710865
6004 2145 2390961
4041 6756 480615
7296 5387 872475
1449 5720 95025
6676 4015 178647
7640 6087 230701
1867 4554 533505
4161 9563 45706
5214 7021 697445
1906 2886 1214750
250 1441 713187
1967 2509 37117
8036 3919 424191
281 9019 46694
5904 1781 223868
3123 7230 458992
1121 2391 892721
4671 3589 17427
125 614 1258158
9728 7570 476735
426 8398 150695
8387 9066 372658
7198 6045 182891
2176 8410 535495
494 1787 220722
5262 4260 906851
7008 1595 557035
8709 3402 251377
3419 1561 626373
6082 1350 840908
1187 6563 371205
4806 3033 245070
9082 6093 497641
6676 9260 57821
7611 6539 989756
7301 1196 1122108
4232 6251 494924
1233 4773 505693
2656 60 821835
7789 644 1721302
4681 1012 462122
1831 2793 761418
4268 767 2020377
2159 9424 176086
3276 5277 221102
9005 9375 21441
9747 1202 2034417
7425 5734 504546
2861 7807 503367
7251 4199 1327883
5358 3359 142360
961 6251 1210990
247 4871 22932
276 5895 124016
3384 7243 374373
7828 1866 1097621
3569 4486 174882
5574 6540 1162172
5130 8922 1420560
2086 4355 394050
5013 3808 293401
3837 2341 65985
9955 7258 504369
9609 6166 326910
1509 4072 105341
857 4709 579989
9784 5305 1015877
510 7426 1505847
4857 566 585319
8617 2616 224137
9155 8506 467118
3213 9312 214985
8420 6695 164982
7444 992 59154
7569 6391 57757
5874 6604 279093
9505 6988 280909
5633 4268 1396746
9900 9858 59192
6633 3447 1196927
221 7898 63859
3382 7231 1459695
1025 489 469429
1594 4320 242026
5637 6135 105055
6814 3539 129747
5350 243 676770
569 4050 1783935
8935 8876 427988
8329 4849 215572
4819 3146 1038626
1627 9982 419494
7991 7732 111115
6191 8028 309767
8404 8667 634573
9446 8553 332272
8744 1215 48552
2362 9006 1719628
5983 1988 64284
2403 148 51876
4103 8038 689365
4765 7390 220131
9328 7514 78257
265 322 1326798
2284 6183 469852
3594 7100 181727
34 7927 729121
1460 2740 425993
5712 7876 561438
1333 1063 1033143
6236 1414 1301205
4586 3330 1106491
8522 1654 156017
4028 2092 2512796
1780 6796 174205
9569 3862 1140079
4747 1219 1107312
9705 2018 684819
911 6400 271395
5985 768 803518
6145 6964 521081
6819 7319 280723
3573 6748 590362
1078 5607 1195876
