97
7091 3166 921256
1697 3134 17717
4685 64 640092
4586 6537 91589
5783 4651 3131613
6640 3896 616529
9255 6264 913438
4403 5673 11130
980 5182 811404
4478 1099 50254
9119 1245 2553599
2532 6902 938949
9571 727 1093082
4281 792 1312372
9156 8554 5916876
8174 3403 669197
2247 2783 399618
3246 7537 1148170
6687 8039 264479
5907 7534 393093
7497 8922 380151
548 8626 1688371
3606 1840 298131
6652 7124 1862153
2311 4223 664952
3151 1041 2836672
386 7423 1766752
5701 2643 314855
6008 325 686035
3268 4485 779424
1253 8817 1512313
304 8589 2005898
5434 8904 1510039
9431 9684 1037991
7224 5502 695103
1602 1538 592655
6299 1951 1134127
7904 2575 98244
6636 718 18433
1383 5795 491773
1160 4096 387477
1482 366 763589
8492 8852 98772
3787 3024 362660
4941 5787 2398932
794 9439 460817
1819 4104 2160449
9129 3638 176607
7872 4708 28391
9811 6764 531351
9229 606 767969
7065 7247 1624820
5826 6951 1747252
7362 6580 982315
9936 5246 845215
5882 5245 2401840
1256 1333 1770008
5439 7910 869767
6327 1818 631540
2237 9503 44741
8202 2877 2649355
7659 3395 587005
4396 1502 1627614
3566 8843 188526
3214 9112 3859893
9240 8863 3242473
2643 7521 1797306
4118 9232 1554699
8960 2115 591490
4201 3738 2457024
2901 5079 276523
4236 5094 1670654
1537 4950 99599
2613 2648 2279486
1451 8133 542900
7060 8480 244697
8625 2700 780885
9845 2302 909386
2551 3288 333791
523 1854 393799
6931 4624 1404245
6329 4799 327750
3382 3906 141525
1148 3473 985901
8848 3164 1310587
2499 6428 869824
6048 3107 630485
9625 818 1338464
4066 402 472218
7863 3208 2153696
2015 4781 223246
2758 9164 35441
7400 7712 105365
5366 3647 733281
7724 2968 578726
3804 6999 1047509
8279 9387 231591
