97
8000 895 548497
8851 1005 600542
34 8101 1521788
2785 1278 1689952
5255 3124 23068
7501 541 886769
5707 5349 201675
3705 8090 1070198
7286 4277 264816
2863 1776 697498
1732 9944 898497
33 4428 311699
7610 2985 1851809
5968 3774 166704
9165 2655 233055
7514 3545 1436634
6683 8290 155952
7056 8681 26039
3146 127 831041
6228 6010 1450681
980 1174 3720016
2449 4959 637147
6846 1929 2623007
5789 4635 154982
4046 4635 1444486
1952 900 236024
8535 3245 7845
4952 1620 3536005
7205 920 1869602
6179 269 240480
2635 6445 119464
3870 8768 486701
570 1308 190408
3982 2616 2339175
5006 7816 1416333
9213 1686 3086284
6584 4555 222723
1198 66 5825114
5319 1235 47833
7726 8459 276232
9850 3992 870724
903 9518 1213793
5575 5572 253439
5090 624 86083
5287 5997 1712705
7372 6734 2988531
5365 8190 21292
3880 5287 837017
5212 2670 4907950
493 1595 108320
1532 5419 1833429
2654 4608 588304
5776 4525 763512
4131 4692 483014
4099 4389 971214
6866 5873 284000
3007 3174 2837092
2596 6033 459018
9738 3392 574612
1816 230 1081197
6990 82 67002
3863 107 990580
640 8817 338257
2775 8759 2637617
2074 985 62799
5843 4314 599988
5337 5317 1199176
8948 5057 1767134
3080 3817 1374240
8713 6811 2814044
7767 6346 662575
9662 4293 804777
5334 9141 54339
2580 2128 1151656
6047 7713 537290
5936 1409 299920
1381 8512 1493115
9471 6616 54017
2810 8101 608092
3673 7151 1428834
407 8369 145164
606 109 19169
6857 6654 1925004
4651 1028 1457647
4782 6185 1251611
7615 9296 498424
154 2898 209558
1310 9975 538911
8662 208 1673172
542 501 1643125
7039 9765 397293
856 8605 747971
2325 3292 987895
287 940 598173
9064 1495 922262
1606 8215 609349
9135 6433 1207799
