97
1833 6681 2150928
5582 5433 1720281
8481 1675 185298
695 8608 62006
1706 7867 1108528
2967 9844 417484
6909 3374 1064179
1768 3658 2158309
5129 5043 568703
813 7239 667730
5857 7652 1649864
3669 9851 1074181
4283 7513 2851341
870 3761 924931
447 4732 728878
7358 8125 1115152
652 6115 1808761
1222 8922 571728
1063 272 1602617
2191 5074 1845044
8103 9140 320556
2995 3338 294842
5030 4971 1019361
9599 2570 897703
695 4592 566355
7249 798 145
3991 2502 1037917
3955 3643 861650
7147 7474 80431
1719 5829 2034964
3576 4067 286789
7964 6046 154497
7139 2241 1844937
1694 7960 824285
3710 5342 150148
9038 8640 622087
3756 1397 1209410
5271 6279 338983
5295 4477 465320
4807 5097 3405700
2481 5296 67175
6721 5765 1399345
619 2192 1263660
3461 3345 845692
7643 3583 87428
3823 173 248125
2471 9830 213588
9896 521 8582
6601 8448 328698
3823 9410 108130
868 946 212915
7796 2445 243072
2994 7365 1308977
6574 3103 1869475
3612 6208 2230940
4810 4745 791510
2828 8708 815764
7122 7696 208321
1619 9357 330953
6494 252 1228638
5489 8475 616329
382 7689 787985
7597 4946 118357
9024 9719 446935
9295 3058 815707
62 9373 1002646
3625 2340 710409
641 9187 243643
5073 7668 2013807
3849 8862 4039527
5188 9581 323361
1410 339 734195
3920 2473 528488
4857 7888 16463
9920 5924 1633114
5193 635 589938
5318 2319 354118
2372 8343 800082
1921 8813 850578
9203 532 1834737
674 83 825927
8402 57 2468185
1395 734 46706
9039 1602 2103890
5150 8058 2815141
9026 748 3629807
9275 5827 251031
317 5287 608206
1693 2588 1876255
9937 443 4847434
4875 4034 839070
6342 4202 212812
8889 1547 2221097
4226 7199 702161
7184 7810 2209286
9997 6672 694475
1062 7 685087
