97
2590 6304 922028
2770 3901 414549
1929 2367 183747
2243 869 477013
9956 1443 2500299
80 6122 607836
6997 1976 252446
5810 5884 189110
9512 2636 375029
9759 5619 165279
9639 7026 154665
1047 2440 211338
4147 4205 1879952
76 4884 190139
7804 445 4552804
2004 8754 378608
9834 5666 1906454
86 518 564891
9771 4645 1024422
6732 7607 803980
1767 274 1255434
233 4605 397093
767 1560 810805
6734 2230 575597
8639 7317 893934
1097 2537 1198229
8734 7357 659978
4307 2356 971793
2786 5718 12266
8731 8090 1278934
9744 4567 398878
1515 9758 3607294
1818 9718 1592756
8715 4603 3120701
9206 1729 1387864
9404 1636 589787
6588 147 63153
7649 4843 637673
9446 9989 1228593
6848 2388 1610461
7895 7306 490456
1049 3939 2236522
5681 1027 1295970
8941 6840 103316
6316 5502 648231
5531 3646 45738
8280 2376 1898748
6465 3386 2361654
5586 1911 1358412
3568 5992 459909
7287 7759 629652
915 1594 693575
344 6147 1923968
4240 1157 508167
1572 4278 111406
9213 6495 840862
9181 1683 399035
8079 6285 4131476
3843 1741 2458960
2098 6481 29118
9209 3506 273015
1975 3462 735437
900 3102 565331
5677 3466 23456
2877 2040 1563456
4689 6515 1742261
334 9384 64525
3401 5772 201163
9413 1658 882736
7117 2996 356650
8246 234 2829628
8833 8223 497465
2398 1854 58358
1711 7834 502470
8498 7461 39472
4733 5434 651045
8164 2969 1831113
9675 6194 446294
1435 8147 1033496
2588 3061 275106
5942 1643 363807
9468 4301 458431
6242 2135 2162810
9739 3363 1671253
6595 6867 873537
2397 327 2639795
7258 6220 271842
9651 1159 437118
4307 1949 1864152
617 6074 1018247
7384 3312 1562600
8234 8221 475984
7172 5441 5318050
5516 6266 1823086
8716 5310 545383
6953 6413 896059
4051 6880 374382
