97
9586 4548 1149246
639 2338 458602
884 9146 305320
1177 3410 579364
2474 8819 29577
7696 7766 2135070
3842 5322 830428
2411 5993 1706400
2157 9391 339363
717 1800 444451
9484 768 494493
3837 2195 918751
6708 9494 333715
9955 5724 517236
8275 6899 3123630
6236 1572 1103454
1254 8690 636696
13 3811 652893
1272 8258 1028233
2817 7354 7439
9420 7732 1082303
2604 1221 620111
5373 1072 413158
7411 7923 4250266
2861 9803 413695
3028 907 996680
1569 7561 998853
3003 4954 607262
3877 5037 5020660
8367 3907 1021149
7059 7984 676617
5580 6852 668085
6918 9043 1622653
7601 2274 1862671
7693 7058 1536502
5747 3742 1100420
9116 348 232159
1893 834 1195734
3257 3210 1760533
8345 7638 120516
6710 1305 127888
3545 3099 538380
9365 5848 1292798
7561 819 2123176
168 1514 192016
5203 7515 980168
4329 771 11478
5693 7942 184609
7172 6941 651392
1808 6528 11902
266 3210 1624848
8589 8413 542413
9147 3175 1930733
9736 8461 563084
4870 7847 14938
1244 3610 710067
6013 6635 161743
9819 9409 1491262
217 9098 533244
9399 7926 1255512
174 4008 864514
9914 9853 1091843
4419 5907 276139
6652 7814 1173581
6299 4791 2775282
7370 4759 1434960
3115 2237 872297
6232 3435 2251037
6755 7809 672844
8038 6774 843087
8134 6262 7407917
1436 5160 186784
572 8817 1452770
7232 2618 752860
6539 7082 173558
9835 1775 300553
6546 181 769935
8969 1381 1284102
4169 1775 398551
1120 6496 402162
7297 6866 14847
3810 8768 1320995
379 6659 2370454
4099 3476 409150
747 441 382943
5903 5358 208131
1215 6227 2241978
4133 9184 2471764
5588 1252 183682
4101 3167 777390
8833 1538 363295
1627 8966 976305
7650 6547 905270
2030 9493 764708
89 8798 661587
2961 2474 2058257
2285 3671 568429
