97
2693 5045 391077
6636 3910 845302
8719 2883 2230799
2425 8683 444678
102 5918 116416
9098 9388 278306
9517 1693 673600
7901 5761 934264
2624 7686 560955
7333 5190 2620433
5724 948 844935
8345 8055 1315382
8228 3254 2239845
9914 6178 243161
1670 3520 192194
2426 4693 78607
3007 5443 797798
1215 9052 1419381
9271 7927 535976
1540 5535 1346925
4830 9348 96530
5938 7163 197749
2560 4253 429510
7790 3738 140258
5023 351 231199
8628 5697 649057
4960 4344 115710
7228 180 215716
3320 7649 120536
9272 5512 21913
8326 7591 91404
7022 2089 1381721
3561 5980 276391
7473 6758 1557923
17 4081 745110
8347 538 133404
2041 515 1487933
5893 261 2652811
5619 9941 3335421
1031 4690 653595
6899 8069 520951
2474 3805 2541262
9218 9875 1547684
6134 2906 1101344
4947 3270 210448
8209 1603 1710678
9598 2000 7371
5964 2277 1236478
4296 3206 420837
8956 9438 1282090
4870 1528 4110733
6603 654 1123141
8761 6804 186296
9398 5447 446683
6189 4562 149401
5034 1271 1437094
9264 1566 1709786
9419 9832 710637
6455 6226 411858
8410 9379 2695120
8373 5894 706734
6432 8886 889960
980 45 36941
8772 2150 1020314
2182 1553 2870909
9542 8512 1061164
1136 6970 2164033
7090 2888 111962
5631 505 19301
6615 3797 4935400
283 6041 1780106
4556 9821 972457
9827 920 1043031
7235 5854 162316
3361 5759 895399
6830 59 2709926
6307 1236 131015
8512 7318 972369
320 5026 1703
6233 5263 950265
461 7825 563934
6324 6922 1505229
4599 3775 1087919
535 6155 1145797
2910 2403 899703
7312 9026 518134
9638 405 2326072
9672 937 2182574
2853 2666 139194
1351 2750 1074620
7689 9555 1951805
2630 9339 700162
7955 8272 1300616
4285 3848 2150022
5100 9712 82132
3834 5755 564767
2488 7420 2168198
