202
3774 3036 299167
4149 3550 94898
7462 5772 469968
2101 4399 1023368
411 6429 340958
6784 6751 222528
7982 2757 739628
3447 1252 513298
8604 9728 1119685
4515 4931 455873
4610 8646 464893
1930 1642 1707211
1459 1902 674173
3188 9480 360557
9127 3218 338029
6976 1002 383914
6426 9055 2041
5385 4121 200378
4245 9981 1214650
4450 4153 70654
7450 6406 243966
6529 9493 1535020
8475 5959 235894
2874 5393 39846
4806 8871 252930
7264 7861 1023398
407 7871 1022638
6722 431 2439199
434 4085 71331
9431 834 1105603
4514 1498 2624067
6400 2152 489098
5725 6820 30700
8366 7291 447446
7991 625 874092
9294 4122 82192
1089 7403 284904
1066 3649 493807
7776 8096 121161
1216 6278 641786
6 6901 175897
564 2517 179842
2503 401 93210
1383 1157 1065509
1622 2963 213290
11 6823 10544
6629 64 283784
6347 3148 174547
3385 7277 1202676
4668 5086 856421
673 3073 513250
6033 2721 457738
1191 3212 130003
9304 5726 35921
2366 5001 87429
786 2335 186419
2543 417 248120
6682 7915 147778
1499 2394 414159
5528 9447 1035386
9979 5731 54729
9377 4466 413521
6255 6171 754429
3664 9866 182207
1404 4782 1165017
761 3475 114048
2513 1770 1957925
5674 4017 380921
7272 4828 124361
1503 1047 508003
5565 9358 293896
7038 1761 506387
6654 6549 3453037
7538 9653 62766
6231 2744 858743
4853 9170 151475
7497 3900 640199
3602 8010 390249
4956 1541 46526
723 5605 819724
4823 4136 180034
3341 2712 252967
5323 4800 219553
7135 414 613354
258 6484 342105
7383 6398 422112
8956 276 37820
6356 8599 78126
7091 8316 141928
5273 9445 3297979
2292 2342 264673
9871 2087 181852
6837 5916 1344687
6503 5937 357650
2554 8861 14833
9926 3267 55954
6507 4150 444959
6713 5151 4116
1988 6620 287220
1337 8016 10054
820 7600 2296337
9892 8032 69727
8513 2949 48115
3841 6160 318671
1959 1644 396127
8454 5019 181594
1201 3876 62209
6869 3294 322151
9611 1726 263196
57 3764 760029
801 1009 354711
2742 8372 285825
8757 1912 355007
7447 3890 1095455
8501 9516 185276
5971 7736 424537
2666 5679 60149
1897 1854 192982
9660 6172 354603
4530 1551 282623
6513 9809 554988
4054 9132 3016
8602 201 1874479
483 3462 126710
504 9525 190063
1431 5688 146734
6816 714 515933
4779 1041 252672
4797 4663 279323
1845 9061 1922
6183 6830 203838
5267 8094 258894
4253 8025 21118
5194 6848 1170018
9977 9440 500751
4830 144 291558
8490 1928 246169
6920 4593 1584406
3721 2477 636819
1721 6706 418068
7653 9882 182903
1308 5078 699602
8655 8638 845785
2395 1842 941429
8661 7223 443476
786 5479 144169
4994 2703 619
256 6464 874141
6155 8071 119761
6918 7430 1026551
9983 2252 684522
7821 157 501004
7367 9478 159593
8008 76 954151
2488 3719 1202319
2124 5575 374248
4211 2538 420282
8884 9854 378415
894 2650 344482
162 4282 26040
5127 4319 1565639
8029 5457 192404
6242 6457 2228621
1030 6560 1113421
4208 5857 71108
5443 3032 578022
4564 8415 630473
3269 3738 204959
8474 8503 39668
7019 74 255049
2565 2958 23381
6123 9252 1067575
7469 8175 224631
5045 3843 58114
2448 3802 45818
3087 3027 608353
3105 675 268084
7527 8170 496167
2888 5161 90362
7545 6310 122317
9183 8388 375380
7741 5537 545451
4706 4684 37555
6079 2100 212435
9642 5296 319176
8284 4852 452469
900 2617 1552226
4304 7578 328837
6151 5560 494181
604 5278 478020
7970 6276 124612
2852 4405 50273
4464 5690 574933
9885 2668 4958
532 9539 48342
9511 1958 774357
4802 8336 527955
3475 7317 697534
9041 2076 51904
8656 1751 403565
8885 2240 113775
8481 304 340590
