202
2382 3084 33753
2054 8716 318043
6414 7947 147314
8678 4374 801250
5778 5779 116743
7736 2960 428074
100 86 471802
8678 9646 387815
9994 9956 502533
5460 4423 383917
3382 8300 306189
1987 4947 435930
9857 905 216097
1565 6615 193390
2672 1725 159205
8269 2736 617774
8362 9536 20110
2878 232 761805
3429 3963 1199279
891 6215 861137
7802 5240 197998
1862 6421 94462
1363 5924 323042
5105 2734 643790
3470 4363 68201
9635 685 509985
6929 6353 657316
2235 3085 274239
1516 5859 553033
2762 3935 22161
6256 3716 234240
7053 2187 176883
5978 1857 588071
3649 4674 1911371
7356 5048 112044
4708 595 313425
4660 8675 781544
4083 5098 663260
997 3859 702145
7364 3854 530226
8520 1551 913132
8013 9406 1943533
9279 7237 185153
4747 4224 248157
7721 5959 170773
4588 4979 349861
3538 7105 75348
3355 8065 54121
4862 2934 62510
524 8589 79423
9602 9177 999346
9894 1999 295256
7475 1617 346342
7922 1708 659924
9075 4780 254037
410 4609 671232
6451 3794 452287
1333 5748 113783
5482 3231 721600
7637 3998 638210
4862 8506 260575
8484 5418 394646
5115 479 1438799
4040 4635 196702
9303 1625 151112
6984 7290 250988
5279 1112 155478
6552 828 217773
3162 4601 353534
9571 6032 727063
2066 1386 490327
7402 2549 163828
7864 2734 108134
1753 7144 261233
1618 7988 1352577
6588 4405 1212939
4637 9718 721628
9884 1043 137163
1032 6842 70704
1329 8997 166908
6153 4292 119260
1886 8336 80550
4074 4512 135816
9214 6791 199362
6019 183 1092691
6945 895 88298
6384 6922 159674
983 1417 658608
3900 5126 16391
1217 5809 52513
1345 93 245200
5991 9371 129347
7655 5135 483356
2635 1909 1675737
604 1674 64313
20 150 1235881
6950 6967 63674
1848 243 117709
3755 2246 385667
8409 3738 38782
6644 8311 481635
801 6090 625003
3488 1936 1007943
2704 5729 76528
1444 9122 941446
2150 6812 269457
7656 7234 643183
594 4611 6411
9331 7652 451940
4726 6467 502947
2822 1460 186572
8055 1401 772766
4228 9209 1261355
6593 8030 344116
7776 4707 96651
826 6052 206162
1730 2983 381168
7738 9619 503147
9216 5963 132314
5672 9697 176858
5445 2782 794055
5523 9334 785636
6087 1039 819069
5910 4085 1236456
3171 303 465502
4377 6565 1075187
736 5237 391818
8678 7877 451944
367 6749 1637665
9332 4065 177958
2935 2318 643765
8123 6739 357777
3700 3382 735165
6107 5130 73524
7671 9678 122968
7911 5069 697304
1474 4301 2746755
9842 3789 265372
4455 9573 12100
8101 5624 347336
7973 3407 683362
9784 9093 495754
1620 2302 2096989
8455 2713 1813550
6176 8444 464377
2803 3432 175481
1904 5579 126720
9067 5870 176725
3051 3195 3015539
8326 4841 75903
9686 6009 1273114
7626 1866 121862
3818 2668 308592
222 5727 1971574
9762 3214 71103
4809 4562 1235527
6167 8439 211801
5959 3765 1387258
4757 5199 369716
1361 9411 537853
1932 2473 296405
8358 2922 169558
3669 293 399805
1224 6897 680547
6697 9218 380259
2088 6978 300126
8046 6635 496362
2781 901 185890
1455 8005 138680
5338 7697 896504
1306 4224 275566
4343 8741 563556
6486 137 424735
7200 8160 1974956
2757 3236 1033665
2339 5438 621060
8453 4903 748769
8557 7143 147140
705 5036 62224
4211 4860 37193
1929 252 345355
1335 600 128629
4219 3846 89485
7332 2439 766362
7579 3212 134637
7113 1977 1323925
7376 5944 492617
4899 8981 20739
5171 6745 185857
6196 1312 439528
9224 4746 57194
7851 2903 691528
197 5981 72004
2618 7917 1481928
1074 1123 65204
5407 600 34784
3322 6751 61098
2664 3388 267534
8179 451 310403
1100 3581 566996
4642 5825 244213
7880 6878 40658
