202
6427 8325 486856
2714 7277 118642
3437 360 417135
7879 2516 112104
2224 9672 750800
1307 9132 316136
3859 464 193472
8537 2124 72626
7643 4074 1625887
1830 4652 48947
3610 6418 364319
5734 1282 322697
9818 9728 1846614
5323 6563 95633
8998 6475 757088
2446 7683 973124
7272 4244 370498
5145 6324 138866
5596 6711 302164
1984 4125 18413
4420 4457 96048
1051 6575 141894
4207 8479 8741
4952 6672 681221
3565 1607 302119
8619 3362 177295
5847 3363 849869
5455 2397 353825
2434 3183 23620
8926 6038 470386
2116 1482 149607
3476 9716 529911
1347 5807 813318
4004 3937 46628
6244 3972 127597
8628 351 265102
5708 5150 319891
663 8576 48611
1042 2667 493732
7547 8805 260750
1791 8934 48262
9879 6638 762442
502 4154 1489351
62 624 123325
734 8362 892665
587 1682 390295
933 9475 2940
1992 6187 807388
2441 8195 310066
8100 4598 757129
9912 9915 1334952
5318 9598 295791
7605 8395 236398
1580 9235 163501
8623 1754 335215
3080 1984 100937
5304 7141 852008
6059 4543 77118
5346 8104 288196
1252 386 17524
9425 1728 110168
6203 3551 587014
6503 3657 404043
3075 5326 1042922
4723 1137 705731
4018 4134 939592
98 3280 558165
8646 8428 183210
5167 7100 480452
3640 8339 15229
1726 6893 682404
8283 5880 948267
6318 6568 236056
2941 8951 1182463
9071 8719 480445
1416 253 97766
1738 8843 53004
9992 8270 464649
7071 3484 85514
1395 2051 535390
171 5406 598586
6567 3453 44419
8592 9359 156978
6136 9918 65575
2401 5096 50709
7515 5893 309947
6239 5551 831309
6024 8661 84920
9031 9920 1068740
6069 3088 364734
8452 827 1451249
2325 9140 133954
8903 4193 111379
3205 6101 1774
283 5953 342048
5566 3498 311057
1019 1947 571838
4448 5674 162220
7848 6867 860394
2244 1622 634039
1571 7255 34765
9277 2943 127676
2132 5506 456215
4826 1983 95407
4197 7819 933641
9784 9786 35755
36 288 190861
867 5589 233215
913 6577 459698
4236 3403 857276
331 5912 63587
5973 8542 187362
7982 1143 5155
4169 6305 338068
7560 7773 867634
9714 9211 237669
3400 5528 52861
3466 1181 522780
5680 9010 201337
4327 9168 217608
5844 8395 2865
166 9566 51154
3101 2546 919196
7313 9489 546581
2395 9925 1414581
9149 6416 344785
304 8422 989564
5916 779 2205679
5634 3601 157003
8100 9911 23717
7017 3940 701062
1267 5653 652499
7044 7402 298281
7021 3438 122146
3649 1180 1685025
6821 6195 638434
3323 6208 795578
5377 8245 696240
7108 2131 759853
7345 4206 1968677
3151 9997 160972
5616 2098 761337
252 7154 1308971
3276 3846 111604
5444 7117 1769477
9057 5836 761920
8405 4830 7506
8603 3079 153721
377 3724 179929
7619 6474 688233
9773 8714 572894
3664 6043 707863
656 9632 57404
9154 9612 614150
4556 7716 1337478
2922 7226 1441080
8204 5241 508144
8560 5745 112988
6682 2732 211709
5430 1957 32596
4488 5420 198944
4048 3118 832614
2059 8049 179655
593 863 74271
3496 6377 259867
1806 4390 50720
419 2722 228233
7869 5004 860779
7074 524 991608
8442 9531 124403
5469 3420 322322
9887 9759 193217
7740 7207 600049
2377 6482 111980
6665 7364 963105
637 1630 413089
1310 8809 126604
3617 150 280551
6450 214 170870
810 3340 1839429
3872 2386 22967
7331 2126 61662
1916 2651 893774
7521 6143 60266
998 9210 249566
9614 5659 2461214
4647 2102 1865941
7419 8502 228546
50 2201 1092597
218 1289 613885
9048 9939 141683
1642 2363 1138915
5419 1409 483702
3288 5642 552731
1622 354 97984
7933 4082 168090
605 4932 3593735
5832 3682 803880
2166 1240 10836
6772 9246 47798
4147 921 1201935
8079 2404 68475
