220
5518 8574 501966
9207 9923 1159598
5183 9443 1114068
3726 6985 411678
3884 4149 100634
9355 7570 1203166
7653 6640 180893
8413 6152 16442
6369 4573 236516
9218 113 458988
9257 4358 307585
1376 4643 303004
4211 6662 1049417
7650 3427 250046
4475 1139 58421
7547 759 734421
996 59 38877
2672 9584 225738
1879 8723 725368
5728 9201 81377
841 3842 360822
278 1247 225187
3668 9683 92831
3044 3472 354778
518 3603 1359582
93 7595 72093
5142 1115 369835
4433 8102 303449
7137 9063 10984
3331 6623 39452
9102 33 431587
3037 3093 265772
374 8468 641636
8458 2882 74056
7966 2810 127298
9282 6760 252474
5814 4878 512063
5080 6785 104575
2857 7168 145165
4467 1795 429773
1850 2572 359598
8988 8364 444325
1353 4898 496396
8678 317 958765
3566 8738 59319
1514 9184 1543614
812 9226 598791
235 5801 24185
2592 2655 180726
2584 4396 149847
9962 4597 247378
7545 8373 140528
1710 8940 659665
8704 6481 166087
1062 6587 94664
6838 7026 206961
8268 6837 1318362
106 7129 345297
276 1027 121051
1284 6802 295369
668 1700 342188
6052 2649 127449
2656 2670 517447
5337 3252 146367
620 9662 807735
856 3549 3442
2083 1027 23299
199 4387 502262
299 8341 160095
6737 4414 155418
3916 7627 274785
5739 7191 675111
6662 3676 493185
1917 771 1051953
6442 5137 575755
5810 2293 26701
1086 6018 973198
7277 9169 171732
3229 4399 180452
4377 4859 1424266
1940 415 475230
686 9185 610703
4432 8495 371862
4128 5058 333077
8085 3013 57602
3477 3238 691679
276 4523 574034
7868 5239 789907
7007 223 126699
5526 5974 28227
6629 1255 753217
9546 2514 737719
4165 3644 1059624
7764 5147 52042
4207 9239 108521
4367 272 720772
3443 7945 84749
2352 1019 1455369
1895 83 504335
512 3985 379001
3429 9760 1656859
6978 1195 41872
6369 5822 59043
3652 5372 400212
2851 9063 620081
8427 6120 1210318
7077 2417 618189
6676 4100 17043
9079 3749 177286
6854 5292 77407
2955 9518 103816
1632 309 1830363
1547 8249 80123
3503 116 1062900
6633 2536 157431
527 6801 643173
5407 4006 389473
4947 9089 944301
1284 3748 572319
3018 4785 2032258
2375 4522 1261537
5745 8172 932546
8592 1111 764045
3093 4136 638005
5310 2965 11641
6779 7752 198722
1957 9872 70331
9476 3843 1299905
7006 7732 770546
3145 731 124423
1234 996 310013
6486 5379 305802
8446 8730 23932
622 6272 261195
5475 9771 1017883
6203 5190 165856
1455 9073 141117
3778 5265 444510
1955 8281 290587
3981 5800 648602
585 5563 746887
2073 5709 153456
5889 4201 207792
1212 9979 1629223
565 4230 818008
4712 2655 13117
6105 6435 775764
4144 4526 834179
6924 946 470032
2002 1953 879404
2414 3942 405338
654 6625 126930
5194 7165 241622
3096 3214 650276
7221 8419 1312023
9056 9606 439928
4793 4041 315784
6510 4714 213169
6934 9558 532629
5960 5655 514934
9505 8701 1210285
3823 234 716412
4447 5241 338981
7351 5183 14053
2908 526 387442
2522 5861 234909
7084 9854 1233495
7302 6095 900101
8284 8434 337352
3401 9254 793254
8958 4620 1321185
6943 8665 312938
373 7063 359054
3910 4070 136112
7031 4566 159036
2520 4849 1101184
609 7272 784007
2662 6426 314794
5642 2139 208187
9742 4260 44170
348 3549 801908
5495 8454 453514
534 2017 28526
942 4195 215672
4884 3654 171733
7321 6910 116050
4149 1276 408229
3125 8317 46548
7397 6537 503171
8290 7217 428734
4498 5147 27476
3944 4522 123604
4711 6210 116005
8038 9228 338457
692 1625 571835
5388 5439 342896
9431 2215 224986
2526 8310 30111
2754 7189 562883
510 7852 372481
8818 5819 556131
1151 6994 4996
7270 1332 1763206
7163 7276 226948
3013 7931 319883
2122 6237 177303
2536 1969 102078
4240 6723 59174
4008 7998 132797
2407 8504 72508
760 6867 606492
7606 8395 142206
8062 675 83649
3290 7114 383920
2415 5931 308653
4180 7037 240506
6271 9822 71438
4214 8689 47215
3473 4810 865833
1607 4859 1097382
