220
9858 7346 567125
357 5209 570882
4544 3748 358943
3169 8174 468774
4947 6176 1106512
2691 1757 503011
2171 9905 179591
1737 5176 345270
8913 5226 276844
5988 2138 856749
4753 3579 501564
1459 1310 270492
8210 6784 404784
1390 172 369741
3089 8368 419561
3338 8352 90327
3335 9455 419001
1223 8859 401515
4523 3500 174868
8263 6200 618130
3006 4894 571905
8484 8286 412654
596 4239 935903
3451 3614 426791
4471 7855 228458
6 9939 393061
9018 6257 302208
212 6218 253881
8608 2838 654107
7028 138 873696
4121 4996 398219
8440 5865 322695
4202 8030 32225
2424 5365 1811259
9570 2836 1463452
5365 2159 159614
5792 6015 125372
9449 9439 1280014
1155 7582 551453
4717 5768 1153859
9093 7759 2019262
139 324 803760
5412 3360 519559
5087 2849 889281
9141 3831 143061
4753 74 526576
1747 1813 616747
4606 3594 1184085
8021 9013 107120
7076 3849 1331508
6766 4604 599334
4363 7944 75801
4948 2122 256318
9573 7670 583554
3158 5303 1014620
1741 8004 4356
6842 3886 176697
8782 2775 231191
2900 8190 218756
894 9674 900715
6464 5346 66182
7500 6202 255733
1609 7742 326959
7878 5905 647267
2582 1372 1087767
7099 7807 95570
8369 1824 88662
7841 4292 999037
1996 1736 658777
5724 1793 5875
4191 2922 1108838
6971 8909 144052
6413 7211 300871
6699 3778 197302
9714 1973 508906
7789 4600 255845
769 9519 427430
6673 8037 59606
88 2763 306594
6970 4143 38863
9684 3443 622013
1058 2884 342138
4386 8650 586507
6837 8902 219311
3147 8131 325075
258 2075 1450406
5619 9034 682498
4200 3963 262115
9056 5763 53223
9763 4893 20251
5882 6406 89873
4117 2932 367776
1402 5283 641637
2067 6790 441735
7372 8170 1045309
208 6855 21923
1326 7220 788680
6651 8945 895633
4637 8967 243553
5477 6273 601086
8379 832 254136
71 9558 128747
1571 8372 164407
6421 8242 407499
8496 9966 245233
4800 4377 11386
3923 8864 214167
2900 8390 131101
4526 5898 403913
6727 9708 158556
1142 5901 501584
9725 4447 849387
5188 7700 149387
930 9064 743522
2046 9309 694219
3148 6768 3927
4378 1784 439226
2902 692 569210
9050 9213 1074725
9811 3632 139048
9152 1561 121825
3844 9604 813244
8718 3707 649518
8524 4057 28044
8747 8486 381841
5276 1830 34633
8472 1993 58139
4689 746 220576
3695 8440 362256
9222 8741 1443621
6536 1468 700555
365 5240 343747
548 9746 77643
4996 5858 34361
6167 5502 112580
5138 2411 122603
2543 8623 87128
1067 8067 308086
64 5513 168729
1020 9035 190363
6540 8023 407625
5987 433 113241
5828 8119 1388150
7481 3691 801392
3164 5707 349969
2473 611 308954
1073 4538 211773
6326 7345 323932
4091 5321 15011
3674 3683 153023
4706 3464 92021
7858 5717 1007997
7588 702 190908
4258 2000 408863
2123 7135 152596
5343 4906 917008
3639 3783 56311
8603 6004 96568
1270 9319 183015
57 5598 141067
9518 8083 122533
1738 4479 950577
7888 2745 1145108
3337 4989 49314
213 694 896801
1717 7380 570655
476 2969 87508
3296 7966 444148
9332 3294 534066
5125 8478 667338
5697 5103 902283
350 4919 104045
2894 5831 87151
4620 9609 575621
947 9391 2262529
463 6909 17716
3430 7342 392188
9851 7956 119372
4305 4691 150896
9793 6425 826151
3091 6676 606539
9074 4159 374485
8087 2510 44336
7520 8187 58571
9506 9065 1373928
7104 9551 21768
7853 9393 456094
7886 9827 64801
4322 524 3033
1392 903 10878
6475 4544 412776
8285 8467 281237
6212 6190 163126
5306 1843 148910
6388 8307 1378024
9410 912 467334
2915 1722 631322
4836 1189 59195
8921 162 256905
2990 9523 59169
1259 9303 725000
5469 8094 51690
2746 3270 3275
377 4899 181240
6095 2949 123206
3873 4245 1045877
4592 4779 678345
1343 4000 1105754
5329 4754 411685
3016 5679 2159307
2970 9295 86063
6711 5120 504506
7566 1264 53689
4612 3027 1342074
6040 6880 431750
4035 347 222332
9595 557 424962
2077 2849 165851
3389 4324 362902
8024 3216 542076
