220
6313 7232 78211
1721 1516 46653
6525 2493 515887
1508 4548 435419
9523 544 296379
8375 3891 1182448
7221 224 647250
6724 648 17171
8996 3545 1232959
5738 6803 218422
5893 5976 597051
2377 8972 575787
3783 3870 140094
1232 3606 342509
8953 1392 167938
173 2765 174520
8542 9658 130432
6947 3566 96739
4566 5161 94204
9767 9307 86425
8647 8234 173849
7821 3192 834930
7671 1374 458545
504 3847 335959
7756 6887 437486
7315 3475 679442
6469 1895 7321
3604 8421 63428
3687 3556 10376
6600 8178 616063
3167 7972 16247
8427 3395 27710
2711 38 444361
7998 670 319306
4916 6168 1108116
4870 108 293969
2273 3017 225997
3322 3662 583329
7072 2500 36971
4194 5234 767461
8956 6719 2067900
8410 681 197807
5190 5046 213037
4923 9113 779789
309 6245 1142791
1602 5423 527884
3455 7898 504576
1144 7709 29131
1020 8144 860546
5866 9129 535220
6214 5195 114592
5483 482 48048
5120 7660 170198
4819 6169 235629
8192 1069 570276
4152 3023 31474
1445 920 451915
2062 6493 294118
5711 7756 2803884
3632 1691 774007
1817 6964 327149
6097 8459 653335
2487 5603 292608
7692 7870 114453
2273 3682 454895
8162 8132 500055
7386 7809 980607
9443 6783 166673
11 1036 22404
7224 2063 248163
9467 9032 2697355
7496 699 2271944
5780 4030 87863
5373 7911 3109725
1383 4723 414921
5831 2347 97836
7530 7158 335313
1505 4798 290394
3440 5753 499689
8377 6420 244747
6890 5956 25610
1538 3071 3368
3925 1686 125938
5278 811 186918
5837 1146 92139
4279 3614 288640
7768 8440 478137
8649 123 125108
5517 6350 161981
3149 1993 542157
1480 7626 200984
4832 9308 453102
5801 4198 113957
6272 358 111696
6213 5260 340809
5071 1139 647197
4565 422 436867
3219 2490 313655
4455 8067 180502
2492 6298 528651
6022 5646 908460
7284 8687 325431
3222 4596 139269
7552 5685 66417
3641 1532 452942
9257 5093 38044
9780 990 392189
2237 3440 570834
1736 6323 355831
5476 6579 1157968
4226 725 1296818
553 1668 676
3970 3049 47565
5063 2525 973843
5454 5569 184379
8781 4616 409526
572 2114 221846
5125 8928 111376
7480 8288 1823727
289 9345 548680
1381 9790 205055
7492 7731 11859
4227 5064 1004618
5628 5885 495368
2677 8848 659270
4936 8764 894051
9267 1618 471240
187 9438 793243
4560 6231 376749
5020 6997 1247175
4101 3666 861648
2985 6572 152175
1906 8738 344759
2001 7974 2167688
1901 3052 72960
7995 6883 1274032
2983 3618 569138
9875 2081 45895
6967 8348 55593
3839 2572 403883
9491 2411 122066
7880 1281 778941
1618 9148 816167
7406 5948 588959
689 7530 567190
2278 7726 72825
8701 3350 81843
6242 831 112850
3578 3196 728622
971 5654 89950
6623 7092 218205
7129 917 315384
3365 4947 721588
9705 238 259815
2823 1556 436453
4036 947 518468
351 1820 179166
3448 2275 215520
6903 1168 185305
8873 9534 306257
6507 3062 57682
5147 4062 787841
3502 7704 418743
1163 6760 321870
3660 1598 1090381
8719 1181 223357
5124 9310 207467
2965 1053 360462
355 4905 37747
4628 1826 900638
2476 4475 284107
5718 4325 34124
1606 4161 448944
2643 8123 468053
2971 6355 1821694
1110 3440 13088
6498 5322 337956
5757 8557 219573
9560 2556 537857
1884 408 274769
7207 5929 362207
9257 784 514064
5977 4047 415983
5229 2823 272671
5561 6903 529391
2090 9352 121093
5719 3199 267802
958 1588 222914
3001 9444 277448
3566 40 4748
338 5515 300865
5632 5431 203603
6573 4944 449113
5105 6476 214484
3057 2548 1688919
5523 8182 167757
9542 9633 48623
1269 7750 523688
6764 5317 794071
1066 6197 474633
9413 5972 113483
4241 4456 1451006
1225 6888 1294992
3277 1971 331949
9549 2227 113332
1062 8827 32527
4306 2624 589146
8268 4958 155989
39 7913 411174
9785 5701 759100
7598 2830 193375
6730 9293 97480
9761 4784 411538
7140 7814 493499
6126 9727 382289
1075 3 45742
4679 593 384390
2039 376 232242
7520 6427 293199
2883 2196 27593
