220
8405 9802 214695
444 7861 211879
7117 9348 962366
9138 4779 651246
3031 1525 1204268
4336 242 2765753
9054 9565 838229
4177 8888 60776
5938 6939 209116
8245 669 403197
3719 3800 1057872
3421 9541 803503
9690 2187 627325
9028 1225 511850
6746 4681 1036549
7492 2665 54584
4563 7436 436585
4273 351 394125
6913 8954 283003
2909 4973 872044
7815 5912 469160
5615 3415 14546
5403 662 261172
4263 2177 18389
4809 9650 33660
1482 5699 53663
7522 2655 144605
3897 1310 106198
2826 5781 204045
7892 6562 1238171
9044 4154 924461
9684 7438 781273
230 1236 1007572
3147 9581 119851
9282 8917 28736
6991 4580 651641
5747 5474 272263
6407 1168 350391
6532 476 432816
2511 6567 1197610
4528 9707 201964
1449 6018 86927
3211 9417 244628
8630 9983 213881
7093 5229 120365
2127 3405 1062783
4487 568 642347
9408 1676 179735
3488 383 89835
8238 7101 522748
1402 2966 138085
1428 5104 80048
7916 4255 152946
1134 3403 457214
5395 1911 58023
633 2168 413148
7613 2955 53763
196 7268 1275041
7843 8392 255053
5978 2219 1045606
5830 7705 101444
2136 5069 1126562
3848 1495 98065
2443 7050 102553
3237 6392 173897
5038 4285 1398895
3214 6972 250651
1847 322 239352
5135 3273 74204
415 2083 16580
3290 7739 1315091
714 3179 829475
1247 7346 207559
5868 6492 158599
6668 9335 1209238
9000 2097 185166
741 7353 801635
2691 9405 147679
8137 4023 406113
5938 1007 46183
4547 6320 253800
395 1744 246350
7689 955 155401
5769 6971 409021
8602 7580 282831
3384 4836 682543
3630 7586 96207
1690 8025 411963
1926 570 7423
4444 6661 7812
6576 2455 1294144
5781 2336 342877
4276 4693 327843
9560 1667 39125
8773 222 141844
1988 8322 63637
7654 1169 70035
5012 8412 181572
5099 4256 108037
9772 4126 247196
9392 1767 366661
1869 6319 13159
286 2156 2431
3170 7808 661968
638 9996 27188
7826 7865 624676
3033 7268 86519
3276 9030 193297
304 2850 540238
1326 7358 175554
9226 4869 658403
272 4896 799397
2925 1940 263667
4396 3515 264392
493 8590 271047
490 6857 2651101
9354 4145 642639
3574 7650 61022
8572 4705 242090
6530 2637 433583
969 1372 236094
4145 311 190902
4563 7765 419649
6013 5835 433227
945 5569 180274
5513 948 178772
4120 2733 211599
4095 5849 37369
4814 5283 1404524
6392 8155 282850
2424 6133 1815346
2236 7274 578266
5415 1433 420390
1345 7697 288284
8314 755 651648
4252 2361 933355
8093 2074 1806352
1453 8087 258009
3545 3944 920500
9177 8106 499524
6104 3089 569407
4908 5482 180666
9984 5263 517865
9513 9988 1090058
5584 8603 296340
3527 5677 249873
6754 7920 147043
7543 4647 1120370
9422 7838 296101
2981 9473 317509
445 4433 266616
9258 7142 121571
389 9377 1227
5189 5941 58546
4456 3690 93670
1896 3042 1162977
3646 4781 92118
1876 4967 79559
5962 7553 227868
3261 3919 1270722
881 2851 484033
4489 677 1522654
3295 8873 280606
9440 7653 278894
4632 1216 618057
5948 2828 1312879
9067 5495 55154
3713 5109 10454
6990 9391 47172
6451 2530 21857
3429 3782 156941
1354 1077 604714
559 1425 312269
3873 9465 507720
9493 2275 52622
5662 962 946964
8615 1776 48739
1995 9213 337542
201 6790 283980
4688 8055 576300
5973 9370 574839
5549 2842 625389
9277 6626 121291
6485 1087 229376
4606 5430 291556
1273 3691 188801
5079 139 87711
7514 5552 1433273
8386 2434 198688
7272 7350 821598
783 6194 402397
3477 7060 84609
8105 4523 58183
4345 1416 206210
7890 9053 165021
8973 5742 558957
7075 8198 540022
3483 2474 663828
9288 3671 619774
5216 793 264151
1201 8601 598697
8736 1207 629104
9299 4724 71938
2322 7338 305211
9041 4148 258637
9041 8870 294794
4218 331 2397506
9221 6536 260341
9942 7601 102139
797 4347 223390
942 8657 877070
3613 620 67502
2803 127 501832
3890 5252 51694
4190 8304 1679149
7725 6400 1281301
8721 5600 118155
7306 4850 97960
9868 6106 817700
9070 1841 422653
