104
3162 6729 133984
767 795 477441
5481 2949 491834
7652 5781 38399
5565 6401 126893
1475 3385 633900
3640 2907 941687
6844 242 2784173
5959 8026 1372345
8311 8452 986047
1167 3905 352059
9642 9208 53383
8177 6828 17912
1831 3986 2827938
2618 7758 22609
6653 7796 2896162
5985 2599 113317
6797 4120 1178326
7149 110 637806
5111 8656 3971655
4400 9644 7311
9233 1274 1776373
7034 7115 803527
1134 1694 424137
1475 5307 259526
5806 3923 2384255
2616 9116 1360438
9891 9122 556458
6326 3394 576914
7240 8744 1811800
6591 7238 624158
1430 979 771121
2247 2943 1017938
3446 2578 25312
5058 6396 272587
1780 3257 2167097
2856 6350 930454
435 9799 1024839
3967 3740 1478345
3229 2628 214973
8447 8240 276538
5615 6773 938198
2965 9437 1284100
6535 5409 1168031
3137 9944 1610953
992 5963 319631
9914 2309 51078
2214 4026 108978
1256 9156 472949
5205 7774 1530089
1533 7406 971263
5681 6361 192260
8491 1736 3609848
6668 8452 332855
4862 5680 1070941
4686 7164 194531
8412 7418 654183
3267 5567 233797
5375 5275 96947
484 2834 698350
9898 9085 1199306
784 1595 1965781
4332 4788 1278025
4155 5127 1263167
7124 8399 696656
9629 159 329004
4467 8807 118128
2552 4498 305681
5337 9903 3351935
7914 7522 1138347
5823 5342 102217
4072 4311 508519
8693 4521 1321032
867 4216 1277864
9919 9049 590275
5020 6354 593820
6046 2338 1302456
2986 3138 149264
6543 9933 276207
3625 3359 86587
3074 6267 2288566
6739 91 430554
6871 3870 1151110
643 2629 165264
1043 3872 1651511
5663 7598 1208014
8350 9588 2937967
6283 9836 486958
9346 8656 694410
1822 9866 1090246
7379 1274 323896
2277 6006 3304106
2 8890 2142193
609 2018 497891
838 3069 2529777
7603 298 759422
3231 6811 619171
5789 8489 1281979
3488 6486 380098
9890 5772 603586
3585 5883 1379185
1934 2912 134429
9254 7288 1447775
1897 1253 276668
