104
8289 8943 2160730
6443 9347 774645
5899 9420 1393230
4071 4610 1276349
6855 4782 110480
8040 5472 3361377
6092 9546 1047444
4031 8963 116026
7128 5384 1227709
5983 4788 527914
5286 5954 382092
2360 4595 1570579
5924 8206 178383
353 8060 203372
9479 4599 379570
9222 7404 2902084
14 9364 84819
9244 3270 1932419
1239 5800 1155311
9104 3945 1425867
4130 1579 996059
3600 9519 61052
8080 602 652384
4311 2019 731332
2750 8548 317095
2697 104 249557
6103 4869 1486895
5093 3666 775240
5822 6177 1838009
3920 5043 745625
3807 421 694498
2584 9683 360268
7977 1659 327090
5113 40 186972
1240 1398 15169
7042 2968 121064
9716 5856 767080
1585 5419 527806
3344 9298 57041
7314 5054 323149
4813 8002 417087
4276 7532 202325
8950 7150 2344671
3476 9150 1087707
3651 1694 2215973
5741 5088 1039901
3931 964 178373
1376 8352 1133206
3625 6885 235772
2292 7978 3434749
3838 9715 979401
5177 3104 712967
3979 4275 220534
4842 6450 580183
5861 7721 197318
3683 9534 98610
4730 2541 2763701
6220 78 2859275
5340 3819 24086
9726 5304 759673
6976 7651 1891639
5897 3828 1050837
4796 9370 286460
5395 4460 648752
2683 9689 826345
8552 9393 1292819
3781 2137 1336980
4715 3388 1719177
9160 6556 1681589
8394 6281 1858755
1124 6201 152832
164 7467 710794
4319 3127 1352968
6773 4245 694060
2708 1882 30105
9128 6012 534267
349 3863 348520
4084 2098 1739169
4126 1927 3416926
7724 8085 438960
6954 2908 843380
8326 4973 184520
5692 6815 533175
5252 8838 987627
5445 6063 6352198
8231 9008 155187
3139 7798 179604
2088 3103 125301
2953 3871 926761
1268 9667 353036
2246 8462 1937710
2512 6768 295594
2126 5990 1532326
128 4798 146063
3367 4351 656944
5031 9718 182406
9507 1993 4033359
5550 4056 995079
5210 8316 935808
6065 120 429856
7918 8208 141099
7416 3529 594302
4104 1322 501172
1970 7842 36242
