104
7780 6900 113155
7822 4395 200712
5185 6815 777963
1321 1468 307780
5845 6202 1096878
9653 8689 914513
3213 6455 1332229
7650 3896 478974
9904 1548 334248
5367 7399 935952
6836 3314 53148
3817 7798 2119955
9795 4460 1452403
8005 2584 301872
3950 1855 327748
6274 9753 2327169
2328 1732 64596
3671 9323 3833493
5056 4810 638467
477 352 886497
6508 48 84335
35 8206 2410981
7970 6345 1695598
6313 8256 1728694
2413 9600 909218
1007 349 119184
102 2889 1294906
1170 4351 177140
9274 1136 4397153
2364 9005 1408464
5877 9894 1367240
3767 7364 1094675
5198 7281 593320
5728 3208 185473
522 5201 2190586
660 6861 1360067
3518 7749 251494
8865 3186 1752481
7936 4131 295040
4768 4539 504042
7228 8189 1658798
125 3905 1486050
3583 4339 2107170
1551 720 306740
2745 3961 2093886
9106 1263 343939
6465 6841 938636
4774 9437 1398546
1878 9829 337439
587 4967 120606
8934 7262 853711
5340 4737 773955
3391 3172 205572
1164 6338 104786
6907 1959 659038
6378 1450 1458261
4039 94 428244
9570 5573 695685
6792 1394 20968
4694 47 497951
6548 3107 536152
3510 6834 89156
7062 736 233307
4533 5029 513053
9797 6756 4796715
156 4658 2897788
5525 8075 172406
1908 7978 1052345
5209 7506 524444
9191 4369 1951382
2131 9528 578957
8664 1809 231044
7790 1471 268771
9694 5191 641035
5009 1645 212711
5819 5611 2365100
8339 9869 188295
1616 2039 1256718
4297 3901 53254
9068 8129 474094
4552 4224 523405
6708 1070 2104542
6838 2467 379608
2693 8685 446558
2215 5943 1638807
5052 725 52695
5323 6173 77346
5601 3712 284267
6657 6285 1231762
3702 1632 2645515
3827 9851 1260779
7904 8377 906108
7374 8787 768176
1072 5083 589941
2378 1435 337728
5460 2355 246509
2153 8248 930646
4553 4983 3613337
9730 2409 847080
3079 6337 39207
7020 7711 1474130
7253 5132 565375
2226 7715 972382
5525 5571 219546
