104
9492 5236 474333
9818 5081 1484042
6338 1269 41207
5407 1100 566079
7866 6430 1621135
5207 7959 121845
4081 9476 1126874
7025 6506 392291
2686 3391 5367
7819 42 509902
2214 2225 1691050
1697 1208 836301
2733 9233 352679
368 5127 37280
4459 9108 259629
5219 5129 1035225
4340 9087 433405
6581 9264 771134
3445 2684 607678
3847 5592 1497919
7449 4222 487264
6997 611 1029741
9028 6300 2005170
2490 6627 430228
9630 5202 320409
9761 6530 678655
7285 4179 2250522
4326 618 313773
9627 4039 484601
335 9373 3718357
2387 8295 468395
4542 9713 1077830
9986 8034 152101
5333 3450 393725
7066 6264 182792
6587 2171 727254
8388 2302 767068
5895 6817 1267044
4770 1052 1572510
8350 2492 1641702
3277 5628 1208868
7914 9800 1296743
4036 6028 1372405
1700 5139 597829
4763 7148 7176
7615 5989 889804
8398 6375 1892909
6642 4458 3885693
8348 1299 1693442
6791 9940 1336219
5062 8850 888076
8280 4323 1518300
2247 5997 1427889
5863 2598 2801687
9971 7874 1833923
2116 9983 44065
248 4246 449770
4767 5787 1079
3365 2282 339842
1191 3584 746653
8682 6886 894887
2724 1831 319395
3843 5690 43866
3990 7571 608861
6913 1508 2664850
8504 6660 496820
4606 9223 243999
1699 5882 319899
2284 5488 2878921
5734 7070 234461
5377 805 1557858
2740 8138 8473
4014 3140 840277
1451 2993 153122
2551 9183 17615
2565 7600 189829
6053 96 2204515
2834 3353 472297
9106 2237 3039599
6952 5410 369434
941 5511 2000338
3812 9532 64476
2977 6938 608628
6983 6873 784493
9197 427 810355
2152 1563 92945
9484 434 1515379
1191 7433 367334
2682 8841 1683814
7572 8326 122104
8807 4726 1692445
1242 4357 852367
1654 6452 145088
6565 9214 147983
8096 8113 72551
8191 3008 1261905
2356 939 690635
5080 6794 2662360
8909 8420 1908753
105 3549 1096796
8743 4899 729881
1924 7640 1137
4148 6288 3431237
9842 6541 1631130
