104
4106 9418 1573183
151 8782 1548888
2351 936 574549
1169 3792 1523444
9832 7445 246900
3793 9333 2220390
3887 4445 3283575
629 1178 42999
7329 7186 393970
8265 718 160983
2676 8809 1922887
4421 6311 716343
1708 3721 16226
5935 2375 473125
8102 4217 1034155
3976 8378 1367258
3752 7765 1275342
1597 2187 455766
8148 3367 726394
4155 316 1361573
1568 5382 484742
117 6214 823741
4263 2125 1802630
5211 4809 97284
3051 8515 2664375
3751 1248 1892553
7461 4998 977760
3035 4469 191471
5409 2706 304943
8425 1659 583187
8134 5893 1217386
2030 1056 417588
7677 4808 283166
8978 3082 758901
3886 8992 5745360
4733 8602 552958
4817 9145 292378
4614 2193 144893
6023 7479 2542175
920 4154 10328
335 1396 1812814
792 6215 128516
1774 8810 172029
4068 8549 26976
1992 1802 1481497
8572 3322 546288
3123 1375 683860
6156 869 1495177
8922 9032 741404
7366 4236 752289
9905 5169 213792
6307 5660 432784
639 522 2011491
4906 1397 875546
1146 1287 289221
987 9876 18796
4683 5428 92956
9669 3471 768738
5937 4293 1303127
2062 3547 534938
7428 2902 1662410
9716 5854 1868406
1185 3286 41242
9580 2530 391724
7403 9013 866847
9165 1083 2092180
6206 742 1312037
9272 9290 585873
3485 1743 186205
7801 1758 2299218
9969 6771 2810336
5725 7961 619443
7268 3426 26748
8632 3667 1459316
7704 2543 251771
4178 7163 802050
260 6187 2827528
8526 7696 3122005
5845 7540 2319565
3627 3849 977035
1969 9677 1573511
5692 5999 2308427
7912 4234 107430
8719 9903 1171539
5859 4822 1186552
2729 9401 41554
1538 4087 251967
4576 5572 759131
9347 9477 738576
4406 8251 37819
6477 2153 237985
5652 93 947145
7580 628 1004902
8264 5307 1419429
1577 9829 63585
8847 7252 256854
9549 1153 96801
2479 7071 186368
1525 789 978533
1615 6470 538552
8834 6762 67475
9320 3032 1374377
5452 7408 279919
2975 7306 761622
