54
5432 7288 2458330
6004 4576 1147368
1839 2671 2093453
1481 335 709845
3395 8526 2977182
1704 3832 196472
9061 8690 809853
3017 3187 1031452
6165 4421 748122
3156 8926 1109970
8379 9635 3667011
7982 7838 5279724
7672 6161 1757360
3698 1918 43109
2350 9257 515987
9775 6499 2192911
9171 7181 2241868
6422 5167 3364318
9159 9008 548005
4961 4884 6543041
6180 4883 3889298
4084 735 1190956
4243 1423 6826388
1809 8377 4253564
902 8044 1663267
9938 7737 1425013
1257 3220 278818
4174 2860 107477
1745 7893 1070837
4338 327 5367941
9858 7082 719000
2264 2070 3307987
9874 3496 1636059
1997 4122 1491873
1161 3593 357664
479 2569 9048
7648 3776 367897
5263 5516 1760137
1790 1979 5682034
2234 7204 769161
4095 8354 75289
5634 4955 2153798
1866 3930 1006246
3973 9916 3172615
8762 6887 595397
58 2073 1124756
7718 209 53133
229 839 835446
120 6513 36521
5158 1566 1480118
4212 134 3727346
1796 3327 2576080
1960 5808 179753
9621 21 1373702
