54
3173 9701 3486462
4928 2283 17189
1627 221 1415799
2051 1332 4922372
2336 5771 2665803
8268 4680 966824
9493 9196 2309764
7777 9282 485432
3390 4782 1695997
9381 3508 5963121
3040 8825 4960886
2601 4757 1603285
3739 2637 2698599
6046 1002 710701
9272 402 168315
8865 4479 577435
6191 1033 1187241
6145 6377 1516458
5755 2189 573790
702 4205 2393263
35 5071 787729
8295 4414 4575932
488 4298 669178
1400 9706 4535888
2439 9864 447285
2362 3515 1100597
1506 1893 1302560
4256 7 1464950
7246 7985 1447743
5100 8279 5189446
7069 2384 483653
7636 1190 3065437
6589 5315 822674
9556 3480 1293843
3797 6963 3174404
4291 7009 807371
503 3989 1824438
7856 7723 171477
7788 8222 1790709
3576 7037 2318592
3756 8925 777227
2119 7839 1772147
5074 7081 1488241
8819 4540 687072
77 3235 959429
9504 6634 16242
7687 1028 2786261
9215 7365 741420
3242 85 4345623
1654 2376 3176802
3779 3733 43281
935 7578 2413481
7973 8706 3027881
3920 6836 172251
