54
6912 5981 1350476
6236 1133 1053819
1205 6055 473951
8373 8744 5835190
7701 8231 2891900
225 3322 1158164
9076 7746 431660
1893 8590 359976
391 2285 123598
4472 2959 6205626
3101 4252 649943
7292 5344 1956344
9203 3777 891724
7906 4687 1557859
5295 7595 593899
6630 9170 941694
7649 4580 2060376
6675 4697 1299445
5905 9383 1723115
2241 1522 1235323
8056 4722 1977805
7877 700 255505
8781 272 195904
9033 6613 886375
9706 2414 4148867
2950 1016 1280798
8664 7779 3385990
3165 2346 117132
4951 4253 2677722
715 5255 1571053
5730 9775 3326682
2400 3068 2174453
2455 4442 163623
9535 1352 6415046
3759 3839 3495159
3740 3186 2005606
2991 4832 1469188
3551 4831 4021331
9929 7338 1184989
5819 477 2051054
3260 3197 643427
8603 1637 518301
3520 179 491933
2920 8995 1270647
9487 7271 1587648
245 8216 1032096
8878 2222 391098
6798 4968 1279475
8625 4697 7597563
1546 8049 2050349
9396 1869 957491
8833 1723 2713380
7885 3874 2287633
4313 4883 1580595
