54
3232 6990 6209
773 914 7893564
5610 4837 3146397
1744 7122 3151881
4426 5949 1209964
3488 8007 182901
3210 6775 95911
5681 2892 1636992
5488 4568 324921
9719 7532 426569
5935 1853 2873949
6171 1405 775824
7356 8784 368836
1716 5656 1198682
7258 156 247384
9053 585 1582780
5070 6227 39265
445 9481 1518644
3045 1687 2035336
9630 7198 918008
9923 2616 546703
5150 5802 1854221
5614 1960 18498
6137 9349 696372
538 3776 444998
643 6456 753942
4948 3254 5136713
86 442 265897
837 2741 2650090
1012 7796 3555054
3365 2264 1952810
3822 5922 2174347
4756 9290 8262304
5032 361 1062495
8245 9667 695450
4030 1373 83185
998 7694 1165483
6840 1370 3755532
3233 9261 505710
7011 907 282207
7224 1851 1392639
5865 1011 770142
2807 4989 1080810
2075 1379 431108
7753 2547 4849116
1768 8560 1592198
6791 8267 512732
9532 2872 131710
3122 1620 5865326
4623 9178 888965
8598 7413 259946
7152 1106 4010880
6981 4362 8122085
9855 7897 4596315
