65
7446 8747 2581548
6816 5929 240783
1024 2951 205697
5116 5587 47323
3921 2347 801967
4614 5514 1846762
3131 5254 88166
3978 6364 2899367
5085 7100 818586
7990 7625 557308
4398 8828 532138
1656 7675 958414
3300 3325 1207651
4460 5518 1848780
5369 2052 2348099
8945 2433 1003241
6368 1363 532240
3929 3489 2336748
6253 9717 1998380
364 8907 1037388
7158 7155 877558
7741 2353 850771
6990 7321 1651073
7510 2627 4647139
591 5573 3076695
359 6180 1223048
8422 8693 1346846
2599 22 1982269
8898 6045 308829
3441 3179 549302
9584 2802 1333692
8790 9991 3548534
9229 5338 661466
692 1125 5166004
9777 502 1737986
7964 9535 320593
9162 9239 1713781
7070 6141 2975384
8248 8844 1656361
8327 4114 1209985
7052 2580 689310
3880 7192 271233
6252 6720 424549
2528 2331 6949683
956 3087 419074
9910 4801 1409229
884 6647 5278474
843 5170 526412
3613 8159 1020455
7417 4725 685919
5141 3166 5128822
1454 3663 982717
3114 2215 3868337
6002 5613 1872193
1837 8904 271719
2555 7863 416790
436 1340 568694
9088 3573 3136643
3773 9519 604571
3406 9527 181457
3943 3 620802
6447 4180 388704
6700 8386 1284485
3106 1574 1502371
6855 7102 769455
