65
1317 7013 2273765
871 2715 2592374
702 5940 728056
1852 1520 1204241
5465 1320 282547
4981 4515 721959
4830 91 3038639
3361 4821 82605
8303 4810 458800
5673 8526 338926
7512 8151 2353560
4460 1767 256365
2943 3369 2069480
3180 6172 10781105
429 1569 6366851
4750 2418 47575
1221 7149 2389998
9758 6130 868102
4968 7528 1078993
6731 495 2808828
1121 3229 953022
4914 5245 792486
2945 7942 99310
9132 2918 583370
1253 2091 4755998
8416 1224 709389
99 6826 492811
4181 6127 152988
8805 4861 3395826
4713 9522 2073095
7494 6355 174704
2689 4971 1910307
6640 6480 124649
7156 6395 1026423
7947 8191 214143
7557 6540 1445231
4634 8943 2325973
6401 6586 799440
1278 1227 2874031
620 2987 2736418
3089 5476 3101633
5125 2502 1305867
1533 7416 2531119
382 5960 2790000
8743 4868 113026
4947 6787 1726576
2348 9401 483775
3214 1090 273299
295 8817 7927
8368 4730 1779792
973 5904 1215028
335 99 312559
8392 7285 460675
6622 5358 781092
492 9493 498003
5316 7924 2265822
6526 3200 142132
4899 8233 2058397
4263 9178 2127954
7807 2662 1207692
7555 7798 314357
6327 2701 1113948
8850 6227 2737404
1128 1256 2199606
7558 6458 69934
