65
1607 8413 6338725
4478 6287 1619627
8966 7028 4058601
4536 4452 1919800
5405 6448 1376220
2264 2273 202059
8882 7904 404062
4773 6259 9522626
1577 9976 1546613
8538 8251 2256577
707 1644 1201936
5361 5576 1785636
572 7782 2845817
5360 4219 580339
7742 6202 769764
1557 9462 1405317
7262 1842 15410
8615 8610 2036072
5626 8579 131313
1667 3839 90080
5957 1024 7152979
4256 522 1904962
9615 3593 2042824
2728 9134 319556
537 804 141019
2798 5925 425726
1265 6865 1426944
4637 7401 159778
9130 3271 4105948
5670 4440 998393
840 5585 2843260
747 7760 2579549
993 8858 1667629
6336 5998 502905
7356 2500 829878
7788 4655 628498
9639 6672 3254592
8503 298 146782
8539 3565 3641365
5491 3330 1552991
4586 1976 1553299
1908 9854 262819
8231 498 637963
8825 5789 1307840
6911 147 819010
7708 7245 129301
3719 4195 147386
8271 273 2724147
6853 3530 193226
8238 6714 182388
7041 6746 248899
5252 2571 344224
2296 4742 290643
9301 3243 2428684
5277 4064 3667788
1704 7124 481629
5277 1085 298603
2407 240 154123
251 1445 215220
6846 7500 263509
888 8959 1149287
6356 3977 2521401
9018 7234 354575
6943 4319 3163946
5338 7954 27918
