192
2 3587 1393162
3451 4544 395883
2078 3371 808219
697 1996 405647
3285 2031 54347
9120 1170 513428
3947 3481 152699
6529 5734 1922028
3458 9846 309050
7188 563 320907
1877 2041 228979
9220 8468 112289
6232 5463 1122091
7641 9489 93571
6964 7247 282207
9778 8796 1176704
6888 5666 68121
1007 5711 321317
8972 6263 96261
2823 1826 1494558
8278 7340 554546
7153 2859 306614
8783 4620 36547
2707 4619 196227
4331 4581 105007
1031 8190 1751156
8867 4089 959066
7316 4489 7214
5791 9870 179592
1094 2265 814173
4359 3810 152371
218 6969 251244
4348 6276 32854
6967 5994 757866
2368 8549 506878
8144 7272 410347
4639 584 720668
2517 6037 1081683
9364 5080 264521
196 8017 249823
1289 9527 527304
7515 1785 299194
596 1597 199329
2492 354 1268147
4500 4512 801309
7107 6526 20119
3867 1025 722493
1270 8938 2202507
212 2643 288532
3559 6257 123165
4245 2164 157598
4254 7873 118175
2500 8491 114852
733 6814 135796
4279 8715 923332
6715 6293 465216
166 9737 191151
8276 702 21870
5246 9512 315928
4631 3587 1096148
2808 9905 242926
606 3034 77374
5444 5189 265027
7238 4957 206698
5689 8290 106205
1110 10 183059
4464 3418 1113631
1936 8571 759422
5508 1448 786830
2252 8218 181812
7157 6093 361124
4791 1639 1928302
7290 4977 222815
4696 5516 628370
141 2821 2538516
7956 9844 167139
8372 2692 306486
1498 6093 290155
9953 7274 139641
7133 3501 1010594
2147 5399 83102
1861 4691 257765
5603 1863 385974
9631 3765 100024
127 649 565559
9502 5052 334388
7302 6250 20346
5542 734 784788
1026 6851 32300
4815 1898 513422
3566 4402 216455
7216 1577 1355169
7575 6006 719662
5256 5144 148921
2447 6039 424180
8868 6809 575388
4200 8345 678604
4000 6325 702194
5637 9411 290172
2008 1230 380957
5951 66 350447
5557 457 37889
1156 560 2023459
4899 4338 204325
7261 4529 16054
1599 967 306731
17 105 291623
417 2598 958870
9035 6893 2028175
8786 3855 23566
2088 2462 1057124
8226 7609 51776
6300 59 1662479
8241 8776 708973
6782 472 62910
2217 2406 510786
9664 6715 300796
2584 3856 349008
9763 3420 1198752
1403 4667 401896
6217 4873 947584
2689 6529 449486
850 6408 287851
9852 3773 805390
5558 8452 230811
6324 9449 190018
3412 5261 968155
3900 7286 1666067
5902 1527 226451
2654 1801 543029
4699 3514 22819
8341 1052 329628
1716 2300 379472
4076 1709 99777
4175 6171 2463250
6802 4168 385569
5181 4897 137458
3596 3882 15791
5776 5336 94231
9707 4737 386336
664 8402 647501
7870 470 535438
4540 3288 346708
8341 2590 262588
3758 5880 619123
9315 27 411201
217 3184 1352076
2080 997 1125759
2445 3074 127263
6520 4320 522098
7270 3763 382238
8626 935 206164
6894 3988 168405
398 8394 1595391
5620 874 849207
975 4340 48822
5872 8552 17000
4308 8208 715609
2453 3809 485687
6275 1947 119291
8124 2538 85237
7361 815 912579
2209 9380 34015
5315 9013 955703
9026 8058 1108042
6077 9095 1119342
9217 8880 166321
954 4071 356727
3352 9358 481326
9034 1887 1247277
8974 2496 935387
4185 7548 52015
6262 3415 413845
9610 6559 721338
2944 5532 43790
6623 1930 407357
7864 7513 528951
8782 9567 100272
50 7972 374563
1673 6055 1156544
6537 7501 357854
261 1929 96333
1776 1436 113132
5093 7000 18323
3550 76 258636
338 9251 42231
5220 7134 1068676
7357 2796 50409
9544 2701 1097904
4418 8014 624289
3372 5554 317536
1422 4840 354139
