192
8450 5181 1321448
5731 3791 5325
2043 1855 822314
5158 8659 993499
7703 8379 222659
7309 7200 154694
958 7558 755690
322 1154 199450
3131 582 999520
6908 4251 218551
4783 2137 56162
6587 2558 775842
3636 9320 1257597
7082 3720 15869
9296 7708 708632
3150 6737 254174
9644 831 2371752
8088 5504 853610
6212 8523 976958
6863 1292 50462
6526 3323 521432
6616 3477 1081733
2568 6523 398927
7819 8159 609919
9340 8104 317335
5487 4090 775961
6041 3094 180056
1320 2913 164206
4738 7754 1548621
825 8285 49644
4206 3262 744491
3183 2691 24516
9094 3525 2476706
196 7260 172722
2257 5160 669884
2586 9520 18550
9862 2525 217478
7367 6751 282912
5920 6657 291922
3812 5246 523266
7278 4502 1200461
7826 4997 609864
9313 734 909365
5535 4364 94767
6108 3766 1316138
7949 9610 83439
9147 5314 265435
6819 6264 179578
9828 4065 65547
7156 4900 841837
9337 4636 1319455
6749 9347 278944
6726 1583 248701
301 2923 98074
9916 8078 154978
6358 5152 357946
378 4828 322775
4379 6631 322077
2718 829 527830
8317 1453 225060
1751 9222 794898
8560 5397 2551620
4349 4418 404505
3499 4769 383322
4754 2618 215564
8215 6340 691704
5086 4728 507824
7366 1611 46025
5744 778 305317
1020 6764 62618
5547 3783 2164179
9066 6934 1140863
4690 6102 1141136
1767 799 348573
4857 5207 436770
8324 7125 407917
5168 9900 446679
8421 8539 752887
8071 6328 2410
905 1477 353797
5454 2889 194173
1234 3701 310475
290 4026 133704
8503 9325 176743
8851 5180 391525
2152 6134 982589
5679 1080 1162412
1992 3537 252650
9720 4334 982604
3360 4522 513720
8685 50 233279
5776 6159 192977
5344 2678 256672
1806 6464 121979
3606 2688 600988
8408 4603 181069
2833 3276 146087
7392 173 874598
7233 7546 643733
2801 2261 148747
7308 2503 225385
4040 5172 236225
3104 5807 399222
4574 1326 364990
1967 9619 202488
9476 444 696359
1882 7102 1101781
7856 3187 327128
3737 6056 700682
6039 7950 461183
4412 8594 236280
3823 2353 264819
1988 3868 1340584
847 3455 164462
7733 1273 169670
9177 8123 78000
5188 7936 112682
1281 7950 1764393
3766 556 1040989
1215 3981 334458
6979 4975 321952
4889 4890 82976
327 6230 795611
6088 824 165652
1125 9649 359431
5928 783 589640
1215 9617 300703
5970 7817 2122951
6656 2576 371543
2503 4617 453339
2714 2125 863965
2802 3493 40003
9214 7701 692187
5330 8050 1231508
6640 3321 411713
2741 5103 347113
9029 8791 173766
1206 8297 604359
4583 2881 1695040
8526 699 506094
3464 7319 429573
9311 8054 114345
5270 7061 301698
4027 3086 53241
5 3860 259156
5802 4696 955276
7655 2562 258418
6536 4151 117427
3857 5486 299830
9054 9335 218610
1149 7027 1769312
8569 8751 312958
2031 3896 23537
1109 4257 109802
4694 3576 315484
9334 590 375194
9105 6911 514274
4391 7699 1389273
4074 3338 435107
8967 20 308272
2448 1326 35934
1279 4863 1689724
3342 6376 334294
6468 4798 1215869
2030 4387 44647
6230 7197 337318
1180 9017 1456074
681 9419 221011
4931 8672 146701
865 6319 751359
3965 3230 143049
4425 6472 128062
1649 7587 692413
7676 8067 110818
3444 2358 227420
3878 2426 358778
1344 9119 658780
2620 5278 300218
7153 681 931207
2810 6938 822500
1545 8898 40165
5049 1664 324231
4810 6607 565353
3414 2467 450112
1669 7429 62257
1818 1629 124417
5994 8441 457214
1882 6737 518089
8713 2052 85327
3181 6712 235221
5819 811 422902
6171 7017 30331
