192
4195 2484 15443
2375 642 1384963
1235 8289 88318
7032 9693 749492
9795 7923 952132
2564 3405 109398
2007 5012 30387
899 315 886262
9781 7033 82443
9890 6603 4415
426 6109 893984
2663 6756 320481
6361 4068 294376
8557 5622 976207
4765 465 606989
6227 8146 78000
999 1239 865578
8670 7968 74783
1879 4826 120571
6365 8340 486527
3269 1044 21028
7974 1975 879603
1795 8855 1166451
4813 3851 1627807
8609 2486 1618981
9065 1959 399554
1122 1900 1067070
6944 9246 69269
7713 9563 285473
153 4766 538858
5489 5738 95145
2840 9141 90442
5743 2661 961047
2427 7148 980533
531 9490 603702
8870 9369 173770
1690 5215 927660
9415 2632 7153
4095 8169 1150004
4270 6392 422356
2843 5614 149072
7060 1715 1038812
7689 5855 213064
1682 6032 318741
5338 8433 154368
3475 2002 2653707
6861 4908 474148
4293 8881 51184
5038 1726 268226
1052 1617 161926
8402 6897 419907
3616 1443 418394
7189 238 88158
3600 8703 1080080
3083 6053 742364
3785 8817 892205
5203 3093 97354
6786 2880 35111
9372 2714 1037964
7784 4602 86014
425 2223 1653763
3300 6135 157676
4558 5779 70887
2848 8305 45521
5413 8320 786095
3897 4173 604111
9090 1320 176699
9096 8772 129171
999 5142 1499036
3617 699 94938
7674 9481 177164
8680 780 321162
4272 1290 106204
1912 9952 963817
2126 770 354575
1060 8656 27278
1912 672 461155
2808 4586 565985
7059 8865 490234
2983 6630 21921
9248 273 694554
9466 7531 542377
4049 3423 797477
8377 3131 529042
382 3329 350225
5823 2944 1162364
3379 7442 42170
4754 411 1467336
6227 6757 1656685
4015 4337 700151
9288 9240 94028
7498 7108 277482
9742 3024 871481
7210 1150 1481999
2151 8888 12913
8798 329 477336
87 5080 349848
9198 7521 883843
8030 4932 102189
7383 1648 1386372
4760 2078 145762
8370 3205 173328
7528 9293 36462
4362 5024 242298
9860 7231 102593
9523 3057 440073
3920 3154 34480
4 1596 1508227
1944 7884 153145
365 310 260678
8372 2473 1479430
8989 7205 98876
6739 9635 862564
523 5286 134312
7544 2494 13165
4771 7226 1085151
8349 4514 44478
1712 6420 163923
855 2078 1311250
5688 432 430520
4151 3914 579645
7495 3279 978032
1121 6675 501648
2996 5419 16950
4893 7537 904345
7322 2664 85380
6669 177 207530
9832 431 774642
1218 9836 82792
6019 1404 422592
9260 792 323174
378 6198 185117
8939 6469 233044
4426 7326 29277
7930 9661 66678
1944 7327 116629
9025 5094 75968
6181 8977 151930
6758 4583 222224
560 3254 164677
5050 5664 1016269
7972 3707 412503
306 168 1397474
4574 1290 416867
2398 3675 175198
4064 1365 842422
9670 1082 34071
5672 955 81749
7064 5321 246509
8375 1998 222701
1986 1298 883730
1226 4857 1245684
6117 9822 13211
7148 4315 235949
4650 2848 88304
3684 6641 783930
9384 7794 397890
6438 6774 116021
3421 9938 679429
5107 5868 602279
347 2179 149456
2278 6014 1303291
4881 3422 1399680
17 3658 410771
5681 470 107548
1184 5280 85104
8149 5070 392028
3521 8090 225423
7947 9542 851586
4192 4127 85518
7315 5290 253615
8958 3580 208811
3384 4872 1575278
6065 7232 867752
715 2727 133796
9401 3744 579225
2218 2397 410783
3397 3146 150128
6981 4138 1079384
654 1068 578399
2451 4026 961245
8320 767 862667
8047 6896 2110273
1930 8950 23852
1039 4252 1255655
2405 3836 191554
9754 5103 1977791
8113 8831 572333
5147 8720 576621
2279 5030 235471
4346 9965 538529
1632 8682 36536
