192
7684 1745 473833
2531 1674 195184
5993 7434 132123
674 9098 550363
4186 9604 11286
5670 8047 805450
3969 4836 524856
6918 6719 164762
9875 3540 401305
9273 8899 235565
9647 4819 200318
4880 6507 229417
5070 3452 115126
4172 5446 405627
3141 2075 582754
8348 5768 143583
3717 8869 44518
7655 5222 189276
5771 3470 862406
3002 9814 266734
2930 8869 150518
4805 3569 972826
2078 6321 972626
3071 6913 923107
6317 1248 424267
9073 7840 639132
5177 9694 300630
7141 9902 498799
2334 4564 93166
4752 5865 521167
5704 1956 153306
9067 9228 843998
4330 464 121902
661 2429 241577
5116 4395 557521
3390 4078 1359868
7822 8084 4320540
1839 2002 177984
8995 1995 29162
5139 6402 343805
4931 1316 492049
3046 5572 656111
9059 1527 841594
2092 3049 638233
6209 5676 610370
7182 7521 561905
5387 3113 420159
2698 9436 115538
2186 3600 280961
9686 8022 536777
3473 7063 25457
928 8379 494351
211 7788 479085
95 8914 251403
8789 2597 989368
8379 6687 248940
8078 4314 189152
7143 2999 643296
3478 7754 306345
6477 3799 78659
8582 3780 193302
7908 2959 736599
6476 2096 149819
6931 6541 232636
3359 5503 144213
1963 2741 17756
344 7738 184332
6724 1861 514255
3224 5004 1955320
121 1288 210919
3807 1040 759528
3713 4827 1115460
7193 5334 452514
1228 1765 461551
6364 4471 151432
4037 109 226726
7479 7945 1571561
7084 7388 430461
6611 6676 1262232
175 7697 617697
688 2430 1124039
7740 9706 998201
2521 5803 264229
3957 4997 93565
5008 162 410658
7352 2640 300053
3685 8502 84962
4467 807 43340
2457 8511 115081
7217 2957 431024
4817 3147 797194
3425 4467 1176844
1260 2844 85658
6271 4027 123888
7185 9399 122938
2518 4086 808908
3370 4472 974798
100 3330 31665
3673 5054 24773
7534 7942 223397
8460 3458 95220
7661 251 205002
7515 7412 110759
9586 981 18899
9467 5651 71253
4092 8349 278554
9611 5110 818837
1853 136 1523750
6587 9720 672116
8489 3875 502654
7948 3828 106004
6963 6606 169756
5615 6248 709629
9247 9984 638605
3769 9768 4751
2023 7375 520341
931 890 505164
1008 3317 590050
2664 9738 777182
5502 5344 316445
8709 7056 89604
6964 2480 273266
1037 4523 2264227
8966 1319 1019915
5075 8451 369178
114 4643 628150
5343 8705 927489
6690 2144 476459
3991 3279 303890
1347 4311 292962
7685 73 841118
9920 1177 469953
509 5513 1014647
8533 7133 377824
9566 8221 594015
4985 3435 746398
9646 4316 1155071
9397 8383 1383821
3906 9371 44162
5243 8370 19855
3202 2219 78344
9069 4530 62075
7542 9701 1261103
4993 3570 686087
8553 5936 1336363
2363 2893 188982
4413 7628 254952
3604 9800 722371
7542 2441 195322
8299 806 1199228
75 8363 53869
168 8605 250006
4875 9246 293794
7709 6421 353029
3342 5427 204755
523 8743 1364389
2872 7557 21568
2115 5981 174665
6549 6899 571906
8985 2934 1116338
3191 767 927793
5442 2578 1897055
2519 7653 411613
6655 7760 175786
2233 9604 31092
51 4617 866906
4066 5118 771351
1186 6268 997058
9396 9469 92333
7636 6561 24010
2533 8415 1291569
9123 5016 1108828
6468 6714 114729
3003 5256 51010
9316 1498 819209
8616 9717 2073780
1154 6854 971893
7558 5159 40509
2465 120 499297
3190 4804 483487
6196 6831 265908
6038 5199 165895
3608 2672 1082814
5686 8426 466472
671 9334 31154
4652 5085 1018604
983 1921 1004804
3486 4409 565560
7222 3133 348057
7840 6526 279371
2448 5854 18242
3068 2741 124022
