192
502 1063 321620
4689 4659 241616
7850 8298 64242
4847 7854 889903
1828 5921 613552
2457 8912 106455
4868 2882 326113
2928 5132 394905
7860 8527 846252
5278 2844 1220207
7154 2020 227127
729 9343 6966
5949 5709 362093
8903 2328 173252
4874 9177 524657
4259 1111 1174255
1130 1569 165678
3330 9184 333378
8151 2176 542997
1659 8574 246909
7778 4354 367706
9583 6114 15922
2481 2759 811319
4644 9671 1185171
8840 9219 1373035
9072 3975 1150184
8390 8671 10769
4674 4679 736088
5675 8033 560820
6562 7127 250963
4885 3448 48880
7547 3334 832
761 3753 21832
8190 6479 678203
1516 365 2492787
7200 2545 211390
9510 9764 62945
9935 3509 110874
5809 5635 365771
64 1091 37553
2373 2614 90389
6918 3126 174241
9941 656 78323
1228 2362 164198
9660 7908 83762
5891 252 1800108
6815 6892 461626
1610 1722 1056577
1093 2077 266863
8826 8795 1029360
3236 8169 76910
6320 5108 625885
5552 7478 198129
9413 9513 342857
6977 8866 564978
5516 4821 564362
7916 1784 118035
9725 2757 138000
5882 8486 158859
9281 5258 267349
6160 7360 120368
7310 7425 694778
9437 7468 76454
9153 7678 132685
6973 788 89487
4683 6364 510427
3197 8812 440139
2886 2398 210960
9198 3650 1051709
4341 9875 301893
7196 8263 428949
1678 7021 952117
9562 2247 665611
6495 6851 195036
4738 9221 715676
2728 2597 195260
1903 1790 7321
5092 5493 356034
5711 8637 375895
6613 7005 150409
5517 3757 1366622
3656 8278 73500
5642 3299 938901
8282 3469 29850
8615 2336 619531
7239 6284 293132
7509 7258 1039632
4162 2348 32765
6543 8623 92150
9631 9160 117627
308 379 181765
4393 7343 306030
1562 1914 124696
1757 7871 207282
9495 3502 704531
2951 8312 1883889
194 2964 1356240
6036 449 128813
501 7427 732589
5359 3043 9133
37 7598 266655
8077 5787 615396
8067 4684 451308
3343 4539 2160393
4545 7353 181779
5849 6707 217085
4531 6010 35752
5923 8431 946592
9484 4767 566845
2967 3268 269251
9754 6576 81177
2908 3858 369984
2062 2074 484697
5790 4195 1027123
9850 7854 340206
8355 9771 362590
5454 5818 275519
9448 8487 311594
99 3705 133452
793 5943 228073
2057 7402 930973
2699 8535 301571
9777 2600 1208824
5653 7669 682394
9066 6800 1035868
6398 6180 715046
5913 4586 245083
7039 2192 123153
9244 6783 366601
8305 5007 24985
351 479 398280
6690 5791 581253
9814 2198 1483232
8153 2804 3583856
9136 62 84314
8296 1715 51070
7884 9275 154908
9650 7422 1064506
6303 7903 115982
3274 1561 621212
4903 1126 468886
1768 5993 35793
8882 9626 1586610
1954 9966 648301
5606 8852 44822
4445 7503 1243283
7735 5282 19128
8881 3739 69496
6306 3176 781858
6926 1945 363333
6016 1400 847482
9216 1823 388565
4482 7623 342378
811 6228 134056
4446 4074 185863
4730 7283 603408
2943 8836 740625
1110 4869 62540
5827 5049 287053
9222 4705 251806
8638 6455 1831771
1974 9040 33207
7851 2053 195114
5135 4480 1226361
2384 8303 1356764
2448 1231 1380096
1716 7164 306789
4965 2385 1622886
461 2737 408336
8624 9872 539994
797 8064 882825
5760 8214 1817
6199 2745 223120
2988 5330 105182
2458 1619 184405
8367 5332 2157161
4768 999 204118
26 8869 177618
5781 1044 764545
7808 309 992876
7340 2410 323718
1920 7898 337
5799 5344 366499
7936 5832 463147
7960 7992 1572116
3076 4453 26479
3448 5311 1714439
7633 9453 878328
2104 671 160406
9264 2721 92353
3257 7020 1466851
4383 7352 690556
