192
5829 2204 656069
8421 2005 855534
2709 2181 753744
6811 4674 123019
1869 3180 1676659
4921 7323 1116498
3431 4904 322533
1264 5480 18090
1625 1463 502474
757 8792 472600
8605 9247 872314
78 7346 289064
7564 6352 5615
2611 4988 1660991
4210 5707 59874
7765 3870 191459
2469 4104 656929
5495 7164 89062
4142 8478 9573
9037 2493 716163
7654 2381 198335
7658 5797 26157
8146 2848 13002
63 2999 68402
3526 190 123196
5472 7736 412758
2884 5693 1615283
3124 1793 404510
3635 2021 1853120
2694 5700 152426
4903 1800 524592
6607 284 560950
7026 7865 1145395
878 4643 1068793
7986 4804 642451
1826 4040 586347
5335 5845 1020971
2830 8781 1224856
4929 2311 336691
7375 8328 231891
6547 6718 1111211
5380 4198 142954
8381 7358 276972
4494 4758 1549465
2002 4311 152
8544 6875 85548
8025 2677 308625
5127 4320 46877
6687 7455 158028
3537 6839 702971
6434 4078 813446
988 348 1711953
3405 3169 670190
3117 1851 20458
9296 2629 610738
9742 4965 12534
3167 3184 614939
2656 2768 473565
2104 4543 348760
9908 2640 320449
3603 4895 102231
7512 1291 883897
2459 3810 38037
1166 7446 803497
1760 8335 618271
2456 5598 351993
7838 5250 425267
6984 6527 164194
5714 7189 328910
1778 4181 224380
4257 1319 724318
2688 5833 255662
3017 8159 322874
2015 1078 382841
7288 9183 931149
6138 7700 484830
876 5862 114259
2434 7649 132417
4415 5188 484867
8048 7728 476383
6250 4755 335393
5629 2039 524049
2864 3572 319341
8245 3134 848686
556 2943 522556
673 6228 813703
7836 9961 828146
6941 681 364979
8674 5094 2216044
2700 1514 481221
4842 1335 94594
7110 1779 65630
3315 3179 236576
5795 1820 357927
3940 4696 241057
2963 3634 423850
8470 8826 249689
8266 6093 145380
3480 8618 504394
8053 5606 99470
7936 654 724434
6622 8876 220724
8723 7596 348040
7239 7635 641132
7159 8494 315664
100 3010 146483
8363 8026 1211257
7737 4389 249575
3288 7148 206713
3009 4360 346775
3483 1312 2453997
3260 9294 1446582
8466 3194 346994
3699 2018 331010
1954 3150 100995
497 3252 73863
7541 8521 756608
1316 6094 483765
6568 8146 785280
9074 7396 219821
1367 3276 291744
993 968 10954
2132 5647 347496
2832 4106 16310
2473 2214 2105999
5593 2037 1406375
1357 4644 1667814
6199 8598 1412989
8548 7220 476244
9303 5969 353192
228 978 503943
4019 2806 821148
4518 6546 1087484
4581 4334 697456
8052 929 687780
344 8255 589014
4885 3883 1798758
578 5732 569514
5774 8003 238862
3189 765 196064
8119 541 77815
8761 6742 306648
8790 7142 36443
6246 7452 26652
1299 2693 74699
5435 8071 161448
1206 8215 96538
9216 2527 470965
5742 7660 284287
4582 8280 271270
3819 3332 480752
7448 237 129270
5759 474 101266
1608 5310 35502
4275 4036 63117
9926 2907 652360
7653 1521 470674
1971 1953 905526
6444 3239 1318580
5481 4382 1759328
1920 7101 713442
2392 6004 721921
6471 3806 11911
6822 3164 532527
5355 9562 1768851
8290 2120 273662
7803 3268 92375
7973 1724 613338
2484 3885 561548
3049 8422 679283
3558 1140 451403
6851 8059 534825
2218 3250 937703
4235 4017 26730
3987 896 338776
5922 4710 30429
8980 2839 602126
5711 1866 376416
7540 9295 265406
2788 5735 90898
9231 9702 221615
2122 5287 127402
570 3468 765126
9707 7163 1574140
7228 6780 505172
3571 1884 199031
8757 2383 142374
143 2515 223931
3349 8993 114417
9914 7212 586469
3146 6673 144653
9776 6327 198921
