192
1763 9394 717947
6166 492 378158
7141 6538 234024
6136 5591 390387
4385 6518 145773
8589 8802 265412
2089 3299 212956
3309 8733 811247
450 2823 167959
7666 7137 1179974
2246 163 1800909
2137 7483 339459
4664 4081 164884
5146 9120 351253
3482 3589 138885
5917 8662 875419
4930 416 1212326
3732 3953 491620
7867 5440 149848
1359 7452 804442
4413 15 600437
4503 8724 684530
2502 6108 1031114
6584 3285 1129477
2208 2564 620060
6354 2584 94862
8752 2892 547496
8513 8461 22685
7370 771 764161
3977 8557 44498
7402 8534 186933
1165 957 614370
4569 3819 597201
1456 8172 104516
5741 2475 70013
7059 7413 260074
5989 967 149795
2580 4657 1105565
6319 5091 370306
3933 3002 764900
1767 7410 462430
5612 274 358210
9480 1663 292163
908 3920 118317
8227 5090 147977
7931 2615 700
2626 9228 81138
7028 8459 1147411
1556 5873 17754
9850 8772 86319
8025 8154 965770
8671 8431 155222
6363 6467 888131
6508 7020 497735
2413 1551 545485
6316 5590 364028
6913 3146 63669
756 5907 521389
6033 5266 130503
8385 4624 152244
816 8409 124909
135 3885 249362
1825 1328 899595
2800 4728 717662
6194 3381 89759
4348 9990 260640
7701 7040 208901
3046 4411 455479
3987 8415 372091
8005 182 6621
5425 3665 172889
5659 3415 912095
8746 981 1349897
871 7374 77442
7622 1333 208438
7448 7435 46236
8134 9365 1962
1326 4864 1817323
5666 9817 509161
9122 8688 122630
8930 8362 1145009
5096 7010 301576
94 6677 254153
4682 5321 310752
1920 3635 242427
470 6389 488766
7590 6100 339320
3352 3935 1292158
4854 7353 54225
1029 6656 336501
6418 680 804632
3028 4064 298345
8392 311 303678
444 5959 16271
9044 5548 90555
983 5997 2037573
1170 4267 543498
9822 1243 51388
6213 8006 294670
6142 4495 164773
3959 1615 401786
335 1181 375720
3734 5967 149624
1560 9357 49155
2160 8315 18235
1888 194 380969
4862 5843 39265
7864 1711 273982
8101 5197 176555
97 7498 1239219
9733 8871 1930713
8529 3151 415935
5538 9609 966611
7872 8067 1094212
2808 8626 100451
9822 3855 795537
7202 6290 492296
5501 4071 154601
8390 2825 1186049
3624 680 1573959
242 6040 2931214
487 1660 202570
9698 5516 580051
3543 9139 567240
3030 18 884081
4769 8233 150664
1217 3625 359604
335 6929 353301
1878 4906 1051363
1430 2163 1110838
8413 19 507499
1280 4104 471963
5784 7082 270581
5817 9837 628783
5968 5771 590378
5331 9653 1204776
1420 2727 141999
7488 8211 456871
7968 1433 173123
9906 440 967406
3999 4098 746449
4212 2506 220597
1944 3173 57154
2553 7105 502253
5143 6625 686107
4505 8992 602302
9091 8186 517470
1647 5595 597794
5088 5622 560261
4178 8794 441381
7311 3330 167635
6596 5280 121930
8598 8105 711650
9414 7795 1227158
7200 7012 618488
9012 841 493517
7586 921 567323
4980 5272 80920
3752 9528 200495
2550 805 270457
9890 6828 123598
9521 2100 12900
7872 3286 44792
7371 975 74523
5415 3904 978189
7005 5245 156122
3277 8422 688494
7500 5714 500049
4002 8892 1438486
708 5550 952162
9773 738 508690
8537 70 1780003
6926 1559 268643
4077 5743 779559
491 9445 278211
2187 1221 220093
3371 2085 178712
2472 9918 328700
30 8674 168706
2693 1915 1356747
854 7330 1125766
863 1916 27513
3338 3475 68967
8404 7077 1219395
6123 7548 232526
4601 4419 910064
8022 8937 33928
2199 2480 2578111
8152 4360 1060143
1041 433 16013
8232 7290 442036
2242 2347 1071807
