154
8038 2864 40563
6682 2348 440212
7972 1250 579596
8048 8148 132339
746 5992 1623761
8020 4971 347977
5695 4682 896290
3806 7570 545784
2008 4259 105391
9404 7635 7588
27 6744 191206
1355 275 1213840
6277 8742 1414165
727 3718 1275333
4870 3595 835139
5799 9710 1071354
7407 375 1550938
8346 5462 936117
9171 8331 889054
4478 6099 1545321
584 8487 64312
6954 9849 18424
4597 7191 657626
83 2822 636601
7006 2705 61932
4661 6856 10608
8648 1883 739914
2484 4824 772621
4435 3912 239085
5701 1026 2261
3810 3792 401836
5768 2723 475949
793 6605 435720
4667 4236 238393
8540 6060 242833
8388 2553 1573591
3167 2688 1171536
9083 3314 625021
4256 1222 1504890
8404 399 182487
5776 7427 1456657
8237 3091 263218
2029 8105 171757
9574 2998 702896
4137 8032 1091979
2792 4433 348034
8518 8194 1298301
3121 5860 232155
4791 6352 172778
8885 7848 1046399
8963 3246 45430
5388 6182 285195
7726 9508 199755
6073 4499 140710
7146 4926 251950
2749 7423 2281148
6472 9940 910839
151 8802 130617
9733 1680 1216641
1306 3921 2856971
8544 4489 1393964
9880 1808 190063
425 7944 445187
1377 9197 962825
6267 8603 509565
4914 4137 2405285
343 2 349129
8910 3561 1839632
7953 5097 1607832
4392 972 530370
7633 4299 21104
1283 3137 188753
2051 2593 289112
6131 2261 125939
1601 2659 127253
1945 1068 872299
2836 3933 618808
5526 9662 317435
5085 2059 744076
7400 3783 497524
5676 6459 405013
5751 4082 151901
8718 9329 349294
6891 7082 2710020
1371 1333 792936
1852 5687 760206
8897 8318 903629
4215 551 6754
9716 8235 36693
2236 8097 352541
2019 6967 572816
2273 1659 890735
1851 305 344859
9419 2248 1367612
5230 4323 1258745
815 9148 378902
6613 5833 122827
2343 5707 183594
9809 4347 564519
1364 6476 447896
6904 7153 526139
1980 6181 918138
5849 2449 673231
3190 3729 255550
1577 2019 62804
1269 6181 48905
9317 5697 314788
1963 314 716594
9463 2921 317992
6564 743 644264
88 2037 866727
7134 6088 1593931
8362 5302 12874
1007 7281 834536
6628 2986 1164551
808 6569 1857561
2687 9391 184693
483 3530 583507
4034 2768 471286
2326 6772 370239
6245 4482 9255
460 289 1026364
1625 843 23730
5801 7594 635366
5244 6556 160474
7465 6366 286954
6934 2381 156912
9994 1250 466642
1304 1197 9951
4353 4277 384340
1326 6424 1617995
9125 4663 274301
3831 6327 295201
2787 7418 579220
4348 7759 924855
4810 6802 64868
8673 3230 952402
4870 2002 103524
3786 8349 2110979
7339 7184 688559
3551 4063 427437
1735 2885 362039
7575 5437 626124
298 6957 529551
7170 3397 1068646
6061 2569 576227
1844 1716 1182331
7655 5159 172566
3118 431 454908
4702 4234 38161
2563 6576 695390
5218 2418 1794740
1120 1203 828230
3143 7045 614763
