72
3673 8175 2087159
4890 8292 210878
7484 8566 2674777
752 8233 62571
3369 7120 1449013
8773 1879 166925
313 3267 431082
8892 2075 741214
7632 5210 135995
611 4167 960690
6014 6196 2260041
223 7525 1380172
3998 2762 79341
1680 860 968975
5684 3327 3122
417 3125 453682
742 8454 2819501
1469 6906 2627361
1595 6438 1353836
2081 561 1213901
6485 3767 44814
8990 2666 66447
3981 3835 2948503
6089 5179 4783306
1766 6534 1490853
9101 8418 173676
2816 2587 1766603
9355 1324 281908
9669 645 5966198
7144 8029 3419991
8203 4549 184453
5495 8419 301584
7082 2325 748572
2437 7976 1556315
8598 1788 225873
860 3848 1895300
790 711 692732
1055 3673 1175284
6167 7532 1784592
1320 2567 979461
8213 3082 1176808
4762 8251 73318
7695 5410 926196
8616 203 150628
7335 1795 544720
5549 631 329655
1811 7764 3442866
58 2018 4405120
8204 1516 47655
223 8870 2410223
8748 7954 275289
3464 3437 818374
613 5575 2119199
9617 8141 4268037
2140 2099 3003013
7090 4922 211683
7049 2718 1898137
3487 4429 2765441
3988 7719 5199871
8649 3253 62273
7079 5202 1621865
9211 5295 632808
916 1737 1196157
8334 8688 36824
4192 2136 4709008
1676 9614 699697
4542 1598 330028
1853 634 339273
2417 5691 211928
4823 8755 728986
9353 4369 1299430
1202 2962 1498789
