130
923 9355 1033731
4436 93 2166732
9581 6603 1763028
4326 4961 363889
6186 1085 1909265
9263 6194 383132
5257 2523 3310281
4186 8774 882665
381 3217 120848
5840 4480 265453
8396 7657 931100
9730 9500 500325
1700 6209 472047
7785 4530 904533
6103 752 1536335
605 6113 482771
9700 5292 88008
5726 5190 682175
2723 2382 960130
7084 8534 267469
3433 2943 1534550
9603 5458 803681
1128 9558 91117
479 294 522222
9437 6705 856461
3365 1533 2334767
1605 847 66356
9035 1982 138669
81 1655 1652102
3664 7205 388387
9637 1420 1276655
7688 5995 1140967
1692 4022 636338
8606 4068 270754
2631 2791 87213
5907 2531 94472
2544 9744 283367
9240 9038 22993
7968 6361 1280785
2629 4104 593575
389 6080 868394
9834 7125 773343
5982 3157 164155
1130 2805 385402
5301 7001 151507
7889 9115 175544
3686 691 1188485
5209 8365 112257
6176 9178 868720
9033 4934 161908
6057 6283 55019
3449 3533 443150
714 5986 715419
618 5580 1683905
6012 659 226995
9473 6434 462918
5977 5126 118850
9890 7581 869165
698 794 56398
6470 8871 1181147
4652 6340 1261008
7964 2645 358409
4621 9652 75442
1827 826 992135
5227 132 1185208
582 2304 236993
4481 231 3802575
8751 2194 358163
8693 8433 670212
8022 4330 2909225
8731 8187 1464168
2743 9825 284104
5742 4876 460486
6883 9097 1733017
5945 7934 1130622
276 6700 428773
1071 8918 221736
7792 6420 994579
1836 8668 81289
6378 3082 64896
8252 8887 65898
5093 59 986897
2297 8230 197962
7832 6673 4358
9153 9297 591841
3666 7321 2329887
7254 581 43020
8952 4856 801498
8894 2429 1258970
6234 4953 580753
7928 4636 520212
6668 410 1610612
6142 3786 409506
2622 5445 1674670
422 1611 61383
6175 9521 255137
7032 714 138083
594 3052 197796
8081 5331 844181
4228 7187 1580300
3425 3510 890620
1163 9167 1600141
632 4379 966328
4846 7888 2130647
7355 6676 1056160
1286 6961 719999
6342 2114 527428
5702 4979 30655
7153 8755 1215439
2972 9592 395699
1675 1717 276515
8034 6021 397182
5193 816 2064130
218 2038 391570
4850 394 208508
9475 4364 951772
5604 9600 1441748
9277 9437 1416132
5248 6369 128656
7610 9239 407119
3561 4102 433484
3946 1005 751259
3033 7034 201046
8896 2317 453058
7178 6170 1895158
4703 2286 256148
3353 2904 243473
4310 4140 827380
9382 7177 826643
3182 9996 267870
