130
4995 8232 27231
5243 421 753341
8774 3572 1725272
5600 5005 1042504
7861 7936 604616
1373 6012 15139
1485 6144 771807
7797 7031 2599518
9043 5948 1886115
4520 6886 71773
9556 9776 1594494
4380 4702 361774
8851 2576 247241
4738 3939 335895
1348 5811 640736
8405 9015 1480740
8857 371 183771
3081 3329 3312831
2788 5739 1212250
7915 9863 474857
8972 6631 749608
8881 8801 1854504
2977 561 173518
9673 2488 487384
9856 8789 210674
430 586 628606
1618 1391 340537
1488 4143 1665247
4340 2889 817827
2410 3560 353450
2903 8928 9774
8391 1798 128438
1287 8836 625203
9747 8202 99966
8252 8596 921285
3532 5802 1083832
4171 2792 3830
9537 2718 945376
3220 9975 645572
5613 9041 279205
7892 1991 126877
5623 4437 1044518
3772 6151 248442
8628 7328 747161
2850 1369 463373
6521 1374 234457
5769 4186 1032723
1833 9794 85580
1908 1464 148022
7185 1145 1823337
6861 4362 283367
3583 2946 622900
8210 3683 660829
7076 1894 591193
3823 3094 75052
6911 7673 2406
5319 6274 3060121
3937 9179 59645
2913 3859 169882
1003 6574 654981
4018 1800 17550
3894 1117 134578
9729 3028 373200
9634 3408 2820982
4850 6416 437526
2184 7262 1040864
2376 3548 794449
7419 4716 1254147
7434 1837 178897
6189 1183 336933
1754 1304 363976
2405 285 150209
3008 6529 925370
7706 3460 952285
8632 2838 634516
7740 7564 2110038
8600 8951 36481
1099 488 982947
6330 18 1506271
201 2038 166125
5222 7662 1060112
34 3465 61758
967 1968 247305
79 3709 463145
2757 2757 389969
5573 2601 733339
158 7565 607903
7411 1163 1463961
4973 9990 103573
9166 3528 1931863
6195 9009 37037
4880 1794 549651
3223 1178 1181572
2136 7685 695355
3042 7981 148941
210 852 798019
2578 5815 96482
6279 1576 1950113
3753 9080 1381958
8460 370 340332
6218 3981 204078
7957 3208 1069449
5143 9766 14566
610 8864 225327
8503 1718 1237156
3130 7059 391633
1281 728 1803161
3689 1130 2281172
3720 3348 1014355
6327 643 734183
4856 8980 1173966
4358 9894 1151206
5018 4351 472778
9218 7093 309192
3971 424 692553
6127 9448 2754786
6439 2377 398768
9268 7125 362672
8809 2623 461731
8133 1942 1662246
9396 2013 19285
6152 5327 2194381
8891 950 197780
7265 5625 597084
2555 137 2195096
158 8996 1466060
857 6288 687701
4301 1995 166137
9831 5591 893398
8274 6335 207761
