176
6809 576 117266
6883 6707 114423
8392 6911 245008
7921 7511 577174
6846 2962 187044
2200 5608 1106268
6542 8137 2641757
5494 1267 6699
5313 2406 104707
4414 2039 533610
4718 7656 720497
8306 8852 1403569
4511 2784 412563
6356 3812 60637
7770 9609 1007839
2894 9773 894349
2393 7127 581910
2891 8930 312502
4669 3359 31272
6424 3068 279743
1109 5000 1232260
6301 8328 1514543
2091 8973 3713191
472 2356 1371
3117 8339 265722
2589 799 340688
7700 2201 2023293
5031 5957 9645
9365 1576 171674
1514 7628 7590
1394 1917 78370
817 8062 452714
7555 5121 1084587
4465 9286 351827
6475 574 276967
9224 3530 691670
9850 222 63922
9337 8122 275425
6214 778 1132007
3486 7070 759541
4898 4664 536491
2261 4255 137592
5846 4399 89011
173 6754 119609
6539 2387 157647
2148 8047 7124
5474 5029 256140
3048 7314 775428
5787 1377 45143
1564 6862 237040
8034 274 571556
1887 9288 1132572
1812 5868 621956
557 6843 652529
9311 6252 841908
26 1255 1103153
2734 79 116672
8098 7701 540690
8914 1105 1195778
9782 6169 134763
9025 8321 447463
3390 2336 598493
6932 9382 560471
7218 6249 683196
3522 2919 721489
3248 8551 33277
8366 4794 717543
5089 9370 5661
1011 5337 247081
9662 2762 153614
1141 2278 1087043
8822 3241 315587
9455 2412 71946
5121 3093 1908070
5000 1301 22240
902 8738 91355
9661 3270 219998
2984 6469 2693059
9574 9738 919367
7622 1566 297511
1742 2229 1043696
2434 5173 1230037
4596 9266 108513
9725 397 106308
7514 5084 526415
3396 4027 618665
7540 4433 8500
9466 3071 533384
8843 4578 314999
1256 5929 1028235
3464 1466 485982
931 6268 160645
2904 9557 297803
2981 14 31146
4040 779 511114
3036 673 357192
4662 8652 273575
6258 4038 51300
734 7132 1921075
5538 4521 1798395
2269 7423 94229
648 9335 214082
2276 909 1633489
5648 4914 416520
5415 8150 246266
6252 7303 1799520
5484 9222 278474
8737 8812 921551
5514 9387 55999
4372 6085 865345
7155 2870 234237
176 3398 614841
5437 8891 324162
3683 5776 215277
2020 4290 554962
856 2784 659794
8240 7178 188299
9684 4516 557505
2790 4212 1246388
3713 8937 1405982
3737 5846 85422
1823 3282 1154142
456 5588 79537
803 3006 993333
1498 550 537465
2698 9373 2305707
6157 5651 304554
4842 116 609355
7463 3725 421208
8980 3980 554160
9935 7320 47738
8507 9843 1002198
5438 9168 484331
219 4374 669212
3906 2920 106229
8777 9747 596459
633 7217 1039894
6382 9108 27195
874 5767 192761
9558 9739 200250
8205 2174 319367
2749 9689 474534
7912 3163 115594
976 4951 994934
9156 86 151987
5922 1211 1180786
7218 2149 818209
7353 6351 98642
4145 2624 807079
592 8372 719431
9787 7835 431489
3040 4190 193573
4416 2889 105723
1530 6387 951009
6003 1894 702175
9368 8625 836910
8904 6373 253
1899 3165 270825
1069 8042 928576
8559 4044 20354
5529 2130 1307127
2108 6499 94602
3367 3087 303325
3690 9421 1726881
4558 6051 494934
5022 5972 86729
4168 2074 731417
9943 9649 375750
2979 5896 16474
4023 2378 914472
3588 9412 62961
6064 2899 110614
9937 9970 438067
7046 6829 494049
2731 3897 262494
9952 3488 260493
