176
3450 3776 1449735
5546 2678 2029974
2976 7493 114886
5111 9568 286414
9502 1314 181728
5543 8077 138222
4831 9114 885563
6676 4673 375890
1748 4844 1180460
1281 1910 924541
7782 5635 1593749
9976 1681 172687
2133 1585 486934
9096 3321 86376
7114 4842 718705
985 8893 521505
533 1732 80977
7297 2857 335466
2505 9351 1858566
8470 6479 368963
2985 555 158068
748 1857 1931523
4625 2591 354690
2987 2210 109449
6544 2917 44079
4413 5925 2138805
5727 8311 1034141
4907 3193 116066
7198 2760 325310
9405 3925 227719
4396 9834 195470
8921 884 44769
4906 3674 131272
467 1887 381334
7145 2293 138125
844 5556 2312509
9252 6856 2465
3456 1563 1170163
2720 7389 258087
5622 2938 24332
7102 8941 48610
2876 7938 534888
9684 1804 1078642
807 5129 12904
7292 2114 50163
7494 9415 1076228
4917 9445 12328
7135 9662 399310
9207 9842 952140
7030 1765 462501
1445 4345 644591
3373 1285 833985
9621 4758 801634
7052 5254 1179543
9021 8835 795304
1974 3697 387868
6471 5596 135044
9809 4600 227426
1369 9132 354320
4775 1124 83274
9401 3389 921178
168 8075 366720
9748 3828 773464
2043 7255 1352688
6425 2799 70444
1351 9737 96480
3482 449 248440
9882 5457 63049
8158 9052 11526
935 4662 753542
9576 9697 57775
207 8776 317782
9152 298 2188544
6359 3917 123362
7684 6327 408123
3725 2741 71279
2367 4806 180640
3023 9536 793276
2978 5449 108453
3435 8767 2393306
8919 7602 531385
3572 7534 313941
227 6134 687184
365 1990 991276
9696 3856 97534
623 5626 55729
1186 2019 211307
7005 7081 58007
6019 8692 233396
3411 4138 9160
2930 2047 835520
2429 7170 659297
5694 2797 33227
7212 1720 794522
4279 6734 2198337
567 8769 119227
2182 4120 1453048
40 102 432768
3818 9034 844352
579 285 710701
2253 4983 191709
8017 9031 124366
8086 205 47889
5009 7474 284920
4193 517 819898
2623 6964 242362
4978 7899 39321
8344 2343 72818
5144 6521 812523
4324 1089 544429
5585 8879 859678
4213 6863 206165
3895 991 323966
9278 1317 239156
3625 167 685482
2704 9015 193145
6065 9697 1313377
3756 1017 92143
4845 2304 532110
9832 1496 2705
8928 7189 469844
3854 7074 169041
2210 3718 199287
4914 9283 1800793
7260 2508 2500012
2425 9978 114519
59 1269 869051
7002 1950 305132
9753 2076 92071
7241 9483 425626
6897 9070 625115
8184 2919 49571
7830 1987 493212
7577 1237 477670
8762 4146 258188
7462 16 1121176
2268 7341 577705
89 5489 1269413
7163 6656 824730
1849 2239 1664520
7309 3580 67632
4018 8513 13691
5346 5717 1579378
8830 3265 724323
502 6152 210359
5254 4368 553860
3683 7433 14260
2085 4714 128202
3952 907 204674
5484 2910 363943
4155 9554 170387
5076 3242 285951
5205 580 779800
5523 9900 1070773
2420 1848 145472
1850 2044 80174
2195 3209 1171360
8625 3914 521506
5647 958 899954
805 1303 1033835
962 8179 274077
8413 6939 206174
9673 1111 370280
3869 2552 739157
9989 8276 517154
7306 5233 91290
3682 5530 598203
3643 4193 1165444
3127 3255 565268
8247 9113 58597
7870 6972 264597
8464 9687 1087958
7757 8075 116032
7233 7003 685674
3634 4205 1133392
6126 1431 2641922
