176
3120 4665 470396
2115 5280 284200
2644 6327 199024
6792 8080 746452
8495 1888 130962
6536 8921 508834
2178 1831 2604711
9850 6764 555540
2407 3576 737440
2452 7628 649155
2832 200 405183
8656 4154 484181
521 6705 52247
3533 681 294042
7135 2379 70748
1227 4530 30500
7969 4747 500144
9056 4119 3329021
2397 6437 285383
5544 4340 350024
6975 2975 29815
6207 6545 136308
5605 9819 45900
9399 8592 1588201
8825 4632 525427
9552 4365 343553
9414 6238 80621
8894 8590 1218940
7161 1314 387761
3274 8041 803593
3256 1567 69386
7561 9277 88888
9737 141 262050
3554 7895 59216
707 1002 90377
4093 7529 286204
7336 391 592633
8910 175 2402620
1248 6603 138944
3923 6591 406097
283 5254 245116
7958 4636 125429
1198 1298 234597
9654 2859 1020940
1440 2373 53193
6012 1882 24864
7656 8122 603226
9900 605 395856
3591 8489 288068
5260 1398 261014
2362 9624 1108718
7199 9274 1074331
4218 4599 1479541
9965 1520 257080
8650 1416 606340
6173 2706 5429
3753 7863 187744
9988 3571 618666
7980 4168 334985
2161 3194 951398
1961 9410 2303411
9757 2012 829287
654 7481 45241
5151 5046 195850
8677 7900 669514
9506 6897 314400
7732 5386 482917
6122 1931 146338
3561 7099 137975
7575 5458 585560
4544 4391 168117
6539 6042 396548
686 9333 56485
6267 194 37084
4551 2638 679164
6245 6542 549204
7004 6955 367515
4280 7575 324613
7787 1949 629508
8784 1803 1048175
4906 4108 2820368
2815 7834 1685276
5333 2655 23173
3654 4262 89463
544 5078 522754
3423 9446 161172
7131 1898 362291
3937 1427 52966
844 4447 1918804
7441 6660 132576
2596 4222 390510
4889 4380 452445
352 6116 781509
4896 5902 747311
6772 2945 605425
1551 4683 3606353
6828 8873 1465219
8635 367 588884
3244 9488 332132
2082 6567 555684
4338 8857 363785
6786 7544 38973
3614 4305 315670
5780 3587 277693
4901 2999 307848
259 8798 674332
5363 8599 692388
5501 4309 13340
9783 6717 356672
40 6482 1362339
4669 3046 1530306
4873 8183 418012
6199 2025 239068
5408 3321 65515
6616 5266 215504
883 8599 584407
5860 8342 208898
8045 9156 852889
2931 622 665560
129 5072 52151
527 4086 1042673
1493 2198 285537
2078 248 1213057
8136 3487 649141
598 8484 52335
4579 7050 501421
1570 981 401984
8709 7675 219714
7376 1733 73832
728 3889 538131
5308 3013 1363407
3669 9558 242740
3568 2353 1233039
2262 773 1315599
809 3969 315391
1251 228 686712
2877 8005 575343
4684 2704 101104
2295 8751 1096208
5099 8321 868588
8813 3060 264476
9762 8274 1402933
8777 2233 9557
1045 2173 40447
7294 1993 958402
6544 2237 500499
103 7680 130383
8654 6251 310406
4923 5922 331848
8941 2539 183980
6818 6704 361912
7022 6527 321896
6534 9691 312988
4414 4592 121983
9712 3687 936317
6481 3913 720019
6427 8389 297717
3722 7822 310420
6614 9677 379028
3237 7716 1094583
3195 424 895612
1839 6861 37335
5384 1598 776289
7723 3496 524858
7994 4403 615100
5555 7511 140766
4966 7028 189868
6161 5687 338603
3909 4669 649424
3304 5921 635778
4831 205 91244
9860 8704 2573930
1170 2587 100965
4492 8554 56785
6449 5442 190595
2895 5994 1799271
