185
4021 1443 2002641
3630 5336 16611
4277 1587 1517180
7950 2211 1404578
2818 3532 15019
3393 8516 447729
4736 5553 88620
6427 158 1338704
856 3834 3299230
8794 8970 412697
4155 1934 10385
5729 5858 227179
3255 3311 1032811
7217 5599 732455
9559 9313 349492
5003 4796 421818
1854 756 1183696
8709 6714 275605
985 5813 462401
6724 5320 76452
8609 3245 201912
6826 862 894383
8261 8657 247598
8251 7884 136660
9237 889 397945
2718 6774 79581
1539 786 829331
8769 4526 162438
2746 7000 1182527
5148 1994 538630
2205 9680 1053995
8325 801 222418
7101 3325 116116
1818 3252 397508
1589 5262 2925614
8106 4995 405836
8280 141 41480
4233 8397 650421
57 6838 112280
8048 6399 625436
2822 9015 128933
4662 6559 179653
5348 1324 31326
3936 4978 740385
1028 4848 409452
7707 4503 520794
1861 1408 184312
7584 7487 999990
6468 6669 557556
2263 5100 395962
3806 2 426979
2766 5027 117353
3004 9239 191667
2159 3636 198731
7211 1333 107188
440 4380 49512
9774 644 322336
789 5788 5982
6798 2165 234704
2900 298 398260
7397 8838 313303
4560 7987 471033
512 9771 40292
3088 4005 1127821
7058 5460 600245
6606 9654 222096
9424 5516 1088730
8688 2993 104390
7081 6367 4039235
6700 1405 1235422
487 8204 1313704
5525 9581 313414
9543 2418 760652
1375 5959 1241044
6866 5117 1435625
4979 4348 1038030
1057 4874 364067
9114 7194 504198
2423 7412 11917
3052 7637 87251
2466 6611 440795
1883 1326 406186
4948 5399 2371852
3402 1798 182008
2875 8779 399853
1784 9430 2194745
8826 6045 507780
8954 1048 544741
2767 4531 576894
8924 8278 184122
7768 2018 100463
8078 3704 555616
9504 1653 46077
3131 4309 402064
9571 3123 120067
1022 9943 105189
6754 3907 141631
8552 3927 1098178
3941 5206 525445
3930 3855 279538
7471 3411 74511
2587 2889 808619
8808 4319 27722
2464 1492 86509
4804 6646 1614999
5877 7360 217520
4858 5402 470007
1071 2217 342189
2000 5982 68312
4998 824 702812
4800 2166 68204
5124 957 477300
4079 3081 5497
4300 1765 939054
5829 9417 87187
7252 8763 132704
240 2649 220100
7758 5543 122430
1201 1307 678680
5913 3959 113593
6125 9576 1377173
9678 7592 661350
4848 2404 1344426
3320 6447 96548
9009 7536 182313
9894 8801 163476
2270 5138 608289
3203 8462 385619
3499 5213 388320
3655 2368 13926
8353 3837 1300832
4389 7567 53113
2754 4629 292213
1639 3465 498
4415 7081 6553
7742 3482 864905
498 804 912533
1942 7806 619676
9761 9503 114420
9480 6909 236513
6841 5065 419210
85 5092 2219
6330 3752 558252
5013 5490 73376
5469 2396 1682034
5820 1761 18692
6290 5179 232868
629 4065 481927
5178 995 937968
1167 6840 49962
8814 4441 733291
1556 3080 1607450
3463 4851 226034
9120 4644 10664
7477 3201 278195
1038 7629 236202
4420 9652 808037
9441 2216 150901
3040 2974 485671
5307 3218 292378
4464 7038 222918
9684 3765 310513
2681 6307 569619
9189 7794 1056904
7752 1239 22919
6798 116 210728
314 3361 270780
1812 1837 521426
5242 5649 516726
8889 602 99730
2699 5442 78189
3088 2702 315417
5288 446 645599
8903 1069 92539
7787 4857 3633
4163 2668 531646
3818 542 219969
9195 5676 86512
7800 917 756015
7290 4837 73754
1657 3451 1947053
4730 6641 1029978
2074 3470 215956
3512 6504 3732685
3190 9844 68616
