185
7099 4298 126464
3769 5158 550723
7698 384 2563
5017 6461 610574
7279 733 55397
3589 2258 325783
5016 6537 506195
9063 3021 1141327
9074 7118 197885
4624 5677 669233
4666 5903 213283
6291 9476 60989
9350 2443 1444110
4561 5184 140133
1073 3802 397703
9933 8841 342069
6655 7026 576159
1093 3844 342103
7249 4285 1330044
507 1269 574454
7772 6710 703878
2024 6729 688584
2287 2587 3660714
4189 6775 925284
5438 7887 218267
2200 9814 317657
7564 7023 184381
9529 8102 2071136
2733 8490 444363
3918 6052 228994
2913 366 144843
5909 9586 381739
9987 6259 95369
1742 9487 414935
4210 6264 375014
7603 773 1080768
847 8439 514373
2263 3242 71901
7973 3621 1045272
223 8189 584590
3479 196 477935
7255 2968 236085
2525 3138 878344
3763 4784 687440
8260 519 504348
1112 9303 2015895
5816 342 1377512
1657 4607 88846
125 2335 103754
41 9896 207459
4615 6920 288898
8402 8909 366917
4001 3221 98023
5347 6406 72160
4176 8982 154376
9645 5378 528778
6359 2653 388602
4872 6020 3191039
5366 8428 478812
3727 243 709019
6806 3738 876603
9671 5715 127970
6672 8659 294412
5942 1179 101401
2030 8570 769393
813 1673 18296
4996 907 180
1284 9725 416826
1609 3076 357763
6662 189 789771
9758 2748 1459606
1872 6935 348002
4969 6166 2071
6345 4420 534518
7752 7608 482070
3436 1687 403190
1389 6603 295236
2395 6865 1915888
4609 2746 129054
6229 85 214777
4157 8492 376957
42 5591 10197
1807 6465 1291019
1031 573 178481
7667 4469 157447
7039 4093 370324
6519 3234 2199
9614 2129 1475226
1901 2304 382855
6734 3025 636421
8545 3164 317872
676 1901 573427
5349 4581 506616
4236 1085 540163
3488 5481 741485
561 6299 738113
7210 6901 2533402
9260 6338 557744
7815 4989 264937
4802 8477 238199
7068 646 84415
7093 8667 13037
8591 7560 581356
5816 7462 77358
2578 9625 419592
4298 9366 299567
8530 5291 2270326
9240 5980 564799
8254 7456 144503
2243 6483 771531
3544 8887 157661
1795 1443 1075050
687 2990 2255285
7192 8019 515861
97 8333 350380
2337 239 394712
5525 8404 984645
3138 755 599471
2144 956 354570
2644 6880 118298
3897 3821 1711860
3511 2971 273671
7960 18 50563
1454 3230 41069
6740 6018 577070
1744 2338 548073
4477 1304 10824
2754 8089 557217
935 6054 1002288
5369 4066 280342
9097 7854 139578
7652 9941 294144
7182 138 1389251
8412 6703 422605
3954 2345 616321
8183 7226 837251
3773 355 11080
4238 3528 1240077
1517 9040 506753
5960 6058 319376
2303 7511 238944
8855 6094 320320
6933 1997 84539
4512 6531 647501
6990 5297 627310
8735 2982 24968
5073 9338 672528
3580 6586 48370
8070 6411 79767
8002 7977 60559
9801 3292 727278
6235 17 192685
4221 6055 534361
6468 2269 1624349
4120 4831 596368
4077 9274 177138
7496 6379 222990
2784 5526 62768
613 1111 693562
581 1464 129360
5517 6186 389945
9204 7766 686412
4420 6110 530972
2346 9663 369143
7665 6610 8094
580 9392 187747
6078 5956 761453
6241 3325 810534
3123 4892 146786
3752 1754 723718
6341 6391 333482
7547 838 1219680
9695 4508 465416
7477 7560 159793
3538 8230 196569
1373 8130 832830
7685 6325 379905
1024 3469 737786
6835 5428 371581
7160 4267 713071
1407 7732 99796
1029 5743 74332
7936 5640 1023
9352 4902 1024390
473 6290 104441
