185
2550 7417 130810
32 9362 91312
845 333 1029678
3742 1238 286677
7451 5425 410876
3960 8186 14318
3642 2633 1031057
6417 1754 318256
6697 8287 825095
2498 1489 341537
2093 7955 235466
8124 5268 45848
4657 3268 80508
6419 2953 322372
134 801 143707
4351 6651 983453
9183 1684 1286430
9054 6780 234389
8234 4959 615517
9826 3411 247873
9406 9947 69627
9603 5267 114165
6913 7005 2376745
662 6343 1815999
7788 7920 90590
1177 6658 1151503
6888 9730 1373542
7279 9763 1364598
7972 1370 1314798
9325 2168 154042
6046 3050 99982
7353 7413 579420
2657 5329 1299462
1120 511 975821
9269 2994 390033
153 4868 162032
9153 8982 184695
4518 5921 86524
2126 9722 617563
9696 6631 453782
4838 6119 847584
1260 4491 34085
4934 7547 113804
3559 4689 1116346
4033 7248 779094
8723 2987 456724
9257 9085 375497
4992 4957 576619
2352 5206 631295
8615 4568 942192
2781 729 718830
3154 9498 761287
1875 7317 299729
7910 2722 497658
9044 8271 345619
653 3320 323431
1809 209 97616
1760 4164 566405
726 6555 792003
7057 9937 435526
2306 662 456929
4979 9411 724026
5949 4847 1014466
8153 5120 153894
8308 825 1046927
1544 9183 80028
7192 6187 227868
3940 9118 80477
5159 4467 360382
4683 2421 55225
7839 1494 337284
733 9204 802898
7279 9037 762638
8991 1862 315262
9057 580 57192
1728 756 9011
7004 4302 542637
8190 3901 1789080
1413 2138 1000350
3855 9296 400398
6950 9661 521456
3411 3012 370597
8275 2778 567231
254 2281 584747
917 4304 303380
5968 1456 1625866
6870 3056 140784
8388 1458 397849
6744 4775 314827
2261 771 646087
53 7314 440205
2677 1909 498520
7855 1337 107268
4706 7593 64127
7376 6101 309971
7896 9956 573473
6716 1438 245660
2570 2969 1702
6517 6539 277337
6467 4451 707457
457 6998 1013610
9454 6168 925637
4162 4900 162010
4271 3516 1124720
9051 3021 13656
8323 9309 515794
9770 5642 491257
2083 8883 687005
6012 5028 167226
9353 4143 765876
3417 843 1380941
3242 9667 392690
7023 8711 487744
1574 7938 334129
939 4554 146116
4591 9830 692267
4188 7682 145493
4334 5925 151847
1771 3925 190142
4936 620 41731
6036 4440 708851
620 7057 37345
51 1531 954638
7446 9927 288895
770 7152 346985
9822 5602 182035
7692 5865 221034
1585 3307 1329742
8241 255 638455
9413 5956 1675546
3557 8482 745810
5035 5388 121389
1266 7179 130213
8448 8588 963524
2618 7338 536307
8430 4599 2023019
1464 3884 745515
8614 2042 438333
7057 1507 836536
8270 9048 236898
5146 7510 1298370
1413 339 390580
7159 9446 1026114
9113 4269 1259753
1547 6715 96943
2954 1671 2748137
5833 8250 43782
4845 8162 145374
9024 4019 193267
3516 3983 161367
5076 799 2172126
8770 5281 409427
2218 228 145571
6272 2522 910559
8613 5525 305082
6154 3406 77951
8637 6763 94999
1377 7428 229002
5748 6775 654110
7212 8724 169836
894 7641 383478
220 2197 105303
9050 8985 383727
331 8838 102120
7072 227 480636
1957 9579 1145166
322 7694 1239987
3695 4884 450930
342 5904 36471
5639 5413 814221
3823 3478 290777
5823 5470 48755
4655 996 789348
957 8274 650893
2535 9057 88947
9906 4862 503698
9930 1384 1295528
8976 6418 428999
1963 3191 698921
9435 8030 352855
4335 228 98317
2347 291 379133
8828 913 90984
7767 4250 87635
7474 1141 552898
