185
3268 2646 795822
9759 3041 987834
9317 8680 1123169
3018 5410 1033220
6724 9341 73025
398 3085 39171
3182 4741 222445
6590 9516 188294
8358 4770 2269479
3473 2686 938764
5302 8953 120750
3097 7645 1290230
583 7501 574065
8908 776 7913
6482 8834 1065860
6050 4709 79982
2293 8379 474086
4002 4307 167112
3204 8140 44080
9437 5206 2620
7463 9413 542468
2645 8687 605833
1045 8155 937
8610 6376 764954
4082 7668 321948
3299 113 950684
9698 2371 859810
3084 700 699705
8252 2632 571604
3777 7406 860360
9422 6530 73741
7881 4924 716224
6981 2396 398128
4049 7060 215649
9799 4922 13139
4226 3344 751481
3275 6812 321557
1641 8918 291990
2872 4608 111802
8520 2035 171257
1008 7149 506503
1669 3632 11622
6909 5173 22271
7068 6212 236905
79 85 1503370
6359 1647 1089007
4416 5154 168555
8049 8013 123073
7238 6870 534597
7960 2671 619719
328 954 469624
413 4853 1494356
8380 7356 127312
1233 7714 234532
1431 910 65206
1017 5354 1972333
7273 4341 414857
2664 2269 185817
34 1830 140317
2460 7385 196075
3668 4226 1471869
6622 5010 170940
1045 9617 386614
4076 2025 236282
9427 529 62569
2194 6995 113877
7518 3120 1171539
4178 2161 771065
3801 5567 156232
6782 5680 277958
8432 2966 812094
2030 1891 1810625
3210 2514 150319
505 11 12663
7293 5524 129519
9647 5745 217807
5636 9228 415408
7927 7737 1176795
4843 8693 76080
8267 4286 521104
6379 3942 1022963
8964 1862 860883
5125 5182 543824
8945 4516 31602
7914 1179 261801
5066 1615 180929
1477 2179 603802
6265 7889 18175
9522 4840 1239668
5505 4006 452514
7013 7388 386441
92 3172 972507
2645 2220 424498
4177 3785 182246
841 5821 1526731
5678 5987 84977
2079 178 349907
4180 8100 1519646
8856 8715 102164
5876 5855 272707
5643 8591 271096
1015 1037 3190189
1782 6827 296163
4403 6702 1577746
8983 4350 706710
5396 4705 930955
5229 8076 643621
8928 8051 311363
2047 2006 21695
6433 3656 88432
3248 5255 1508060
8020 7922 483667
8182 3357 372122
2238 9994 94232
5527 2356 296748
5625 9668 335492
8476 1607 1270599
2786 6767 90314
7957 5383 376200
5097 7408 656139
7935 4318 170562
2764 8148 61123
9236 8260 146598
3491 9398 100189
3159 5755 875029
8949 1547 138027
7172 3769 93346
5942 6917 296713
4642 6715 228625
4263 6469 45649
2660 4513 76629
3380 2630 28156
5520 1705 84713
1849 8757 779463
6655 9481 147490
285 9504 613224
5629 8532 858614
6070 739 930603
7767 2004 635457
1617 5729 174777
8758 4674 529281
8640 6269 246922
9388 6423 3818638
1744 7530 55289
5772 5193 500879
2493 2231 1622364
6565 5487 995213
3408 380 1139176
398 454 241386
7870 525 78964
9652 9027 418365
4746 4543 2049724
6436 9609 1122563
4388 8493 1003399
5153 675 257630
7412 1824 52805
7186 2174 90813
7788 1926 440195
5591 1180 485361
8820 1970 1215176
8036 7112 156418
4563 3010 829555
6673 503 516145
4253 2448 43670
6793 6145 39528
9044 1190 1226664
615 6964 480180
1611 2242 211964
3672 9249 180262
9527 2146 56131
7415 1225 320975
856 4556 138306
232 5566 338018
5357 5211 214943
9389 1940 141728
1968 1457 354825
3555 9958 95495
6193 9562 348586
8477 7185 805233
9988 8954 425112
1453 8617 105102
7865 7712 893326
3623 1204 738196
6877 417 2311078
7497 5884 621300
