248
7862 5607 228135
6505 2825 266526
6798 2225 562462
200 2694 396653
9930 142 995710
9875 8939 250824
2434 2662 320557
4898 2714 213275
503 6308 487082
7580 7965 538009
6151 8473 136075
4291 5609 76600
920 8199 145457
6186 3598 14644
7775 6377 188130
3936 6239 307439
6864 3673 242187
7003 9766 13738
3182 8167 216149
1751 7868 855480
1805 4241 1085
1159 988 133456
5203 3593 266236
5081 4860 154347
3206 5145 1172762
5837 8861 78245
8057 9971 237385
4096 7949 136738
2262 7109 624427
1956 5447 107437
3431 1813 33994
9893 8212 368588
1340 417 367907
8690 2701 95133
6157 9106 345821
8642 7668 217331
6970 4557 239212
9233 1492 516261
9216 729 81463
8180 965 73163
9113 5508 710919
6015 664 48590
2405 8077 1078885
9063 3316 54609
6647 9338 243417
8515 2556 44031
3513 7651 568971
5658 597 28249
1167 1675 252991
2923 3050 132014
2903 2528 216277
5573 7427 951282
3431 8086 396754
2105 2379 700854
8468 8532 118769
483 8973 328745
9242 7154 134861
4699 4827 928388
779 3592 358897
6021 2405 15842
7764 9896 115474
5661 4222 215142
6925 1346 182944
1618 8483 64164
4113 2626 98985
6428 6106 644450
9234 2020 20202
3813 2226 291272
3321 1500 437571
7221 7393 5814
5611 776 325372
4691 3856 686878
6547 9233 128031
2597 132 175223
4490 4003 98282
1792 409 211260
3702 9378 58056
6622 6797 719858
4210 5198 3861
2041 1280 62391
3992 236 22292
3928 1809 486373
6844 2999 266807
6406 8810 552169
8653 5092 273033
1655 6681 502818
2683 6551 110871
9091 9662 128118
7902 2546 395494
1148 9285 496170
8513 5613 1129222
8547 4865 1304666
8215 5977 76832
2647 1588 463586
4554 7310 114362
9624 1859 16544
7111 3329 233884
1736 9181 171045
815 5242 648192
1209 7204 804284
463 6168 824023
3280 6744 604326
54 8193 893412
2666 771 247730
959 5620 593847
681 7939 563038
3786 5738 1021276
1711 9978 776747
2255 1779 31488
8126 5804 701143
8659 1480 841146
429 3688 206476
7381 5626 205280
5167 4698 60085
5853 8950 1202368
3387 2928 213553
2355 6527 435724
8513 1389 26970
1118 6687 1368580
2678 104 117518
7712 6602 1096288
3528 854 109125
3869 9583 517263
4372 9509 209257
4295 1799 1381254
2776 1176 773438
2840 48 411461
6635 4494 124610
2809 7377 1197430
9116 3004 423716
6636 9827 174695
7274 5873 106419
9914 5369 363604
9023 4479 446754
2009 403 570324
3064 9537 449348
6150 5661 285701
5052 8032 2117
3112 8004 73371
6295 2668 267935
4263 8787 541688
8189 5067 60025
4215 7775 109477
9274 9173 848233
3149 146 141108
9606 2822 350545
7127 932 821410
9673 6866 1413172
1426 9096 60352
2074 3326 380129
4846 4298 209891
2974 2077 551486
4288 9774 1544670
843 7511 295228
940 2058 552824
2988 5678 83139
7673 4721 70455
4911 3696 905337
2979 1333 764318
9011 8285 437757
21 6880 449392
7549 1808 495424
6858 2319 762642
8846 7900 227259
1552 1272 507430
2913 8971 511588
2833 201 545679
4414 6304 134131
2862 49 211579
6243 9961 79731
8695 2182 541551
6989 3721 166986
1375 6767 2046188
6452 6511 100691
5978 4207 566628
8777 1143 543874
5552 8702 204588
2992 8801 723990
6496 1876 11074
5086 4312 14917
8845 1689 15051
4686 8843 944468
1712 4410 542825
7747 8930 1307062
6228 619 1390198
623 8563 377879
2655 2373 1701519
1869 6558 1623212
5432 1147 37022
4560 3057 239206
4332 1918 112671
2446 6351 922381
5370 7431 127451
150 3527 1000558
9139 1938 80938
4128 1322 10913
148 5857 253878
8987 2724 14977
3661 9397 605896
2537 6673 276725
3318 6633 211367
6569 247 136474
880 7009 657605
2142 1263 1251045
6485 5864 500423
6155 61 211491
3200 7640 939576
8598 2475 671355
8332 8513 945105
8019 9518 276683
296 3254 209675
1567 7298 200598
7785 260 108016
7055 3197 459773
9915 9358 113974
8671 430 180080
2086 4718 352605
2354 9628 617942
7867 7928 327888
373 4387 2262799
3038 4448 38173
8269 794 128874
1559 3537 11703
6138 1044 107696
5313 124 491905
261 871 242842
4673 8763 197896
8160 2785 73484
2569 3038 194001
7042 9087 394853
6534 266 454893
6015 4991 113684
3197 4804 207808
4481 1784 58830
5789 7755 98799
5703 3926 204692
4270 5929 203965
1258 8530 606697
2605 6467 131627
487 2443 391820
7051 3089 40904
9194 4528 186127
7453 5829 143713
6353 4639 615856
2280 7020 108658
2361 9807 300492
9471 9667 532367
6647 9428 831451
