248
3674 8209 951437
5420 6858 556183
2871 9650 367150
6873 6425 588535
411 1890 193602
7418 4007 119775
9307 3271 256366
1752 1225 46138
3802 2267 36140
4740 1868 247742
3808 9944 283649
5279 8723 324199
4794 351 6479
6653 9532 213551
6446 2042 734575
7847 4796 512759
5012 8228 1569798
9983 7033 2364487
4412 9719 3903
8470 5781 58182
498 7958 544793
7880 7869 433238
8174 7733 54582
6147 6120 272582
1398 4523 183169
5202 1428 171066
6203 6755 139046
4316 3721 19659
6364 1981 70135
9781 28 238803
7602 5288 227823
1267 53 716122
1416 6051 435470
418 8200 141301
9023 839 396446
1460 2421 603057
8213 6564 424426
2346 7672 390367
7725 7710 491022
8102 6200 129019
5767 9289 424696
9496 2741 1253174
7816 1700 26272
3352 1772 168925
7431 3913 433159
8471 7541 506842
3517 1094 119881
3542 404 932859
3154 7072 88024
952 6861 490976
7114 8964 168071
3209 5087 219074
866 9116 756294
3664 2610 128609
2668 677 7804
598 4131 214188
5363 6289 878934
8663 5947 138752
7085 2881 463499
6041 9898 85968
1979 6927 1560714
4255 1568 24408
1867 2519 278151
4340 6440 222243
7719 2915 43726
9753 7067 216801
7297 1492 131113
5639 4037 261132
2816 2044 79967
6251 1740 270921
2569 6553 25993
9432 3079 38771
8082 7051 520663
3136 8824 162017
8537 3800 537116
6386 471 1295492
4655 7366 542515
7832 6850 206690
4966 2717 245327
9707 1602 566073
106 4104 750903
3652 4936 73886
1732 2844 526948
2750 5113 899562
4242 8872 1400345
3709 1063 109911
9885 8740 244383
2295 1999 409376
789 5395 283079
3144 5745 113902
251 2597 340287
5498 986 64524
1018 8480 118094
9716 8189 244776
5477 5217 54628
4055 8534 152775
5645 1920 487311
367 4081 66498
3555 8668 61793
6296 5807 416698
9268 7516 15140
6964 5918 349467
2596 5340 23970
8907 7591 1193982
9169 584 310680
2596 9808 762
4215 2166 65052
5394 904 428573
38 3396 42021
3423 317 266123
3715 3240 110871
7817 9299 20180
9871 326 164947
3759 7685 173204
4465 9148 558365
3478 9427 365047
583 8561 364195
8384 6740 113725
6710 8 577646
6639 9964 29288
1488 3789 137085
8321 9552 256681
7571 454 1544691
4633 3665 256320
5419 3571 344026
735 7063 203288
3187 8106 1347022
5981 9238 485289
7393 589 310712
1368 8721 27505
7256 3247 503439
1194 2621 95160
519 9243 888012
2656 5850 6820
7765 6712 2183937
7420 6518 1855733
9900 3398 313552
5418 2324 410698
5340 2139 1108250
6682 3210 653349
7820 4066 908287
4193 6695 2224735
870 832 320217
711 8940 202222
8888 5755 301336
4368 1868 843648
6056 5749 738835
9836 9281 166259
8425 5291 768300
1284 314 1281760
6134 3054 76173
6206 9084 60855
49 3526 426891
9439 1919 158406
5750 247 56536
9528 8870 618785
8710 324 841137
7758 7180 371829
2409 2541 415551
6122 9325 130388
7119 8530 280087
7340 5966 1252826
5650 6671 100309
2306 2195 297629
5458 8988 46490
2360 2420 27391
8500 6103 425181
5149 3393 217879
2605 9772 904993
809 6536 55235
2359 3154 1085009
4141 313 208945
7814 8493 224211
2327 1762 105257
9415 1722 117015
5638 9136 248002
6792 5010 41490
5676 3603 224507
8373 8253 575970
8699 1220 685914
7195 4415 107498
5255 1221 459773
4260 6458 354441
3012 1640 243848
9630 4441 877324
3889 4818 1268079
6770 972 23419
5225 5340 168652
8847 5089 351528
6651 8361 708099
2781 6750 626199
3244 6356 193627
5013 3391 309630
9033 4300 56270
3266 6792 132668
4859 7700 581800
814 6930 259743
3919 9057 280976
4212 6602 1026002
6281 6516 759847
9696 5030 133597
9889 1625 20389
3720 1565 116873
4091 537 536756
8900 5557 338697
8527 5249 774601
9431 9788 99360
2750 6564 1192298
9762 9349 689385
5883 5590 727800
6349 6855 992981
6996 8058 287040
4756 680 6955
204 8937 51321
9618 2854 134777
2512 3235 161089
1172 9693 161528
3755 5188 183553
2224 2253 122946
715 5924 1379470
9187 8816 1137490
4325 9006 24308
7928 9298 838396
2083 962 616787
7202 3600 271127
1427 1876 186729
1037 3910 65452
6064 661 8473
4679 7527 346579
1287 5415 298199
7100 6472 706985
3965 1291 14924
9853 720 148607
7745 8571 48686
6095 9978 441590
8376 3478 66359
5758 7671 256459
7080 794 636364
2209 1327 316642
7717 7796 26103
4037 2568 142326
4627 8444 413776
8830 3223 787796
4273 4931 554805
7442 7221 320113
8301 2866 40702
8563 1327 999706
4585 4201 170092
