248
1754 527 257061
9837 2848 252727
2921 6372 26749
8928 2616 229303
2289 8377 14692
3428 5929 868343
9938 8283 220812
652 9920 188386
4589 3238 417190
9949 1089 1077904
8233 2184 1712998
2350 2086 22014
5881 9524 558305
6373 1276 484111
6598 5622 130625
4346 5505 453455
7469 6156 146572
2292 5866 136954
1648 7537 446380
9835 1428 466698
4515 5835 367675
3130 4314 41861
9490 9486 213891
4694 7333 560927
7610 2942 767562
912 5495 397028
9442 5915 17503
8358 309 327939
6274 3410 402140
3869 9506 178525
5648 8045 14409
2310 2312 73779
681 812 41173
1113 1556 433798
5866 5028 183820
6807 7376 459344
1940 158 332972
8541 5776 2105457
5345 1822 894589
9595 586 236640
9192 9986 473773
852 5983 259784
9722 8848 35637
5199 9061 52180
6130 4468 1234135
6927 3271 94333
8402 6607 654557
7670 2005 503588
8017 489 389016
6895 9204 167350
9200 477 159834
4070 6436 390170
8009 9794 375561
6281 3185 218248
4697 7258 171362
5827 1973 531276
7829 9336 41633
8633 93 722963
6550 6042 573958
2661 7745 182064
8302 8337 66821
1576 3859 199093
5777 8920 847982
2042 3104 526830
718 6890 238502
4313 4119 1058676
7953 4915 583818
9162 5693 34443
1493 4834 27630
1899 4447 27052
9293 9477 459044
3123 9410 637013
7328 8569 241870
2338 3235 307004
7044 3761 402626
5266 5034 673958
1442 6997 42581
2831 4226 142076
446 3364 153676
8418 526 676179
3330 7233 7960
9088 6171 261039
830 3255 113127
3473 7766 303370
4901 3400 25530
4781 4288 306723
4261 5738 490347
1341 5891 106101
1169 6958 89909
1561 1607 427900
4001 8123 73140
9793 9961 398212
9987 4576 27350
886 1156 266650
1957 3015 375966
4715 7022 846160
4391 8242 183236
9017 9406 330039
2764 8672 663320
1781 9968 289143
3913 7576 113697
8378 7380 712400
3989 4781 42930
2966 1059 314689
2410 2795 1234948
7748 8435 76671
9139 1906 163357
1650 959 535419
7840 5943 515548
8869 3813 597427
470 9974 30945
5400 3164 535772
4695 5073 138812
2100 9958 417313
1638 1538 707658
3608 5104 643475
1067 2513 826002
8944 2878 152117
9479 4756 3734
7631 649 43187
3050 9542 215989
6162 5909 116803
6650 3598 390002
488 3767 768186
191 1996 715761
1425 7901 313358
713 2821 52875
5634 1328 449350
8937 7255 29758
7410 5084 848623
8905 9682 677679
4633 5303 929394
4533 682 135458
5673 5174 1797103
604 6747 326950
9868 3843 392792
9355 1255 150924
1463 4482 444910
382 5551 2208235
4663 3140 283533
4060 4816 402858
9532 7248 347289
4026 85 463358
5701 4672 175444
1290 2559 19497
8100 7601 157394
388 3501 704649
6332 5164 366402
2015 9813 379211
7992 6559 179335
2667 850 1149851
9787 6830 151301
3455 5099 69731
2171 1763 884765
5521 267 263009
1929 275 154530
775 2915 246408
5058 69 55522
5615 5542 601854
8775 9406 313352
3442 3689 92951
8071 5979 384640
7507 3624 78267
3429 6533 34131
8246 5470 354787
2052 3863 796202
562 3316 124205
1855 4350 338983
8424 2167 847706
2664 6311 363214
6218 159 127179
1104 7217 1485293
4108 5833 35825
6436 6091 75646
2748 1344 56979
9169 4831 537490
9742 8991 728928
9049 4386 215627
149 6923 91454
4977 7197 27344
8662 9353 792872
6116 4398 511271
4839 4611 168099
218 6717 72370
544 2616 83403
4078 3984 777926
8423 8203 146777
2523 2324 153023
7618 5214 198457
2314 482 569370
425 2941 104615
1560 5255 33464
2825 3966 90987
4805 7435 101377
5480 9670 189715
4888 8763 322069
7774 4468 514465
2348 9011 385233
6445 4833 487260
3244 4565 443734
5185 4960 547225
591 7052 695726
2198 4516 233950
8978 6602 12890
6996 7221 240013
8748 8190 545426
2933 1608 971286
3255 5889 1177490
9081 5600 1304811
9927 123 278184
4707 2461 538245
4149 9561 343045
7608 3710 218887
5826 2888 668150
8273 8422 610267
2678 1207 52613
3883 1666 7459
5668 4934 1348012
973 8694 296777
9884 6836 1260588
5016 6027 1301922
5266 6610 514179
7153 6485 236440
6470 5704 319958
8456 748 750064
7591 1031 1594261
1656 7951 341212
8759 5295 183090
7027 1578 310390
4673 1753 501755
8003 2619 48920
383 3346 401743
5059 6092 518117
258 8915 218930
6348 722 433937
1542 4995 585566
6997 8499 327040
9981 3445 386615
1952 9926 12140
2110 6799 776187
6352 8605 438643
656 8230 206726
9704 2596 1043780
8399 8105 219786
5680 7976 202961
7438 9779 53944
7159 9458 673054
4634 7101 638885
