248
2960 9339 17260
5520 4941 407526
3014 6600 1354993
9892 9015 404576
8016 7575 363659
6104 8949 589715
9312 6492 89501
3451 3918 59564
1287 3735 101553
2014 5645 375634
9556 2094 843803
55 8210 41073
8071 609 1174
9275 6563 16124
2707 7737 319851
6708 7542 22549
3892 450 76574
9779 5921 408000
3470 2321 1024195
2375 4017 3552099
9924 7618 782983
7953 7115 804126
1342 6803 309027
8246 2312 549851
1987 8052 462120
5185 1642 384920
5021 9672 224210
8150 5976 12623
1016 5859 16084
1824 7610 53524
4379 6047 191057
6070 8175 239023
1545 57 110725
9558 2570 468581
6630 5020 73706
2686 5796 252628
8633 9209 348818
7173 3105 26532
4153 9458 140006
590 4037 760275
616 133 84947
5835 5125 332124
2918 7337 660916
6264 3767 24589
3058 1186 715538
2541 7750 686671
50 2 104355
4662 8986 187849
2023 5307 767955
3855 6921 66997
9839 422 581431
9439 2581 404486
4759 1472 175199
151 8668 577891
2365 1272 71424
2575 4366 191337
2288 8904 588750
2830 7304 1330475
8782 6836 321527
3102 2782 100329
9948 1603 350165
9636 298 516842
6344 2312 460656
4703 9022 361419
8991 9012 49905
2755 5428 351882
765 9117 96620
679 5375 592900
9694 8037 86457
1096 6641 726321
9552 9528 291380
253 7172 827209
1099 2330 72271
977 3244 919301
1138 6485 1156273
1121 6654 512274
1335 9802 758368
6852 6173 74344
2805 1325 51387
8420 2346 129785
6857 1808 101807
3723 1151 217799
2486 8748 345071
9158 4209 245986
8459 8668 120969
3946 651 616019
8405 4253 107070
2466 4728 440434
1038 991 420169
953 1115 345188
2461 6631 564595
8922 5735 9133
9135 9830 171246
8298 3977 1561421
4354 9468 286331
1156 7038 101462
664 2995 190065
7344 173 27588
9965 5024 498909
1536 3297 493765
1049 76 417811
2986 342 689585
6065 6320 130685
3525 5375 256018
4934 6341 395168
99 8623 89879
7838 2592 455287
5478 3393 116650
6607 3072 1002187
2549 5645 164825
7378 8485 85629
648 9185 103431
3051 2092 22087
4728 6410 99963
3934 3528 95323
1770 8316 80661
613 420 401187
4232 4174 60441
9819 7116 169199
6890 4196 2132538
5446 9132 91470
664 6064 569784
5617 2145 215753
8143 1995 17621
5330 4750 82925
8631 1208 124782
1434 7773 1458290
5062 4854 192392
2831 5172 487988
1915 1191 85214
6040 2408 268241
4916 7872 193216
9143 7553 422264
6635 9643 442766
290 3189 308980
5207 516 634573
2707 2933 364769
7621 6980 98851
6723 7417 957720
398 2975 265665
4358 3589 99579
2087 9128 724420
6353 6304 58184
852 7167 306703
8330 7049 32183
6218 4580 70981
5267 157 320598
922 9872 386252
8577 1926 847563
9675 711 851858
7278 6579 441580
4612 8914 165229
9195 9873 183613
9918 9596 671726
3953 8575 512311
4084 3518 18335
1654 7857 1362107
9650 8989 278877
2202 5598 1093391
2287 3840 78633
9105 342 280730
8491 3263 378526
6557 852 971911
2563 7899 1085629
7110 7908 162200
1792 5425 143646
6707 8552 321157
7646 2270 183180
4625 6170 50170
4443 2046 1043065
271 2468 330478
6119 4551 39961
1506 6908 336892
3552 3296 210817
9303 6938 85662
3705 9690 114898
9210 9307 174734
7109 9413 233105
4918 8940 219414
4157 8221 318314
9414 2109 276016
7924 8125 471320
1758 882 163688
3243 5735 528323
3873 424 174184
3378 296 953839
5406 452 306464
7210 207 22142
5029 2277 566664
8685 1671 218552
9277 4238 209689
8937 4649 341771
3661 1789 248599
2273 531 9976
7465 9431 232400
8420 4963 350664
9320 666 832939
2403 9221 63648
4720 5308 22082
2356 6071 582150
5176 9067 996001
2617 1663 212143
2774 4494 967083
9811 1527 212540
616 5388 165837
9188 4764 429296
9181 6023 243126
4927 3006 304512
4002 9349 2664977
1814 7490 12755
2349 7952 416369
1029 6820 978903
1521 5180 1961
8140 3258 56348
496 9259 361945
9726 9428 596292
4274 6007 149225
77 4243 42218
6367 8723 445052
1042 7154 268561
6480 1711 248467
2912 6294 36132
6524 1315 182129
7248 6122 14817
7897 1069 870474
5755 8440 859567
8456 8137 144440
5575 920 758943
7886 10 1852737
5540 8977 85867
7856 4273 195469
2879 5934 195430
2630 1206 774804
5683 101 1048781
6536 9130 144710
2898 4814 538776
130 3566 1827188
1079 546 443875
7281 2701 897437
7402 8647 409493
994 466 77494
527 6402 1143931
5584 1058 76524
8413 2297 114888
9062 157 1652669
3130 2396 62346
7426 7647 88527
6931 5305 207583
