237
1263 1407 331492
8429 754 234260
9081 3689 470657
6822 8676 85448
7123 5849 1221358
6434 315 518973
916 3940 767299
5273 869 87265
5262 9606 847082
9784 9799 98952
16 2652 175718
4928 817 625751
3100 3896 190537
9284 5488 361574
9241 6680 480775
1679 6852 701268
5412 8061 510434
2614 2009 111324
7293 9753 320850
3916 4392 517701
105 2074 118351
3758 8629 150904
3008 8954 79846
4704 695 236996
2658 8620 158744
4428 77 1790786
4067 3407 303492
2042 4840 433275
3284 5661 103338
2730 999 66980
9004 7076 128610
1815 6711 1399319
8532 5126 984835
3152 546 328227
8409 1098 153877
905 5691 113171
2304 2168 1866496
3159 8448 44482
6893 4069 2563
5442 5151 113962
8832 3619 518291
485 3820 217015
8799 3770 79785
7274 777 536088
9592 6074 1070549
9026 4039 362832
8655 2314 103112
1570 4036 156393
9328 1243 150494
8938 3697 249634
6282 7202 217899
1234 6102 887890
3159 6170 651177
2855 8929 292771
9939 2443 619447
4970 1824 644394
3520 8401 98451
4546 4247 53756
4976 6249 250088
4266 6350 1199770
6795 7253 23831
6151 7452 776257
2454 5854 140421
6000 7710 443263
7039 4435 251339
4977 1082 150680
1130 6253 262477
7975 3006 385767
5444 9174 980006
3745 3355 223048
8770 7886 87284
2481 3685 104078
6208 2261 300774
2614 5938 89530
9710 2617 680207
3031 2947 425965
7766 8842 271428
9636 2040 627138
2727 7629 446889
8814 2236 11883
3077 2642 1222182
3558 4447 32725
4711 4047 205431
6638 3447 33689
1097 9673 205468
6814 112 50794
593 5515 2344
4278 8193 46151
742 7261 164266
4638 3837 208558
2524 4276 819881
1149 6963 41735
5594 8222 671767
8634 6912 199124
1602 9273 12107
8930 2001 272364
9749 1964 531630
123 7501 367610
5998 62 260128
1841 9330 6663
6844 1505 97430
1874 2474 251388
3526 5949 805233
4257 9709 1025736
2826 547 528546
8939 540 24827
4723 2878 824136
2041 368 164421
5671 754 100578
6172 1448 109423
6909 7668 258301
5302 1092 595522
5143 4855 80785
9493 75 597477
5623 1318 477662
4572 8300 1150720
1274 4659 371250
9070 8925 175014
283 8757 558464
5046 4909 936446
3160 8478 896378
5431 8431 613120
6764 6139 1540347
6547 651 134081
869 7825 5355
1482 918 270574
1579 2474 399748
5182 542 107261
4086 3063 120674
2940 8204 288571
5557 5780 146506
4412 3031 818805
7076 1340 520582
6202 9935 172126
9975 6145 524971
1297 3907 396529
5470 270 297952
6718 5601 311743
5321 2721 244499
9060 4615 110898
3577 317 282428
7466 2085 31492
5651 1524 33861
2346 7691 2495929
9336 5759 492268
8080 3008 214776
8782 106 129314
8424 4398 322220
6377 8371 891853
5083 8123 4001288
3658 2276 41096
8737 5688 66265
1745 3943 139126
6681 4810 350694
1914 5486 801167
5473 8177 503851
8900 4551 543937
1016 3006 351308
6726 9808 334388
3912 5955 229495
5997 815 134289
8292 5474 53581
2885 5242 19022
8576 6268 1451326
9339 470 222020
6032 3685 140767
345 3993 238212
1192 9538 504741
7728 5893 278804
6259 7791 909515
8614 7263 1347931
5151 5785 407925
3728 7349 4906
9321 692 53933
6549 1877 934989
1709 7711 81205
539 8941 103693
225 9284 6669
1027 7507 605788
7723 8786 143039
9009 8491 1255249
6647 632 479068
8203 2096 164934
9875 2297 195641
6124 662 270057
2765 8899 923111
3333 154 1353626
3970 797 202099
8181 8128 650126
2075 2832 670113
7192 8446 170111
9406 1755 77609
1327 9674 102991
2306 5217 197553
4043 1353 79177
866 2795 661692
305 1087 282585
6820 616 22130
4181 7741 863617
3642 8948 279432
4187 2884 138166
3307 2441 421599
1393 9627 28290
8432 5615 13514
7729 6449 1215512
3376 2411 985517
1091 9216 618789
1421 466 213188
310 112 1250647
8756 1634 307823
4162 2392 248199
6461 7005 505186
6398 9735 112554
3273 9872 952768
279 1729 86014
9628 1159 287963
5313 6773 169855
8577 776 218663
378 2877 469421
8876 6894 210119
4502 1312 215623
1048 8981 851753
6844 8875 477621
624 4952 423364
4356 6187 411896
7547 2033 228023
3901 9715 846873
7256 3326 19970
8442 779 1365689
3433 9447 221585
452 7206 870548
9426 3186 43068
5051 6463 336314
3317 8209 1139680
5886 9937 61004
651 5669 191286
5648 4393 354115
