237
4082 9874 529558
838 6488 405018
3253 2244 737262
1193 9564 195279
8766 3249 352414
7060 465 104733
3492 2331 29207
4069 8934 7917
6563 5654 375712
7716 9659 60927
7444 5732 369142
126 1638 69636
1555 79 509090
5549 4531 144823
8983 690 511250
7714 6209 393570
123 2528 427562
5123 593 419874
7796 1986 50354
4575 6962 159206
8769 9831 186184
1948 4166 507434
6708 4540 213937
7948 5050 557479
6037 818 12644
6572 585 1134459
5847 4929 12090
4806 4574 745346
4846 9104 28676
5697 5649 2563
282 8003 1816626
6966 5945 945516
3819 736 234854
6310 31 21581
1167 2704 727475
2449 8933 463500
2264 7055 411489
7023 3488 432442
4464 8170 247874
5939 5707 13154
8022 7606 7703
9772 6530 70862
422 473 1945467
2875 1962 35666
6976 1874 81619
1233 1415 1210313
6985 9446 545467
7050 1952 235166
6711 4182 223845
2806 9608 103163
2270 5698 271222
612 7573 647382
4648 9814 590312
2157 116 34080
8874 110 1861912
4805 7122 147205
5746 7956 195805
312 7368 1022181
6505 4476 160830
8160 9164 219652
483 5473 13348
6519 7862 1446427
7017 5585 67315
6591 112 71059
1002 3392 145163
3125 848 326600
7402 966 241753
7550 7079 123271
4376 7190 422628
326 7142 870023
1741 2394 286451
877 1806 177009
8804 9147 696618
1155 1769 307568
6373 1767 414597
8794 460 460837
9086 6915 924415
1427 2453 251097
5744 1502 125271
2241 946 360825
2319 8722 211856
4985 8598 103236
6931 4573 35247
9530 5409 36338
9212 5129 865221
1093 947 474488
8486 5361 151842
5588 1041 1187495
1731 4241 105955
9012 7536 131096
436 1607 236255
3803 6666 338259
2155 1989 804434
4951 6011 13868
1909 8579 70435
3407 1743 130198
3565 5268 300607
2195 6196 192527
6935 7371 446812
5446 4339 133985
8133 6525 221215
1884 803 551300
7361 5508 218811
3998 1574 893331
6200 1868 704582
4293 2761 137247
866 4333 377282
2425 9885 152519
8837 124 772024
1574 2041 1921283
5181 8579 219456
182 6164 494379
8307 8067 138768
7658 5449 56684
1580 8741 84398
1280 1543 1018845
773 1004 811423
1375 3198 134475
2233 2461 123711
469 7521 195024
2668 6004 74558
3471 5351 558096
4443 3118 676488
2451 3744 415640
5628 1854 265317
1501 7774 172836
1394 413 516601
7370 1004 1127823
1960 3567 879743
3499 2432 635555
6600 5583 103229
3969 9329 104591
9411 1546 590033
2588 9103 235279
684 4999 1226115
9902 4055 741966
9560 455 978451
4995 5835 912815
158 5551 341922
8628 7942 263010
3974 5625 461284
8084 9441 216049
5381 3813 1443491
1892 1696 348608
6063 2320 55160
1139 7921 233451
1227 2316 40857
1184 1853 101142
1464 3609 130475
5644 7847 36674
5741 173 121365
5145 6934 104903
138 6669 2040061
1442 4919 1216325
4172 7480 296021
3865 7598 409464
3476 4211 31488
4884 8222 114507
9449 4492 784502
5357 3287 335641
8825 8436 939797
3837 522 236593
2440 8387 86368
9341 6804 285341
3106 9175 8607
3376 250 1761524
1880 8632 785369
8108 9930 1314201
9283 5776 196053
5217 2373 400769
8191 3947 468175
4656 9449 262665
1064 3036 547680
4857 8691 10325
2110 2693 301890
3402 9897 260987
5376 7328 216925
372 7981 139613
2952 4980 683819
2143 1015 1099526
5682 1412 825812
5778 506 782870
7315 9376 38939
7617 4403 30566
5955 4316 569109
5286 8520 328762
8277 4871 686164
6749 5856 202340
4609 7704 113203
530 1115 117439
34 2176 609550
867 9900 87867
9259 7020 373165
5373 5642 70117
7723 4427 551305
9015 8373 213823
833 3897 657658
5353 3618 461613
5727 197 25142
2482 4571 250265
9978 8877 192773
3315 432 740219
4904 2307 59835
4916 3358 201784
5699 8642 73811
7595 915 895723
7900 1469 127179
7178 3226 77968
7771 8147 2031079
3173 8030 48851
137 4579 98536
6265 8014 1107679
9391 9606 487587
5582 9999 7048
1049 9025 59978
1107 9046 381462
3837 9292 650307
1178 5659 1032447
277 407 1016240
4722 3475 844940
1110 8876 37207
8371 5628 808788
1678 5871 433476
9415 9754 788830
4910 5129 27415
8994 5307 920276
7694 7962 227757
1013 9804 174738
7338 1251 500749
7619 1968 537469
9787 9899 178922
1596 1644 189813
3703 4054 41476
3965 6031 818399
3227 1919 607831
3653 8090 99245
5456 1169 21796
