183
204 3096 973990
8468 5843 674468
478 3180 458117
4758 6851 362693
3235 799 487099
3951 3052 568180
6785 9247 366075
8114 6051 84035
7350 690 539130
121 5123 825365
7854 758 333288
2728 4155 448483
5463 4144 1519439
5817 7101 209711
3460 9461 176103
2333 7438 77287
4926 7077 197262
3152 2683 1714048
5690 2673 701988
7528 6873 993449
3959 9578 232813
3623 5667 87029
3579 5678 465753
7600 3019 24769
2482 8961 8989
193 8546 1175
2551 4803 419103
3799 3027 51907
2734 7604 804123
7851 4034 140491
4419 7955 139304
4531 1303 584610
5060 3147 309150
5242 3690 808231
2101 4164 45325
607 7935 266564
4788 4192 260591
8619 378 467539
6157 8379 2128896
1422 7312 569991
9580 2506 641057
6365 3335 39154
3088 2526 72804
2503 6690 778282
8187 1676 272116
5645 829 34737
8219 8463 257609
606 1779 403790
9818 617 939830
7533 8146 534823
4125 5730 331277
9408 6131 340264
3978 9724 276945
3787 1665 1861652
2834 5301 397316
4974 3884 253818
9796 2734 701971
1300 5766 142939
2510 4330 818926
8471 6939 674262
2437 9757 516162
4930 4477 176177
6638 6723 275153
4473 5534 611806
9306 9729 413200
475 497 783069
4850 9716 209172
8241 2819 15419
875 8361 471801
266 539 1640848
8595 912 1358174
5356 6046 1339828
6204 8298 304527
9550 9782 982774
9421 5530 963393
739 7801 451554
9851 860 51446
6855 3055 264560
1119 6486 94129
480 7562 613618
5237 2721 892800
5539 9180 350591
6309 6075 486863
5558 8036 234498
2411 7704 158305
3755 7283 755678
328 8252 668857
4431 60 611034
8588 7694 32711
8429 5331 482806
2542 7840 357878
7234 8096 956918
2111 45 2917
1360 1473 14471
8382 4068 1315385
342 6760 646421
9582 6679 247739
8550 7597 285340
5940 6119 649299
6921 9656 339591
8996 7267 507886
6039 5971 288222
4227 8458 3850
524 1404 390035
5046 7000 95033
6126 8642 677103
6187 3743 721164
4958 7209 333574
8971 2489 1792763
8800 2958 153310
9863 5795 459021
9466 5786 132975
1472 2362 477010
3946 807 1785553
3316 3472 133894
2359 9635 1438901
3521 4566 494620
957 7765 827181
4970 164 120089
2014 5733 1343401
8422 6644 124663
8369 7581 222327
8048 933 14785
8775 1001 1660113
3357 6404 462441
605 1612 564418
4051 981 673025
5786 641 1925046
5515 4727 22026
1181 9563 1084897
8897 1663 12499
3547 2919 528807
2750 317 462114
319 2141 683225
2862 9074 1014350
6255 2526 714034
2675 7822 149175
3598 2498 347370
7583 9479 1229485
7435 9474 335679
5257 7496 1347763
9160 864 481805
8608 9543 1253509
1894 1806 510802
3815 9255 971243
9675 1085 182070
8134 4912 78539
1552 39 317935
1950 7007 811985
5147 2791 243293
7661 9523 776799
6773 281 1297337
4876 7550 391988
6532 2300 588274
8237 1408 275727
4890 8261 560304
4899 5703 329851
8831 3904 770653
9922 8787 142485
5655 5467 246794
9031 6067 813984
982 1070 572331
8492 2274 287200
3171 6436 1395471
3385 7165 255243
327 460 256553
3660 472 247517
7000 4643 18799
8951 1159 388210
8624 6647 85723
8262 7816 636393
3504 388 760002
7790 8073 101052
8145 9631 401573
6891 2226 271746
6381 2561 626021
6680 3939 1801703
6100 8034 2707591
6745 1737 599593
6167 1956 520486
8608 749 193314
8402 4310 93192
4034 4056 654036
