183
5060 4376 365834
4663 4009 66077
5692 7114 260170
8121 9124 108072
5460 4701 1073119
4380 926 69468
8548 2475 309568
2700 394 993301
2823 3653 286275
4375 4299 904405
8351 829 784779
9700 8371 871585
9098 6607 757449
5360 3235 425738
7902 3455 27358
9434 2649 160398
8500 193 276717
3750 4806 1111422
4394 6440 214051
6701 829 250249
2323 7763 843835
7147 9184 947786
1511 6310 749562
385 4358 183007
2431 9793 9739
8836 1521 89874
9420 9482 142752
916 3340 764587
2997 6864 615350
1678 2692 798212
6409 7026 296118
6741 9681 994519
474 7567 609270
7191 4293 188037
2067 3228 744324
4680 8625 474983
4809 4456 806634
5607 959 422607
2403 4359 1022682
5094 7968 53042
647 5485 57022
7359 8766 299541
6411 8849 731282
2055 1660 31749
4867 2325 611869
6281 3855 415602
9428 6563 217156
6259 3733 2106726
6340 5357 97309
2706 5760 152393
4367 7543 534627
6782 1033 219781
6200 4632 538841
8435 5159 322681
9070 6502 1507639
8855 6119 821757
6447 2579 271758
7048 924 443010
1054 3429 276663
3438 9170 530606
3343 4451 21793
2734 1516 728866
1265 8684 39432
4161 4705 52341
9893 122 236778
9853 4141 677728
6054 8110 292513
1392 2660 305398
9426 1477 1309915
9871 2842 532762
7365 6903 475240
1202 8472 28352
5912 6897 866655
4278 9618 892117
2859 6560 436017
8022 8441 2692
4613 9419 98907
7293 670 530783
7794 6526 490100
3688 524 328802
3485 2319 622754
4715 6801 135963
7208 2238 257416
2372 497 228033
8943 9885 606256
4391 2645 929147
4152 8495 994598
6816 1508 100847
8383 5410 162456
9557 9592 170990
3149 3310 2568755
1776 6259 254358
5607 6786 70330
5636 7935 530387
4298 3469 516757
7856 8189 2521407
8769 7056 515399
4008 7272 1823548
2671 5801 171108
1031 542 356954
168 3134 473288
7612 4740 207850
8027 5844 363407
2434 1167 2637614
7348 5904 780429
6876 8047 813860
6879 4076 1030300
8211 9844 506077
5524 8634 66807
7906 1613 5191
1466 1766 52500
2570 4994 60438
4582 9849 1375651
4775 1541 771700
1090 3610 372236
5419 7129 306534
98 4023 424190
4951 4827 144172
1749 7228 680705
6869 819 857883
9155 2860 37622
8816 9412 211757
850 9509 594398
9037 5511 419141
5098 5543 1303000
9175 5019 907547
2272 5469 775162
3609 7083 559420
7297 9696 165533
3732 3735 522252
5326 7937 47637
655 9418 1395187
274 5093 975991
6607 1678 154436
6581 2649 36993
8103 1075 2242269
8823 515 2139
6098 5489 425486
176 1447 727512
4450 4958 227976
2639 1992 347191
2522 4198 795435
4873 6211 753298
1023 6236 924996
9472 282 349695
3070 3563 647482
9105 34 21904
6964 3838 361251
4302 4934 378998
1837 3496 1389007
6444 6133 50803
905 8246 69588
6758 9863 1189804
2573 1136 869652
1058 9315 769037
2550 3287 384060
2509 9333 882263
2163 4816 132227
8110 1436 729321
7994 7376 40624
1239 3921 925475
9086 7562 758857
6086 377 4876
3080 403 442023
7742 4954 88362
8831 4718 921313
2147 3831 23199
9744 7047 406693
8307 7872 1491999
2112 6406 361086
600 8663 615729
6357 709 417200
8884 5874 683239
196 6075 149278
9452 9236 1049995
51 1444 48592
323 3587 25773
6998 2338 168873
2918 4130 760076
1166 919 1053800
6878 1240 548578
4288 1963 1939506
3271 448 220931
