183
5738 6725 184292
1794 7818 1006707
9421 1182 968993
3140 7323 924427
2863 6831 119960
9004 7624 575956
1141 8747 1261002
4513 4851 450505
1503 6211 591014
2378 3824 776160
777 5534 208294
1943 6062 771238
6801 1967 1121235
6648 7831 246920
8339 4831 33883
1578 4444 298368
1244 2272 614564
7133 6078 244506
3119 8244 1441440
9430 3584 741651
6105 5298 193708
3353 4528 176758
3751 3811 922476
1486 1634 9671
1801 8151 158093
8440 3951 456849
4371 9815 1828037
4874 5374 308840
2141 4526 565252
7729 4496 101142
7294 9303 481460
382 4292 378026
9126 13 283740
9549 4509 308522
362 4589 296678
2796 9942 483961
4131 6861 28997
2201 7920 401683
307 8617 1771494
8233 6923 93785
1967 1631 541854
2796 6740 545306
7894 4447 2284681
7795 1720 234452
3756 5103 130097
862 3824 14167
8412 3485 936940
3141 9314 2201189
335 4080 204575
3924 1113 454678
5736 5162 500428
9980 1995 214331
2401 483 449799
439 3913 29236
4492 1310 224771
9061 7793 1064092
9861 5124 114162
3775 8563 308138
7961 6078 207452
509 1167 839994
9632 8441 152049
4978 1934 426108
7000 3634 302986
6835 7770 753689
1585 1978 241343
5822 6841 172037
3779 6868 134253
3294 8630 582204
5085 6008 476947
6699 7703 914130
2766 9351 868807
1728 3635 11651
7914 3369 556350
2840 265 1308364
5583 6809 687714
8291 7870 707394
8172 1491 627528
3850 7836 1871925
4207 3316 14377
5707 2315 549501
3709 7368 198505
3506 307 75844
5166 8774 1048335
7464 8235 256369
1753 948 385670
6457 8291 829164
9660 7205 213271
6644 3537 80975
5998 9036 195812
5665 828 1348614
3729 5531 17441
9787 7256 264075
850 8726 267704
6897 8144 641938
2119 9936 75619
1002 8644 741679
5618 1060 668196
7462 4856 722461
2784 3939 20695
9865 8243 808608
5008 7818 304523
5535 199 1526362
4194 3522 14581
6942 9563 886479
9604 5458 211561
3791 8019 819610
6135 8091 702781
1316 7325 316074
4469 7858 1223232
7320 9165 1255689
1009 6779 103543
1013 797 10520
645 282 166665
1347 304 3100571
5672 3866 137432
144 9451 728242
7760 284 2512635
723 519 33183
2958 4920 243225
8412 5610 124545
5144 268 992391
2192 344 2841
6709 3573 138588
5911 49 559959
7339 3159 256465
9452 591 117416
9219 9400 361880
2197 2106 1629812
6646 2199 402281
1510 6230 898574
863 2038 382345
2475 2903 93760
1013 8981 644575
8956 6170 334681
3708 1738 18838
5353 8362 557426
2473 8519 108631
1331 6995 279258
1941 9107 108970
9627 8250 565
631 5546 1373257
7521 1489 279384
2510 2547 1422537
1922 8279 265257
12 371 592468
6079 1697 588613
3603 1824 352414
7262 2099 371907
7846 3665 6416
3594 1063 481506
7747 8964 440006
5748 5202 644424
7784 5614 150360
6294 7844 20056
6451 6423 331227
3860 8912 1198267
5109 2863 231982
8422 7779 313169
3151 1672 144029
3765 6877 208389
7014 7193 610966
3605 9377 1067108
2442 2150 54355
6278 9735 349942
7683 2314 1897131
4738 1163 794393
3622 599 629214
8285 6700 1899670
4987 2172 21601
2000 9350 774402
9540 3350 755039
1118 9894 197104
8198 671 33836
6390 3813 269318
733 7567 444825
9986 7166 1269948
946 3725 90298
3749 7912 473221
6916 2373 612377
3738 7360 1346847
7454 4715 439051
585 7921 422699
7841 4988 269317
