209
7758 3335 131084
6956 3246 134170
154 9557 614103
5290 1951 492325
6942 6332 295057
3291 828 1656994
2239 1356 203560
1372 1319 298516
3772 7143 113432
5165 4580 87745
2547 6208 460588
6846 1862 114690
6835 4967 162515
2959 6563 164697
948 8163 45111
5731 487 172196
3402 5718 730336
762 918 141131
6978 8052 597854
3367 1253 580477
1703 8908 584623
5347 945 88751
9983 4919 533963
7156 4725 522734
6541 2263 35612
6119 3217 1553278
8253 70 992993
4879 8219 1058961
111 4894 34554
38 5616 117196
6071 1184 586170
2602 722 140977
8225 2377 19575
1705 8028 109791
860 7271 987184
1674 4726 448459
3270 4375 451628
1058 5189 145860
7366 5736 2324813
1180 5572 308348
3332 2078 878653
9757 4429 803658
5180 172 230624
5462 6316 237086
4767 6267 402603
3818 4707 204263
6352 1682 9095
2478 7555 294839
2181 3398 2144379
7177 2984 120964
9558 9835 122924
6835 3251 79153
4078 8497 393716
4424 9302 478881
2802 8862 378230
9991 3034 654949
7331 4180 369737
8409 205 138304
1166 601 1258743
1502 4390 743870
3663 760 189099
5319 8033 373401
9290 950 1470825
7137 4718 1185152
1681 3379 1319863
5822 8871 896584
5504 1324 159125
7966 9659 373887
4821 9808 74608
2738 2533 100768
6571 8136 17797
5519 2922 634826
7127 6214 44812
9976 3039 2124598
7296 4596 66722
5966 7304 356916
4269 9923 89263
6121 6400 621233
8462 7966 803084
6794 3130 47138
3066 623 209443
3392 6323 40566
9458 3815 354374
7564 85 796165
4203 5628 302673
8305 770 882465
6041 1719 188807
2543 4693 396405
7610 5780 155241
9235 8845 590887
9614 1490 95695
6506 9128 325293
8801 1115 42741
9674 4284 601852
25 847 218613
2498 1936 263572
7993 5204 556614
6352 1686 21468
7893 9018 56253
7732 8428 395088
6722 421 292211
614 5962 1205331
5080 2403 95124
7677 5061 595797
7125 8331 306081
9489 3388 606826
6930 6380 145278
7626 8699 502349
9181 9509 1010542
4403 2762 123421
3814 940 855908
4115 2323 25231
8456 5587 73512
6567 3114 59243
5544 89 90472
427 6865 511085
3746 165 379294
3342 5228 645127
4411 5355 1384646
6798 5138 262436
4839 2826 147125
966 6225 676242
6902 9639 108280
5317 1779 299085
350 7441 481905
9740 1447 45718
7922 9364 222943
6385 6964 538632
6818 929 357637
8439 4520 172157
4311 7020 71695
7306 8007 1063335
4897 8235 376267
744 7053 71877
3090 8175 560105
4735 1881 119541
961 7386 765160
9524 3738 106340
54 899 4282395
9341 733 627058
2170 547 97146
6602 4598 457114
7292 5520 463695
9078 9420 36640
3174 6055 31779
5343 5954 582875
6797 7624 21892
6211 7882 584717
1120 3477 458885
3938 3909 566149
3007 8479 165039
7142 1644 633059
6340 9359 779322
4163 5270 346612
1662 2380 1493333
9593 174 325482
3936 9321 801494
5271 7566 669391
7587 2582 385965
5826 5226 295252
4216 5250 1508817
5840 1134 2523133
493 8163 367129
9658 3187 302995
9065 8032 41127
734 3221 228985
4246 7750 993647
1321 5500 544
73 7907 459892
1449 3312 299223
2724 9706 547507
4267 7373 89609
9370 6524 933719
8033 6653 281741
3892 1088 1313087
1054 6848 79969
7347 6594 192957
9765 7392 1222296
9884 3471 262504
8291 7528 261034
4723 503 596044
2827 6253 264452
740 4220 92367
2771 8284 474679
9643 3617 78937
2154 2792 492440
3931 7132 4368
9869 3237 514403
3586 4551 436422
619 4572 1815050
6718 1613 217895
3793 9710 93385
5319 7399 215142
6621 4399 717215
4050 5453 481792
1127 1649 277713
1720 5614 267127
6882 7571 576756
2316 5282 85708
115 2581 742617
3915 789 20309
4788 6088 707400
6968 3358 383239
6540 1701 166318
4623 3306 282323
9420 5829 258234
5038 3792 1105324
988 52 892988
5727 2407 739548
