209
5023 4696 198368
5775 2781 575428
5921 7337 209312
4871 1310 1970052
293 4581 45735
6874 2461 908438
3734 8617 146297
4678 4955 165394
7826 2438 203855
9327 8132 291262
5263 2969 501498
8081 6234 645234
2390 8520 222065
9786 9468 240117
8096 9924 73889
8866 2460 85766
2762 8134 1140
7715 7558 113746
6597 2652 173124
3822 2678 891970
2459 7171 41941
7979 8577 216150
4185 3201 9781
892 6233 751237
2353 4558 112736
9743 1671 293372
3125 6274 1023449
1927 2420 1933146
4578 8176 479449
9172 3357 1805275
667 7233 121792
4939 1596 793474
8801 8875 384144
3896 6783 314667
5497 1984 1454710
4357 8109 152823
3145 6162 348220
4681 4098 599513
10 5763 581276
3506 4760 276091
7777 9407 359339
3971 3045 135838
7188 4490 301745
7673 2320 775506
170 561 142869
3055 4475 1349314
7010 716 237627
9308 3114 1176152
8333 394 276388
8623 9735 3461818
8548 6300 286763
5071 9523 1640577
6820 7510 284829
5263 3967 58253
6607 2979 2257206
1183 2757 920606
3257 4400 486294
4759 6737 42001
4501 4497 534901
6517 693 247952
1097 736 325785
3896 6124 1568443
6041 7122 1345186
9476 369 15684
1803 9277 922119
1779 4903 41745
9788 496 304301
1328 1888 214158
3017 2382 146552
6553 6056 1032239
7124 3440 810787
6673 6527 883448
2827 1016 666187
3340 3437 10974
3967 6680 172777
611 1377 245809
2334 9227 14668
5355 1200 74095
3038 6510 36866
7968 8621 436943
3303 4208 105603
4876 4130 390474
3566 875 31747
2209 9528 280380
6966 7266 390414
4494 4584 286865
527 2318 254660
9108 773 61313
8036 7673 226883
755 3230 46571
1143 2576 265046
4466 6408 974576
7327 3590 1339110
3584 4837 1296652
3380 208 460298
4595 5138 305244
5837 8794 917248
299 2570 907770
4876 7298 152400
8309 6727 433544
2760 1803 224173
327 8814 16697
8356 4186 219044
9102 5416 126761
9003 5795 399620
2299 9661 558338
2317 6917 418426
4450 3849 109318
2348 7758 110459
8006 6515 479942
9513 1928 423094
7148 242 623816
1559 5809 385561
5226 5245 72536
7369 2931 75804
6701 8105 591204
5063 9413 74065
5612 2843 186721
993 6573 45732
6102 1989 1204346
7984 7407 57795
7785 5560 424403
9615 4160 1238135
2002 7044 752613
5696 3418 247368
9818 8078 24645
2242 9573 228642
3984 4729 383710
180 1617 315208
5536 4207 320425
7670 16 443256
6482 6469 165201
6465 1217 298738
7510 2953 301665
576 4524 156387
124 2574 2000954
440 5305 224937
6652 3700 441973
4652 5236 93168
7728 3146 182692
1416 8611 3451
1845 9099 1006190
4835 8714 122974
7983 8547 132812
699 5375 467614
466 6887 670831
969 8840 306561
3563 3335 98182
6304 6516 559058
8128 4282 210859
3346 3236 283594
9694 4971 861957
9537 2776 76658
3086 7469 218735
6299 620 274216
2477 9377 30201
5424 772 55720
6883 6780 671468
9502 6594 1449824
7339 1691 252849
8340 3423 371817
1622 6780 781188
935 6466 128109
9988 5718 464112
383 8264 565578
9941 6471 406614
1502 6986 870183
9388 1736 138649
1591 9065 31429
6240 3623 287364
3576 1525 857163
3500 268 407455
2558 3140 230048
8282 4588 724385
1934 5310 689684
9889 3240 360560
5126 5514 766492
734 2421 458903
3343 512 21530
9931 7178 141284
6464 5114 251232
433 1058 2386614
4137 3464 62479
7015 7316 653627
1842 4259 896676
8734 5722 1252408
4662 8273 554654
7580 3901 583239
2554 6386 341514
9117 7976 63980
1976 5590 434244
5626 627 193898
4003 1781 440636
920 3051 77105
4297 1926 997320
9889 1916 24339
7191 1573 810877
5161 2340 1388051
3673 7246 250792
837 6871 1041170
1043 1779 188124
3130 1954 199665
6437 9910 54519
2774 6542 441909
4976 6103 596976
5350 8994 1581018
1344 2863 197141
433 3282 1115
3722 4475 203327
