173
6811 963 628073
8288 8204 235445
5322 715 25676
8336 3165 47852
4223 5859 697492
7892 8685 25205
2840 5278 776094
2360 8769 475090
9742 4623 798427
13 6909 143835
8690 3140 51842
2018 5087 40708
9259 5398 74545
4480 7316 606863
9995 3184 36892
5669 4502 514137
5520 6463 547856
7429 9485 3078023
4361 210 1333843
1087 177 487508
8497 9114 51426
6981 4208 415401
4902 1282 35222
6069 9004 1546017
8277 1240 238772
3556 4468 514243
7040 1138 418119
2894 1544 124527
9684 625 495333
9092 8771 487245
458 5746 1816404
2144 7806 92273
9528 2805 1102363
3225 2775 175967
788 9230 688411
9913 504 150622
123 4866 250087
9388 7008 1077941
2111 4507 484920
2682 9133 67099
575 2781 159538
7619 4533 80528
4691 3371 68504
7704 3375 163622
1355 4445 280809
5704 9605 620557
6895 5288 219104
4231 7761 516828
5836 2563 125446
1761 9052 1222491
8663 2675 648230
2368 6985 47413
4776 1318 6594
8875 9453 249770
8103 2181 1445709
8066 7324 38926
2967 7739 58565
1088 5153 627500
3000 3629 118825
3217 5441 460454
5895 5999 427818
1751 9636 895185
6545 9499 215200
8832 3374 231935
9776 7922 341323
4565 5681 18446
3432 9211 2998379
8466 4447 305295
9176 7036 436381
1311 785 604922
8008 765 694042
9626 3620 619380
759 8322 152248
6016 2035 167136
7289 9404 56674
2146 8515 73756
7484 1347 1350101
8488 286 1877518
1443 4886 165342
3859 6169 9295
5050 9270 378538
333 722 356388
6132 4804 1369494
8056 5113 13375
6851 8234 1363920
9929 4404 1370303
4524 9288 428409
2553 8969 57400
7201 7057 583781
6070 1892 446732
1597 7819 425774
1928 6404 2494204
7011 5533 451177
3126 1204 56902
970 2662 352740
6320 3788 7451
4643 7168 269708
7111 3732 98443
6651 651 1485594
2504 1704 2300380
4050 5593 34248
64 3555 1687208
6477 1455 1426404
6213 7873 18796
6407 9143 2007875
7909 2245 724878
2887 2836 1591958
2457 1626 628844
1674 7859 474166
7073 8534 237340
5638 9928 358918
471 7483 116971
4770 5053 1973903
1585 8405 354207
8123 8461 8729
7616 4143 100750
7450 9186 465621
3065 4845 35605
6891 6211 528733
141 8286 53105
1633 3875 298338
8915 4409 187015
5580 4350 681701
2544 8228 790758
6906 4353 204742
136 319 309687
1815 2653 329958
6735 2114 2072251
9572 7923 565234
3228 8750 297771
6057 9100 249250
8046 5071 60977
8851 2284 2820965
4080 1357 460058
8418 8884 512446
9619 1937 393854
7976 3654 138612
5996 9282 156658
2550 27 100125
2989 8102 688455
2093 9838 223352
891 8707 298934
8354 7079 255264
7574 8659 562686
820 6739 447281
4890 1227 876831
2542 6506 332022
3621 3921 317848
5948 2547 474037
5244 2886 1228198
7614 6470 1232273
4976 1072 1045513
2525 8741 2348996
1877 2633 315285
5229 3687 64310
7741 5804 1440561
1881 1650 387459
4618 9663 1786871
9681 2714 1614237
2799 5610 649361
4402 6799 1682823
4158 8458 494166
880 6451 243773
3569 1950 230327
7375 5424 139992
5923 8790 27859
6317 4986 330444
7200 7033 864471
7738 3432 541030
2288 1033 53067
5012 8826 238604
1710 795 461997
3460 6126 674714
