173
7157 405 182473
4585 8654 454650
6956 5686 356156
3743 6175 274922
3601 7381 868382
4217 3198 155796
1082 3112 65710
2988 1302 1418953
1353 2498 249535
8725 8175 255424
7333 5169 318934
2934 871 194752
369 8015 1274973
5975 1132 234725
360 3800 2434211
809 8889 70815
2638 2371 42234
2005 8223 3119
6278 4931 1078602
6760 2754 967351
891 7034 106388
3029 6896 336299
4408 3743 196734
6847 6937 333895
1705 4030 1019384
1739 4381 805248
4218 9305 1085518
500 5197 409096
8385 5401 304855
7058 5485 304589
7266 4876 42079
4129 541 203299
5072 9454 692475
5497 5693 1207390
3991 810 12175
7481 4114 438856
2316 3919 626421
406 463 229328
6111 5763 91368
7630 3632 150181
4088 1518 547273
6329 3055 1062165
1985 882 1563971
9652 1276 205918
7977 3657 37109
6673 1947 107159
1792 1661 1582785
9752 3792 152432
4574 565 119754
49 1373 804393
7133 2743 352274
7959 5076 82148
7184 7889 1010947
8319 1490 122394
3535 2821 413715
4585 5879 89004
4473 1665 313596
7522 7276 349044
9151 2581 629184
9647 4248 358851
2205 7895 11365
4513 6429 114758
4422 2912 662635
6657 1371 158477
1824 3026 584545
7486 1150 166585
1421 3682 1602138
3829 4728 1717534
3459 6173 33937
789 1070 384547
4611 1730 703090
8311 9141 862620
3801 7369 59064
873 7553 157746
6165 5812 549545
2147 8210 752695
6273 8398 8254
926 6148 1159123
2942 580 23167
4792 9242 249925
1360 9409 544605
536 4018 43239
3868 547 207906
2611 4469 252807
1647 136 654106
1494 147 647842
1534 2063 322335
1586 7759 202799
8045 6098 1692302
2960 6104 337774
9944 6643 2267500
3159 9078 464561
309 5737 130814
8984 2476 910317
308 3223 349277
4863 4007 594776
2906 6825 1138197
3548 9790 681864
8892 8548 1293313
6654 2940 994063
6092 4802 164896
8464 9987 433203
1708 1114 1652951
3643 4254 1196060
7296 5132 474935
4722 4236 169466
3028 2529 408125
1886 7191 256211
9495 1141 177709
549 8855 1803127
3689 7765 356988
9992 9839 1146607
2952 2018 1672870
3934 2205 100998
3038 6801 337125
3832 6132 774527
2448 7717 839182
3908 4453 104124
689 826 393244
9817 1773 129399
7363 6486 92987
6540 511 83331
6309 5767 493431
5182 6397 523436
7383 9137 295428
8658 1089 39463
4559 1237 61596
775 9577 550955
396 9823 663128
7759 7739 178510
5992 196 328296
1336 9563 1609156
7123 5069 248339
1666 1345 151977
1246 9868 15568
1352 3956 2554634
4375 2312 233101
856 8901 277872
2673 8378 1901462
3364 6026 342753
7815 5580 1034536
2158 5875 748832
4052 4065 1193615
9816 2621 976957
8869 2773 253781
6666 2618 1219842
9895 5607 272448
1413 617 1406907
7183 7725 1343805
2982 4582 602038
7602 3182 48416
9918 4787 1108446
8519 5985 1613794
7161 2168 14587
2501 2087 2712
5962 4374 134854
183 2303 360767
8558 354 181542
6704 3817 46119
3336 8240 277456
6966 9149 2314702
9102 7014 1548936
5993 5396 2190719
7176 8107 237954
3 1528 378406
4610 5500 176582
6799 7535 620862
3984 3173 1030775
88 5005 485417
4034 9951 468099
7030 8706 48533
1348 1752 1040225
2176 3103 286608
