144
2889 9483 965731
9341 940 2308082
4929 1866 463195
5974 3088 85992
6991 6504 925758
5893 4643 278749
9036 6033 504276
8948 8106 109292
1867 3532 42111
1858 5920 184536
5307 6920 2846055
5994 5599 453052
4595 1475 154175
2818 3981 677915
189 3497 886929
1354 3025 435308
8368 1895 1952630
4037 1099 697947
5497 2103 434768
9779 2394 651019
1512 6789 1385219
7365 5563 503144
6136 582 803865
6918 4653 776950
3020 4960 509862
4621 8076 479688
4335 2151 890189
2743 9829 189655
5880 9597 251956
4926 9135 497568
9303 5224 288305
231 7072 797807
3708 7929 1252889
195 2559 442222
3661 7880 236206
4408 4350 2237399
1617 7686 388428
4896 1490 792718
9034 476 53138
7478 2337 41232
3224 1085 915293
3174 7711 263264
1004 8142 622282
6093 291 967367
461 4324 229805
4926 2521 715859
9871 6748 223254
2373 6126 1423291
1640 9524 1234149
1507 8006 413675
4771 3705 576766
9473 7233 557335
4128 9035 60345
3125 8133 418388
7845 3130 658633
9060 2420 675501
464 6670 38793
969 959 153231
2509 5078 1468291
6315 9613 368096
6495 7742 306260
3435 3552 1412547
5288 6285 816484
309 964 184313
5898 203 309743
2342 50 701282
2548 5193 952887
4790 738 1545683
113 2576 106111
4478 5866 620356
2629 157 1252713
4086 1800 848963
4200 6646 366366
3708 5610 391784
2785 8220 1925048
5376 7249 94403
7664 1811 361354
3015 3509 940810
8794 76 269459
9666 7037 554761
5826 3638 229820
9034 3016 2525842
6922 2570 126050
3332 4510 3690562
7051 3298 2051346
2181 8623 4106
6480 3914 3768548
377 343 458068
8783 6378 326748
1225 2708 156888
7526 5220 1655603
5334 9305 134498
4995 3940 48617
4967 7045 1860094
2971 5856 1538303
1520 4811 385449
7324 4451 1094300
6113 661 77316
138 7645 80120
1434 4946 961124
5059 8747 266303
8128 5777 18872
320 1792 737601
2548 849 194322
9044 1593 36729
2428 3334 256344
2018 3865 231614
4626 8060 168615
7446 5309 34570
5662 3845 1144458
4290 6006 1821251
5868 9527 365526
7665 2377 46258
4514 1750 126408
8310 3803 247435
2047 962 674496
1532 1216 214169
1369 6442 668448
6938 7616 718881
3037 7967 222422
1288 6167 831702
7357 185 181488
898 4910 1568481
115 1793 619353
2632 233 146383
741 7826 98418
6262 8545 2238276
7619 8648 1695430
4002 2796 1941717
6739 6287 300846
6465 5196 146384
1847 952 218715
6189 2181 149448
7305 8570 974279
6399 7490 2342630
422 6442 84304
8105 2967 79053
7103 4689 185677
5716 2548 681878
5055 1509 304793
4543 3563 200169
1919 1410 502394
4599 7192 134126
8058 6357 1185027
