144
2816 5703 326006
3421 835 245201
1732 2912 92882
9214 2052 106756
881 6667 2315343
5296 1104 113216
353 7717 1225403
2413 1034 14130
7999 1523 1898789
7355 5707 1777182
9830 5719 835720
2398 7809 2019703
6282 7803 2561202
4313 3609 987186
1255 2003 472329
8312 1118 136426
4068 2396 124986
109 9745 920074
5342 4769 1572796
206 3623 151407
8623 5618 357118
4667 2436 1915
9180 9265 163320
312 8619 676352
7374 5141 501555
4131 2599 502082
3570 3839 678895
6923 29 37592
235 6431 432675
3701 7092 548135
7483 548 463945
3062 2145 321786
4538 3002 230249
3985 2255 662452
3485 7984 651073
6499 6166 116673
3717 8726 2919274
6929 5801 946672
8003 3401 319532
6677 7655 142276
6166 8628 484900
3404 3495 892259
7110 2054 212627
910 5311 185819
4817 5797 699282
9183 4796 413106
6131 7545 2486832
7319 1505 23684
5067 1972 1472247
960 2942 1793857
3378 8162 190275
1467 7239 926537
4336 8596 596164
7491 7995 209041
9118 7979 299544
3820 7886 55790
9911 4118 1322974
9001 7806 1541106
2956 1461 707049
8844 2928 780585
1450 5823 1170344
3557 8328 892433
2018 7547 429073
3050 9043 552301
4663 6461 851481
8919 1135 1151078
965 3762 471470
3098 3576 507400
7642 821 126664
5724 9810 51862
5583 586 939362
6919 6568 1970886
3717 1406 842491
6458 4968 994636
5793 6831 141076
4048 2331 91704
5900 3624 2479855
4112 9046 59280
619 7390 2115061
8203 8235 39283
3760 7104 1084969
1967 4518 83857
3810 4713 431639
3380 3314 369991
711 6413 391741
8340 1853 2098881
1714 488 603458
5357 1864 1203807
9845 4975 460765
5917 4550 692288
1446 8285 283412
6334 4816 250758
509 7780 201494
3979 6004 240951
756 5288 607976
3862 3453 363762
3994 3334 884258
9325 2910 1559196
3039 165 451582
444 3873 976176
1879 7960 67890
1126 6454 66493
7043 9618 957390
730 2114 274817
9689 2105 355025
5314 2543 1057102
2513 6230 149677
5773 4857 204327
5163 1224 1987287
2176 243 1064959
2579 1742 97635
497 4806 2879006
4139 3683 609666
6164 7716 235373
8815 2666 262340
9041 908 589460
7816 4079 104765
4519 6563 386341
5220 1202 742634
2192 4326 339802
4497 9680 333575
8235 2908 928703
3365 1273 562695
905 4444 185857
1892 7718 1185800
6912 2657 67512
3166 1561 458535
1748 8267 129962
7345 9705 905023
5782 7907 122476
8339 3853 2499638
9199 4233 57325
249 8922 1233570
3314 204 438317
9421 7598 601056
4482 8368 57144
7516 1603 109327
9588 9356 44940
4531 7558 79268
8239 1514 771207
9043 9477 917523
1501 6434 1773376
4106 5252 493292
5831 7148 629203
