144
3872 2851 110688
9355 1123 1304551
7519 7710 373642
4982 5723 155327
441 7115 604631
3333 7759 3341341
676 8908 704155
1650 2985 1072463
79 5587 673346
7095 3460 135569
3557 3001 545081
7027 2563 107658
5773 9067 1245607
2111 2760 202132
5598 1 1770750
4475 7948 459516
3755 20 114041
8567 1109 668572
4210 8102 337077
6696 2724 315549
3756 6906 636266
9581 6309 1376140
3347 3746 247646
4948 5791 162986
9372 7194 960213
6356 7044 416548
2678 5165 1735259
5321 388 3238692
732 1826 476417
7828 5675 586854
8242 5125 2952176
6922 6924 99544
6788 2407 297788
4937 7812 339042
8635 9743 2434252
3021 4304 1369379
8245 4333 380633
500 9853 773719
8418 6595 820782
4388 5435 242073
5172 5085 1121828
8962 4992 249969
3076 6495 125394
6721 8542 1598966
3387 5637 488852
5699 22 349225
749 9806 524312
8727 7229 261067
2704 138 1898772
6793 3724 146241
908 5436 302931
8207 4458 523965
2254 2009 179882
6155 3615 613624
9895 5920 423358
9632 3252 379013
3379 9518 282553
6114 8658 705926
3724 1780 245482
1746 8837 2260736
2608 3585 94914
1397 7089 752357
5856 806 640421
1090 815 1263677
1468 1629 715204
5663 2212 270598
9955 8764 1922119
7609 5256 191455
5466 3273 2545723
9228 7730 631919
2251 3641 560364
9413 2095 270574
3674 5327 410754
8367 2549 1780848
6241 6240 57756
2662 2630 496852
2208 8843 792501
927 2430 70006
5648 4503 33744
2639 2924 116622
8444 4701 128470
3644 8792 949428
1241 6703 283187
5315 6812 805838
3056 6764 665803
5717 6014 499485
9812 3250 943139
4813 6594 961922
3216 6291 435558
2029 1650 182717
4742 9493 34906
8395 7403 625656
7452 1746 86719
1533 4268 158593
3625 7009 136235
5982 4809 1317364
3489 9058 94215
3646 5438 312591
1126 1826 1009888
4203 8704 54698
7875 4097 319409
2550 1210 964677
5157 4918 296383
1132 2804 195386
3413 9638 493951
1035 2964 107755
1832 4971 159156
8818 870 113917
7415 8239 586938
7793 7735 1829222
5962 6906 538568
6490 2916 419844
2574 2483 204421
7527 4213 595345
2574 1687 400102
4424 644 598397
7158 3668 456768
9715 2541 434801
9913 7017 311160
6936 6772 645292
5010 2786 557298
335 1117 1594877
5036 2769 134817
9170 6335 39758
1500 8563 1622000
3323 9860 1829357
7386 9893 770945
8506 7103 444182
3652 7294 63984
4277 9287 492912
5233 8109 1633599
7007 3245 2847660
816 1656 1286613
4523 9583 683034
9000 2219 444269
6761 3526 26526
7247 4400 212897
5374 9831 135649
6009 3889 226060
3619 2052 2417483
3873 3608 284739
5753 6018 640080
4318 9214 1677341
3480 3593 487407
