144
7586 1073 364295
7248 5634 216525
5893 8305 236197
4850 5724 2209163
9159 8249 246077
9221 2623 596268
505 3575 147552
735 1944 6871
3485 1742 1043038
9256 4385 410749
3696 4910 372839
8111 7607 11308
7673 7022 854824
6930 7499 37493
66 5757 526808
3003 9393 1560425
435 9569 465571
1990 1038 6027
1501 8300 719104
3476 5738 1331341
9937 6127 2763426
2514 5315 283521
1791 2932 85476
3157 6086 982142
2092 2761 366452
9878 4473 40105
9427 8355 729981
8480 2757 148468
3000 9749 69250
1299 7635 90083
4371 3681 157831
1194 3351 655318
9316 4744 197183
3084 6598 993973
375 3353 37214
4828 1870 123446
5718 3750 641730
7484 2295 213818
1949 5262 70184
346 7397 1270030
6254 2949 223095
2659 3983 2059629
6475 4480 208024
1062 4865 529257
8051 2038 609952
7450 410 246852
5672 579 448125
3708 8138 1482431
1903 4919 30686
8629 2544 559044
9316 2259 990620
100 9130 441006
2762 511 513909
1750 4739 1081756
6333 1051 39811
8845 2142 2577083
4223 8524 1526350
7500 9133 611313
7475 8199 590892
7784 1614 309841
6540 2921 1305500
5200 6835 26487
1283 3708 262330
3093 2780 946945
7701 5426 276703
8479 9551 15063
2946 3662 372191
2535 5383 200120
7031 7011 538529
7766 4822 93063
6155 5370 831331
4894 7197 69206
1906 3410 210245
6310 7032 663065
8801 6108 121252
3531 546 489505
3483 2490 408604
2460 2644 181448
6988 779 3117484
5989 2545 106190
8745 7716 1068179
609 7146 105408
6121 6065 599171
8407 7305 384616
4528 3559 209693
3516 3559 3923660
2932 6191 94054
1925 7444 63911
3200 8893 44681
7971 9613 1124552
3506 3522 162245
3018 6427 1478395
9894 5862 491277
6258 5905 1189674
6807 6839 1020866
5797 425 1677634
9753 8761 237754
8338 4208 157172
6073 8097 1200157
4083 1021 275048
9530 5367 1661565
8839 3205 45316
6503 1287 1747752
7387 5715 382261
5116 5367 2543516
6146 163 367966
7813 3935 115068
2138 8188 154831
3781 2780 424307
4912 6311 816292
2909 3238 339208
733 8728 1890897
9354 9383 1970185
2681 4247 43550
5234 8701 1270339
3885 2100 2208741
1940 6922 412560
7970 9416 242074
1225 753 73882
731 4561 232584
9723 9882 779294
5813 7306 487232
2351 3352 8742
817 316 175949
4501 4416 601439
9322 2826 1772793
9987 2499 362998
3772 2714 209045
922 7464 1819706
1086 3150 153975
6191 9312 3929741
6282 1739 339168
7235 7234 477043
7157 7384 715837
5332 2440 2185979
5612 4571 804675
3457 5038 133783
8843 6757 718840
920 4825 520732
4754 2374 1908290
8386 8903 121434
5658 6268 1652426
9535 9871 955223
4981 9777 117572
