144
1465 552 143984
7950 9589 1917402
1975 6469 269319
2132 4005 318251
5606 9349 247761
7475 6328 433383
9957 1984 680906
2369 6554 178927
1104 2783 840647
4417 3634 1786448
6822 4506 1041204
1262 6801 2910893
5187 1808 17209
5302 7001 840697
2666 4031 101283
4882 776 1350440
5949 1908 179365
4115 6646 436767
6167 8744 837869
1093 9875 663816
7245 3437 411858
1388 1657 723350
4361 4433 149703
7552 2025 329537
4056 7620 882430
2932 9817 662657
423 2893 77600
1719 3851 3439726
8722 9193 1053119
8153 3916 1686363
6453 3451 762507
4843 2398 971615
3025 5350 456669
186 1361 1818515
7165 9677 66682
9880 4810 29352
2264 2112 321936
8778 9432 526558
5240 6030 286451
7210 7831 1136914
5939 4298 1240198
650 967 1065331
2384 5598 316365
5987 8399 31019
4605 1991 1558184
5044 3773 1440398
3042 4037 489423
5734 8661 1015574
4081 576 794096
8616 2659 261350
1141 3803 838443
1067 774 90464
4543 2368 2262009
166 7207 576912
1916 9948 697107
6224 6911 399911
1710 238 120693
5178 9695 107457
1687 3613 411551
2163 6489 714985
8472 256 4897
6790 9569 127333
1078 7889 487386
5519 358 1309475
2869 2917 171626
7267 1721 878281
5982 6252 718030
6315 764 479687
9553 2811 284877
58 6174 25758
9441 6655 577075
319 8666 4624
7309 9746 105849
8814 6225 419215
3251 7833 2203732
4038 2296 257006
5203 2602 624986
284 6224 644565
4684 3565 1585355
1699 8993 222999
7161 2928 7129143
8357 2588 24891
9170 7024 221431
6426 9387 1406519
4521 7256 238787
2114 7920 392871
6019 7921 42959
9228 7213 236499
4380 1890 1628402
1250 2397 346404
5313 2451 465179
4590 7888 999144
1329 7040 1398335
9053 4563 1235095
8245 7877 1017551
7016 2488 120222
4110 5127 1195662
6223 4553 13340
5672 5845 653053
3239 7506 99273
8640 8474 7623
3940 3453 917970
6249 8977 458805
2823 6472 130123
9692 1249 290227
2121 1444 712228
5433 1776 11138
5886 4525 769507
5798 7221 124273
8937 2857 587733
8166 1049 2392236
2020 2949 833658
4380 3772 594060
8198 1219 648506
7120 767 308535
4443 1905 102593
2173 6440 141019
4781 9960 795488
9638 7596 159154
2382 1731 390315
5557 5817 60091
8059 665 134608
5496 1302 199861
1605 7945 64883
4357 4412 195835
4088 9460 416535
5501 8454 917345
4234 9217 490254
6471 4086 561616
8581 7466 1173788
2120 5317 270305
7480 2473 326537
230 960 2590389
1597 3265 2506379
844 2432 279791
204 8312 70364
5931 3555 169576
5296 9679 351375
2184 7121 79054
5777 6827 1066088
3710 2898 612281
6741 3220 643078
3055 9244 435365
3617 8846 590312
