102
4057 9667 2788928
9054 7284 184337
9830 286 918421
8790 2523 359440
4995 7626 4156959
6452 6225 716039
6288 9949 653880
9985 1810 4440146
3868 8153 181663
3233 8589 469974
4556 3819 1893584
8479 9626 555926
9492 6872 591733
4682 6151 2381438
814 7178 1117002
1147 114 326507
2743 2800 1555650
8143 8950 883319
8533 3144 1017133
1458 3473 2589174
3079 4851 1364040
1931 8239 538201
8641 2115 210023
888 6798 2204
6698 1384 429992
509 8911 1617414
7791 9900 434415
2146 3781 370861
1837 4185 222240
2943 6451 256633
9647 1491 56706
878 4311 1033105
4371 8963 2346140
293 5032 166533
641 6490 303002
3421 3297 1999488
5684 7773 1643232
1629 5902 647400
6578 5672 317694
1469 4153 934746
6201 6282 505210
1715 5050 2358409
730 7605 3245243
3656 8112 153082
2376 5632 662437
6100 9897 1360747
5029 6277 3331392
329 9261 50012
5566 4180 78972
5598 4956 302823
574 2974 362188
8448 6689 1642380
5964 2202 3086991
7838 4672 1553072
3388 7425 748599
6229 5959 2288846
897 7778 31363
3392 1744 798123
4229 5176 61538
1342 3207 658859
8706 4156 267532
8946 9221 1647701
3308 56 2188888
9890 8144 340148
644 5071 1510494
6362 5118 97492
3751 4843 572328
4172 8242 673098
6695 4612 887945
8245 9951 250586
9775 44 516567
8485 5212 729301
4943 8155 478163
1404 5944 1253873
9821 2447 1607843
4049 8424 883949
1972 5017 2021813
4812 6317 843359
4817 7074 279428
3078 8079 2653635
1580 8606 304753
8295 3846 974743
9751 8412 263285
6250 4909 50412
8105 3288 1247178
6642 9499 242336
7577 5239 509790
4970 5115 2410153
6145 5322 743562
2026 7373 697187
7258 1319 303348
8900 721 121900
6080 9144 221408
127 1891 129426
5668 766 561734
4159 1526 3339251
5086 9337 129530
5270 5299 688636
7781 1898 393824
6255 7487 486399
6435 9679 437570
1612 3716 83824
