102
1705 9155 934856
7145 5497 4169628
7005 5123 514065
4538 8195 1826402
7420 3962 278429
749 3769 667922
7254 6773 2622061
1366 6030 302849
82 4028 739071
2212 9382 479426
869 7064 2650814
1582 4446 1741257
6635 2209 747075
7893 6754 2109557
6617 9498 996793
8112 2075 348582
5974 447 44199
9974 8034 2988508
1071 9832 763395
3316 5027 445072
2643 8138 729803
9331 9399 615068
5876 7779 560176
3597 6052 2118954
8238 4637 16655
2621 7521 184478
9010 6152 459648
2741 6394 1592267
3698 3115 1007562
9216 3601 1389516
9135 2491 1156056
3624 7249 231910
1029 3560 1012657
6467 7723 1086650
7893 6535 4545926
1688 3600 927264
4778 1226 207705
3239 544 1270654
1339 4104 147169
1270 7631 1845138
1584 9139 185539
3812 606 170497
4925 4477 7301
1536 2838 1376165
8432 5928 515830
3357 3772 801804
1548 4444 253996
6027 9972 185942
392 6396 3707349
9884 9042 322924
5612 1277 46096
3709 7584 599524
5226 668 272953
7376 419 502058
8101 426 471298
6480 6094 39277
9116 2780 2638366
1576 4068 695058
7795 9086 212765
5194 1024 1009633
8753 3546 1833340
5781 2159 610117
138 4003 834674
9003 8233 7312
5409 8251 99989
4724 8987 1184353
496 2105 2838240
2588 6691 396130
29 7125 101623
4952 7715 2905968
2771 5042 1312648
478 8142 1565496
2004 1522 315725
6543 5291 1096536
1471 2703 116167
3067 308 521176
4743 5476 1662901
7416 2603 2244613
8745 2417 1096076
1881 3576 1423675
9652 2565 2071879
4654 4608 504236
9571 1391 1193927
522 9710 877902
8424 7366 387600
1828 2383 807164
1596 5441 361466
8720 9426 778241
1919 6345 75998
5744 3364 2783081
9588 5351 1224521
1138 2227 321430
2544 9820 679715
8117 5344 928507
4634 542 1928466
6011 4479 133348
4709 171 182381
1743 1927 237284
424 3568 662424
5539 9937 332344
785 6253 510414
2246 1450 361321
