102
6194 4465 388271
567 6173 810167
4908 2461 486355
5753 9775 350778
2585 6823 431498
6307 8273 198647
5660 6504 2654131
16 2954 3757788
5896 3634 205068
8841 1057 2346693
484 5686 663424
4128 6465 662745
6855 1275 1760984
7581 4024 1098229
996 1360 353021
1169 644 2107834
8650 7263 41981
2606 7513 1631009
9381 7295 1932934
7903 7099 207538
7732 5906 29043
9666 6649 1383599
3712 4862 1576594
8214 1008 178944
428 4118 162147
8004 8191 428474
7701 6635 368181
2047 7433 1529489
6517 1960 275275
6498 4660 99245
5754 8365 97603
2384 7085 1865761
95 6449 1689311
7387 7778 1684908
2469 8366 395303
2895 8321 1500412
7206 6598 1781987
6206 9130 1675767
4960 6631 306761
8189 8349 2465586
5422 4394 2043561
7681 3284 1368704
4347 484 483797
3400 1570 2285103
9497 4770 1086731
5312 616 1099154
6352 3417 83680
5997 6942 967377
3767 3398 1098729
5542 3753 871582
3363 9234 4211
9671 7594 457134
6562 3398 255494
4757 9247 15797
3573 7920 1177931
6261 6332 91851
79 7124 928160
535 2243 168626
7194 2296 928062
3126 4063 87440
6306 8611 123184
9113 7758 189711
7366 4917 220765
4404 7861 2063462
671 4656 690754
1246 6920 1034969
3085 7818 643284
9599 2299 608549
9554 9465 1697486
9850 1835 198064
1961 9089 3356796
6010 3368 863247
7886 6527 276707
6802 875 251351
9797 3914 1832486
4770 3663 157264
1115 1038 1485267
8454 9377 203285
7174 1263 798510
2535 1061 718878
2861 6964 629107
3255 2615 98387
2968 8045 385663
6937 5214 160295
2458 6945 705922
8164 3187 871926
6911 256 692314
1300 3257 3256977
8309 8328 1019564
2043 4345 2117468
1157 9733 712671
151 912 4387221
74 3890 1063405
8145 3472 544349
9428 7993 639621
2932 5569 316
5362 5196 1802762
5071 8284 1281703
2896 1196 102700
6869 2111 974640
1673 5246 3668768
5734 2758 383593
