102
1448 7482 1457290
2220 1299 63143
7694 7767 586967
724 3293 2953257
4135 9654 3427480
5416 356 271845
4309 7445 245380
4333 7092 83098
1345 5797 250296
8735 6437 419433
2591 1206 2042431
2259 6743 850618
5123 6588 388462
544 6521 1592544
1031 7387 1850605
2984 4887 1194116
4643 7405 731762
6697 2837 457776
1196 6149 612151
4043 4863 419914
6407 117 197321
4747 9172 124674
8232 976 2227611
2854 3716 4164825
4294 6289 511994
3546 6955 2519999
3709 8895 1784590
6693 8846 966531
7015 6799 174419
6573 7782 157994
8767 6406 706542
5516 5551 43897
7714 5196 27740
4941 2748 1631188
9350 3217 92937
9739 7647 1207693
1945 4741 188918
2124 5832 254974
8644 1050 33200
5577 1862 177332
5628 3085 306736
8544 4472 38163
1757 1147 2832614
7139 3705 1213391
1311 2984 1437391
1793 4956 1456987
3350 3074 1652637
2897 974 216594
5406 3515 2100050
7040 4818 350323
8998 7052 521569
3511 9753 1082727
5081 6391 283930
2563 355 690294
9418 7666 228689
7475 6633 188776
5451 9657 893603
8922 6089 1403199
9657 3186 483102
8754 4623 152435
1960 3746 1247096
8365 7698 23963
6381 1592 419200
6206 5856 1384015
3018 1017 268963
5591 5662 1976070
6263 4615 279611
3918 2511 1380629
8396 2777 671721
5498 2626 1411185
3128 6940 660646
1375 4625 845006
8019 9357 866328
8397 2248 1998927
366 2850 747095
3966 1473 806999
3038 4347 711103
8839 3283 729923
2841 1101 1049494
4426 8526 961374
6728 6926 2422717
8314 9990 149208
2348 2666 1737932
6848 3299 1979240
2887 9533 1152104
3515 6998 653997
4467 5040 30924
7143 9698 813666
4367 3880 2197598
9192 8611 473781
8344 8811 162792
101 2821 937779
1893 1179 1234774
1942 1482 110203
6061 4833 778664
6897 1664 1918261
5859 4934 1287190
1535 4987 1755203
1102 8993 1193486
5217 1475 597082
3689 5780 2765264
8405 2108 2582630
