102
587 3293 3675396
4555 707 234360
9878 9028 171528
2632 4654 190925
3773 719 959618
1032 4920 1719922
9984 715 658318
5323 6853 270386
4971 2798 487059
9885 931 338105
1896 4021 173729
7317 180 1839563
4669 4657 704909
7374 4308 2589364
3208 5174 207586
2718 340 125994
1286 5822 569529
9800 4228 559404
5363 6755 580139
5262 7772 964600
2856 886 602131
1902 6719 461499
5352 5974 796189
8651 4086 1323320
6102 7589 1671787
1294 6361 5583125
8893 7701 2271504
2816 6499 242426
9298 6640 553550
3088 2747 2691599
4555 5856 435558
9579 3131 1050710
4815 7885 578877
5123 5616 742412
1116 8129 359857
1984 443 2223070
3706 5787 646453
6941 9650 2493931
5370 7515 122582
8895 521 290870
3424 4754 1412762
7215 9886 132945
1038 8991 2791268
2151 7363 1770948
3225 3284 56435
3209 6527 659984
2985 4021 638753
8517 7045 1296935
3402 6422 1203232
5791 9354 1786976
8591 7361 465771
6634 4272 184111
5055 5362 29252
9608 3997 303185
6279 5393 547791
9994 4915 1445346
254 6848 2406478
9320 5028 90891
2805 2178 188575
1371 1516 3533230
5604 4301 271906
4385 9057 929785
5958 4463 325633
5214 8706 222534
7807 1390 164808
9098 3644 377151
7761 7780 428239
6135 767 236214
3095 6660 26220
4373 746 346954
858 2715 159816
2467 7165 1059834
9461 6544 169080
1715 1985 753619
4878 4131 159799
5837 7731 3382764
5704 1742 487652
814 2554 4326486
5615 4359 704724
8414 6398 657234
6394 9219 33890
5376 4511 107666
6798 6504 425642
6137 5969 220565
8743 6234 1242043
3192 7990 35711
5210 4734 2042767
3497 5877 206379
1199 5541 5031796
8981 2770 257342
6330 4996 79292
9889 5800 325811
2608 5736 2549978
1024 1659 231844
511 9287 2786001
7509 3244 563316
59 395 985435
924 9546 165379
1295 1321 227123
2283 9293 1533274
1230 907 732868
1802 6033 1918674
