151
6768 2543 783349
9308 2357 872053
4071 8167 34795
9432 3661 11812
6950 150 140226
7392 5363 795721
4396 2208 552752
1713 1518 858988
7145 2551 1074140
5040 1457 627335
5779 8135 103005
3586 5437 173736
4499 9118 236849
3259 8725 1153042
7588 102 33740
9633 3943 784424
1942 5777 150914
2258 9732 794886
6548 646 927447
6568 6226 611278
2118 774 805818
8956 6363 332343
3843 9801 825477
992 2550 1315907
5296 6558 205157
5308 9574 538296
6499 7603 689049
5269 7825 52712
4629 3273 360920
8765 40 1087854
9357 944 337939
9812 6380 459611
5753 1504 71771
2345 5232 149986
4496 9353 160437
9628 2070 336658
7566 159 115584
9682 4094 144450
8297 6470 2616670
2162 8214 188899
4204 6811 1490336
7140 7316 498857
5750 3062 111115
3642 9050 800929
111 8009 1502159
6364 6344 981295
3957 6197 520797
2119 5964 219474
1691 1544 135483
3399 887 4184
2584 5417 200967
6820 8620 82042
5383 3945 394072
2783 9463 878593
5033 9187 575859
121 4137 1383116
341 2233 101649
8885 1364 1230542
7283 2061 1100592
2290 5941 580251
822 4943 703367
889 4745 281587
2927 5500 7971
6503 95 946110
8623 1595 986681
5762 5839 419055
6685 4541 988971
9448 1311 381744
3170 6558 748977
8231 2863 414975
9132 3560 414282
6968 6620 1109257
2936 1786 1639187
2050 9417 985024
9122 2626 62574
6363 1839 9675
2760 6505 685356
2498 9005 1533396
2821 5236 1800272
5135 7924 1551564
9460 6444 3023003
8355 1086 1370183
2986 2329 142693
2956 133 1540415
703 9355 171756
4680 4634 44397
9743 997 418055
3927 5742 1202589
3426 5955 1679963
3840 5786 545881
164 2089 26964
5332 9562 2619300
9521 8001 374159
7032 1231 211446
515 149 975330
623 7507 243928
9565 6038 600300
9341 8848 118870
8303 5138 1882402
9225 4134 972936
3863 5499 552604
3296 9787 133058
8467 1281 613140
3012 3893 1769690
1179 3399 1150644
1508 9367 1111112
6794 3678 343289
8071 193 1869900
3387 7339 1948455
8897 1619 661780
8222 5127 611477
5582 9176 245662
7036 2482 757744
8592 2734 507440
4192 6391 439448
4338 8925 96875
8074 8433 2578671
3133 1359 534145
1956 4075 394806
536 6773 758982
6881 634 84318
3430 7726 402214
55 989 41199
2694 9193 296828
5735 6024 152946
9511 5933 1806
827 1580 426619
7088 9510 878629
9551 5035 802381
336 1610 469365
9498 6803 114220
3776 1078 494823
3375 1920 532215
6228 632 51628
1446 6129 479694
3578 2009 281880
7041 38 2441196
1496 788 542876
1912 6171 228987
8235 8041 694241
9086 8758 1373356
1723 6574 114310
5281 9175 275738
6301 9720 99875
4914 4724 41540
9796 7452 1194349
1520 8079 243329
6027 6090 204472
8123 3142 462269
6218 495 922241
3146 1353 428597
