151
1171 9288 1019742
3869 3916 1164445
3605 8644 498826
2549 5965 647399
8561 7259 351953
3560 661 357832
4268 3578 137718
8714 1984 251759
2893 4699 597644
6526 6467 376279
6190 2589 157912
9780 5123 974468
7721 621 630890
8349 7530 338089
3609 3081 1158868
5530 2095 9311
6559 3493 533111
7338 7681 13036
8350 5389 111831
253 4065 800715
494 6690 1413555
7385 2423 275918
9645 3648 1132300
7618 3724 3643420
5248 6662 454413
3118 8813 707811
7211 7733 429009
6049 5305 223050
4902 8973 1733223
2333 4315 1542835
844 8971 96395
2068 3735 919482
630 1603 393508
9943 1022 616115
6073 2930 171756
5451 1670 632915
2601 937 427676
120 547 497742
80 2172 1515479
3169 6959 372577
2361 4405 132899
6151 3921 291263
2273 3790 1412581
6046 9101 456617
5547 9833 37290
6643 4502 359545
5326 2490 505510
6111 9854 916349
6939 5457 20808
4696 1572 830504
6721 1627 884848
837 3653 804529
9238 4506 374159
9924 3939 302118
2578 8777 1259646
6303 488 104428
4579 9977 181544
688 9395 514059
4930 570 884788
9427 7685 474608
1769 879 1860836
2790 4976 786503
5056 9087 190687
4719 1414 277298
4237 9462 293897
5710 9792 145962
375 7508 1555364
2530 1302 90930
5995 6053 596010
3161 1194 491119
1652 1691 261926
1540 2600 1501036
6064 7101 852942
7131 1427 162902
9391 6461 1737090
8572 8433 1121385
5672 1834 502049
9314 7477 359610
1869 370 388923
6296 9322 188633
9730 8828 171428
5614 3416 1494761
3122 5209 687799
6051 7136 176157
6450 2534 115800
7589 9410 532373
527 6605 501030
8992 6856 211269
762 9470 110400
2094 5431 559401
1347 1013 441016
9306 2736 1529501
7677 7484 816251
1594 9629 27489
5048 5785 347104
1129 2082 393401
1146 3392 774262
3406 4421 203036
913 3574 152024
9435 1891 412358
2998 4483 189711
5683 8144 514987
6158 6255 746344
4575 3414 354117
9239 8393 206101
7917 8420 189108
9680 7808 699786
9112 458 639812
2869 5544 266184
7440 289 161705
408 4780 159585
2302 7110 425452
5881 9184 10058
8649 7126 685637
5805 8836 467209
8097 9532 798806
9641 6151 990744
6624 6010 989580
6808 5906 97747
2728 483 216312
3708 1214 1101386
3713 3318 192976
8758 8555 1690303
826 9952 1104884
5669 2016 1360816
6293 5570 1997248
2839 5622 348112
1621 3890 168990
4468 199 454607
8688 9600 163759
9339 3297 1472279
8647 3390 31824
2377 2144 488292
4764 6640 2235093
5166 7696 604141
2762 3591 421244
1660 8987 1295541
5208 4696 221004
6271 1150 534937
1083 9530 832720
4056 4926 1040406
7179 9295 558405
4940 9143 499428
974 6960 1719965
4649 1602 844642
7026 4327 3506154
5122 4116 2995850
6057 606 256469
595 2039 50403
7279 4850 1536052
868 8114 362023
