151
2031 5326 887459
9214 6278 357401
6665 5090 90958
1277 1234 39720
3986 7145 753694
1856 6148 22940
6808 3495 582099
4415 8810 83382
7745 3614 104059
3554 3301 419562
8881 3570 273919
6044 3805 313289
7413 2752 143124
776 8427 261191
1671 7677 299355
772 449 370198
1924 21 165902
9076 4913 201608
6686 9908 1123374
6655 6622 1516942
3525 51 297595
5441 8445 280194
7424 2942 2105643
1325 3229 2874
4311 3307 579231
3973 1782 569983
8270 5625 56092
1916 9681 1446477
8535 9175 206494
5299 4517 58129
8412 7927 247699
581 2317 280952
2919 2505 733978
8293 6959 70233
790 142 1533710
3657 4893 4449603
1823 4228 2051898
5480 5573 710936
1323 9160 1291247
6 9314 709763
1380 3659 1692777
4305 85 877555
1389 3142 1614035
1417 6265 407082
9726 2759 636416
4555 8839 1306510
7775 4626 953022
3135 5941 533895
8079 9438 658009
7710 8952 890277
2121 502 70928
5866 8023 1814360
2020 9045 651410
8972 7552 1998790
5909 8158 710621
7270 4091 180143
1557 2158 500596
2553 5718 17258
5919 8848 150302
3698 732 366523
5506 6141 336749
6469 1454 240911
7171 3997 40060
3281 8988 558995
8030 9323 368162
4263 2565 639122
9978 2466 15128
3509 6527 1077152
5113 1024 74868
129 3920 478387
6652 7926 547734
4792 4090 184757
4136 5279 75169
5719 3574 598569
4128 4461 85873
2251 9488 95808
9837 988 80532
2025 549 151304
30 3563 4105024
1560 3939 390927
8665 2664 196234
4123 8601 78755
8335 3719 344025
69 4648 1031261
8041 5295 315062
8684 4726 44647
3252 1335 156167
4376 5529 1561138
1781 7460 336217
250 3561 873418
1688 5236 28188
1341 2064 428636
5266 9408 827625
5475 2627 1875709
2061 6050 108374
3035 7924 1422317
519 4048 161334
6867 4637 1499399
1761 5775 402134
2697 6869 1256229
9775 2790 125816
7865 3944 102444
5798 6889 15691
8749 7871 144178
8377 6782 1211145
4850 8794 288202
9898 8879 1180190
3836 9493 318770
8976 1483 1856192
1346 6617 1574476
4786 397 690015
3782 2255 64752
6687 6610 10223
3471 6729 49829
9888 4780 135235
2441 5307 1969933
3706 4609 127229
6189 2323 1048585
1591 3370 355218
6478 2384 1827278
5951 9772 440742
2260 380 85580
8194 881 78206
6061 4848 586990
349 7148 1444409
1105 4232 363136
7219 2457 2554642
9022 7844 469242
5191 1623 105169
8777 4601 426884
9572 2999 2495973
6198 9638 108469
8875 122 73638
2805 1882 212313
661 188 1321120
3241 8779 732638
7122 908 1040017
4820 4223 38169
1583 1548 134324
1692 8496 659568
5535 2781 609448
3802 4410 1771044
9030 8824 114823
5039 629 226658
8949 8039 1173947
7955 7929 223275
5699 8871 109507
7392 8044 1428241
7606 9204 1575249
2984 7364 888413
3780 6472 597249
