181
9024 523 807830
4278 193 10071
456 8035 296322
4871 5946 54367
6861 1710 2123291
5040 3027 9885
8631 1075 319199
6637 1947 1034036
9617 2673 277529
8098 9018 610957
242 8613 508328
6990 7105 121476
915 2718 379
8619 2521 505278
6033 2554 894846
1228 8962 41920
9851 4485 30947
1661 6148 917905
9108 2426 236190
2237 7816 235063
7715 142 644435
735 6499 865009
927 3342 188453
1061 2834 295027
2263 2889 32581
3082 1591 297814
6165 4148 370244
4103 4062 1325174
7843 3122 207291
1926 2159 241537
3306 6795 632198
3454 5327 775078
2485 2106 78070
6605 1197 98062
423 9943 504194
3103 1082 753365
1732 4450 36417
908 3583 805307
3636 4881 94611
984 4178 579197
8910 7500 388231
9991 7771 285539
4797 7706 1329240
1192 2306 593392
7699 1813 1379166
5071 9951 610984
3624 4272 2449557
5838 4554 140250
96 193 490266
3926 8490 210160
6543 2114 699284
8104 6400 853167
2689 8446 806978
9753 1105 202781
4063 6738 203647
6001 4149 536862
587 1996 903617
3477 3272 74049
3798 6070 135220
8222 483 1553740
1753 4816 1009169
6271 964 1288411
488 3900 337286
9878 6050 71951
160 6233 422107
1260 2039 41924
7500 4765 504326
8042 2325 394520
3610 8279 1227623
7239 1444 550608
7086 4953 192926
3516 833 152478
5602 1681 210059
4588 7111 1170634
495 649 22228
7025 8160 203716
4006 298 364292
4151 9033 8864
4421 3375 222443
1960 7093 80449
4989 9980 1419147
4509 3565 978538
4581 7786 39066
9808 1162 1626164
8242 2008 1520875
8658 4557 365320
8502 7918 1528115
3696 1695 349109
8127 525 402530
2540 8866 543369
9880 4079 330543
6726 9311 267842
1392 231 143234
5395 7444 1065
10 4088 416579
986 804 200845
3982 7139 116982
1682 2100 1114465
8621 8034 293141
1760 9697 455471
7238 4986 56526
7207 7405 723977
8598 3340 224610
3612 8009 5996
6397 8221 75077
886 817 375752
5176 3661 458809
9802 4186 483728
4103 6313 2250235
8670 9630 617495
4853 7492 1999183
867 6226 424506
9559 7462 814873
2420 824 199896
273 4702 45863
7266 2698 396890
3553 2534 56974
5914 9102 171332
9203 1566 286818
1439 4144 301821
1866 1940 62496
2241 4585 230284
1637 4158 690878
717 5720 53750
6911 1790 243787
5170 639 478239
938 2374 349358
2295 1193 972312
5247 4821 1851281
8698 682 341416
2504 5054 1263011
1992 6613 619714
439 4522 1070870
910 1407 3164
2277 1218 641806
9123 7821 475654
8941 2250 84553
9101 2957 2189306
2537 5598 378788
8520 6099 1303089
1600 2219 177874
6298 9235 298033
5831 3559 542123
8564 6818 415580
1704 8287 691226
6860 5142 788926
9306 6489 4272
9996 2654 2578488
4288 4398 677454
3428 2510 573223
5637 8971 128220
3672 4004 134237
8869 3611 707860
1304 1878 1181724
9516 9418 175283
4543 6162 1222257
8166 7787 659055
780 6718 378133
7798 704 511733
4336 8415 1619322
7048 5246 44524
7434 3070 446029
2544 5043 146654
3960 6681 38837
472 9963 802434
2647 2147 77470
7730 2768 179870
7620 4793 30566
6814 3205 262645
7291 3758 727837
4766 2929 1933645
9373 6075 831949
5075 831 222541
25 4311 9778
6068 8179 63075
8783 5547 242497
8330 209 518990
2454 8015 1515553
9744 4660 300810
867 6437 1291775
3642 5428 1278954
