181
6058 3631 338198
774 1898 1473635
7894 6885 787007
1822 361 67515
2754 3542 197769
6564 4620 216034
5467 1801 232529
9805 111 38658
4726 9118 10967
7626 1546 121479
7405 3733 164722
120 3132 461897
9323 6183 112335
7688 8174 12243
2082 650 597140
8234 7972 55755
3277 1491 466282
2119 7116 83746
4040 7812 30014
8652 3735 950757
480 438 187924
4043 9577 42072
1953 8472 28270
8580 9417 642698
5976 2786 825569
9292 8398 188003
7634 2383 136687
4965 3431 1275143
7804 3398 609847
5352 3955 16696
6906 6200 150238
1743 6894 959664
5765 8327 262390
4285 3142 328444
8291 1207 252081
2644 4226 398949
2914 7905 670797
7016 5942 511123
4926 7941 505590
8168 4753 407080
8106 9627 169569
1467 5178 253360
8153 1374 175995
2257 4235 207979
9324 9108 325792
4614 8 108708
5907 9714 911942
7417 1799 233395
386 9815 922995
2969 7997 81493
7439 2670 162380
7414 4670 260972
8424 6076 766055
1121 4658 95188
635 7725 351434
6074 1623 431256
1963 3229 277712
3143 6381 819320
7479 9752 92067
2445 2413 1263923
5662 5922 439912
2333 4663 1422814
3756 4826 245575
7905 1164 395658
5885 1518 634995
995 7727 2010017
241 3298 21407
2070 4429 372325
1854 8070 40896
3694 8529 171227
7827 1791 176306
1575 1104 140602
1654 755 32212
4115 1233 889605
117 3990 2565522
3749 9440 359561
6254 3234 61753
9058 9536 696460
9157 3889 3382643
4763 8502 371012
2427 1981 899749
8677 1407 1116004
3137 2478 655412
9379 5178 14721
5870 457 394904
679 2188 562
3919 715 490089
9602 313 70341
9610 4471 81447
1687 2446 381867
8727 7265 423351
270 8914 440507
9735 1337 43636
1400 5043 908471
9244 7139 337292
5697 4645 1090117
1358 4001 2464019
8925 9461 396491
4991 3815 150551
7778 6770 473450
120 2672 323543
9917 6521 1880068
7598 955 2252994
18 2588 193757
9115 3932 1532549
9290 6647 228438
4313 3767 645803
4857 8420 1851601
8191 8672 364115
3842 6447 2537401
4095 4650 35908
4845 6147 386476
4804 2197 1145743
7865 1709 512695
8033 235 696740
2318 369 171551
4032 2882 25918
7165 6820 257900
1907 922 425386
3859 2439 241784
69 3335 148102
2035 5470 636392
4810 7931 2627827
191 9952 1049073
4707 4671 73023
4023 2914 165656
1610 4712 35963
3754 2016 554876
4313 2451 324922
1000 7827 148282
1195 8809 954295
8818 3384 546168
5297 666 636545
6844 1597 380203
8422 536 1010000
6930 1078 1938486
7055 6803 508826
1353 5256 1508910
5351 2362 4820
5337 7129 595668
9432 3679 211215
4033 9153 43885
958 1521 58628
8438 2930 245601
5893 1331 52411
1615 2176 72569
8678 2898 770940
5097 9484 260639
1190 4187 1148047
3391 5224 18954
2921 6615 546704
7317 3702 300550
5241 5431 481866
1688 4596 94994
5765 3147 1974
2938 8603 385288
214 4105 1006645
738 9286 229334
1968 5200 391668
2283 4866 1395080
9702 1365 136314
4368 8364 56555
411 3814 88431
4804 1522 405567
7772 3543 4178739
2961 8421 468534
513 5211 1570451
9621 2892 129207
7908 3512 250804
8542 7685 9554
2357 6004 390736
327 3865 120275
77 5217 578586
7456 9496 738893
5363 8448 615294
6970 2824 836755
7565 7663 891202
7645 1100 254749
6753 6004 12850
557 3662 2452271
2137 9050 545869
