181
4209 2960 547201
460 8252 1779652
7278 919 755008
5632 3066 776304
5549 7076 245751
5373 636 731005
629 1607 135458
522 1708 289921
6423 7327 290485
5132 3957 317951
9420 3061 377182
4374 8677 550108
1432 8178 769060
3912 6995 48532
9748 4565 259448
6900 9362 949140
8676 5226 901681
5447 7898 1074193
7793 1886 807031
6727 9310 663428
4313 1800 426017
7415 2895 145123
4850 5823 365533
2162 1545 247505
2105 325 437397
9208 4314 179204
6605 8396 454941
3911 6322 1986394
8762 3797 17199
4522 9520 810578
3032 3925 57858
1028 3680 1894001
4877 9652 20295
8300 3079 449367
531 820 26845
9044 5194 144690
656 5126 340035
3098 9400 106650
1173 7688 197405
2598 5358 119779
9847 9376 404573
9758 6466 469396
6471 287 647405
8969 6309 681503
2549 7068 239693
5670 2994 584608
2609 809 17564
9852 8261 94222
8426 8498 230237
6598 7019 631970
5301 6253 230058
7760 2253 541992
3716 2364 149555
324 1276 240762
100 9410 740466
8778 3696 20128
8329 5770 656180
6921 353 572212
4216 4121 276722
3129 4519 376010
4918 410 366642
5284 3728 927890
818 1520 275763
990 7274 46861
392 1962 462209
1204 7220 56367
1808 95 546540
7689 2160 653892
159 7837 296571
1530 8118 212230
7224 7645 1386481
1879 7173 144723
1096 5360 156589
7581 3093 311956
2960 3574 77682
9087 9374 1169060
723 1005 1371434
4336 7881 57504
4127 975 329029
4035 2221 223521
5552 4119 727608
6855 140 600814
8344 1449 1366434
4654 4838 1036849
3942 9491 241348
8430 2295 440764
1300 3788 320220
7915 1962 1755590
9306 789 104288
4547 2604 182898
7692 2717 195925
4719 458 380872
1417 3949 361045
8667 5409 220304
2722 9885 378925
4431 605 11264
2843 2253 465917
4031 2033 809895
5035 4974 202630
935 2729 1047425
5326 96 146086
7706 4613 627030
5469 702 214738
3438 5715 334980
7509 67 497450
5297 2098 591219
4232 696 647259
773 5604 507998
7765 9350 1317538
3272 2418 228942
3161 8929 640814
964 9580 23573
7653 5063 513430
8735 688 934250
4960 1014 858414
9278 5164 676462
4119 4290 2171935
8742 847 978828
112 6638 83730
4572 1253 314773
9941 1365 756170
4569 5758 420038
8761 7368 21861
2877 3398 1153022
2345 5058 2325060
6016 3931 553475
393 6247 226784
9660 4933 156848
320 3931 879199
3538 8074 71300
9025 1525 743504
8246 9421 491288
9231 530 122007
5018 9426 48159
2658 8770 458572
2221 7586 959704
9570 8791 389282
9122 4441 1070030
9031 1259 657944
9056 9874 273703
9379 5729 47868
2130 5868 402488
5742 4663 274386
2775 1531 186100
2927 6254 381887
640 2209 2633249
5828 1895 9322
8114 4578 669677
4397 9716 781611
1350 4393 431035
4078 8850 57979
3833 1238 649698
4282 4478 435078
7846 6246 2330673
5924 4509 387469
3390 6949 598388
1824 6675 1418259
2607 7600 1270510
3646 213 1118698
8518 5170 188644
9244 8619 557379
6519 4432 209887
2060 2915 141242
2450 2957 239174
3390 3760 509409
1588 2272 434935
250 6769 1261844
910 3706 453973
817 1922 857488
9685 5406 63393
9303 2349 699603
6523 7173 960551
9072 216 755147
2476 748 112046
5561 2705 108301
9186 5011 2912629
4778 7681 1218855
7925 7881 365221
5686 2913 98796
6204 3520 721691
140 4489 533448
