247
977 372 52365
5494 6302 266029
4314 1406 271787
7482 7759 591569
5870 6733 621047
2090 429 65074
3493 5374 277306
9228 2447 292197
1728 4034 339668
6985 7304 1037061
6415 7163 178585
4716 9152 602393
6824 8470 611734
9030 484 229877
6210 1472 157308
504 2400 156460
837 5558 150988
3654 9608 76419
7048 4639 206115
2645 4120 58969
4139 7288 106099
9995 1764 761933
9228 1988 15977
3203 4711 1020597
7164 1270 50581
5602 760 69142
8618 1642 858239
520 8107 343350
6331 1524 912330
479 4588 84085
514 9648 3698
6770 4246 7298
1134 5133 159510
8356 743 457877
9358 5045 121055
7657 7778 74160
943 8958 1114123
8242 3370 74146
5759 689 870013
6236 5455 668762
9589 6567 80967
3531 3137 480391
3481 1272 595173
4636 4900 509333
7927 9216 25443
5443 5926 251592
3296 268 1071436
1845 7339 83826
7527 6735 142944
7216 2101 112725
2397 8694 254340
3450 7387 53552
3633 8528 445997
7514 301 884
7475 587 85690
5784 436 265559
8877 1372 111874
931 5432 688984
1954 1353 1066695
6910 4270 306790
2743 772 586751
2079 6775 29398
4917 4116 268243
520 7620 169363
805 6714 410483
874 1262 1160791
1910 7505 98450
3492 8403 145452
7261 9376 70250
8750 1728 207661
5823 9797 275363
4062 5618 353571
3916 8175 1250118
5221 7236 445668
7078 8065 153770
8495 6500 49125
8515 5238 163088
5162 3952 617344
4888 3061 299199
9479 6722 914157
5141 3243 76071
6472 1339 459459
6994 503 247195
656 7976 896399
3652 6847 194417
3250 3629 411135
2544 1407 183219
5703 8496 112429
8104 244 231501
3236 2652 166237
5531 7559 132212
9490 1213 56854
6998 3213 48839
5972 4002 156676
3217 1282 250800
2843 5901 108911
5290 7518 1701923
7162 3453 59802
9716 9099 167785
401 4944 1174416
4365 5116 354832
6331 935 70380
4772 4046 604301
2549 7461 306701
7418 1253 52202
9840 795 156172
8166 1138 431381
6059 6323 818749
1136 3458 2249
6825 296 487622
5557 5971 3806
3558 2302 75870
9452 3517 315846
7956 7917 376052
46 7122 42255
3978 2860 1894
5582 6586 709501
2685 121 179477
4208 3700 141659
7588 6117 282776
5011 8765 645248
7205 8754 727930
8295 3631 458620
7623 8815 329260
1435 8999 860822
5264 5030 164335
8735 2946 86834
848 2572 236910
1805 8547 2007919
3905 857 70738
711 6251 418407
1722 5156 408902
9681 4434 323778
5766 3094 117357
1927 6041 169581
4261 3872 1104869
8004 9368 25735
1522 9478 494675
2736 8914 385044
5030 4583 931443
4868 6168 76481
8909 7668 55411
3039 306 471781
9607 3669 442759
3380 1481 709275
1231 6012 201390
8753 8589 284492
715 2048 1506559
4186 6018 310665
3296 7646 983201
2327 9725 585149
8210 4270 600143
8051 5995 66970
6868 414 173474
485 3487 337258
3079 604 1058781
8047 861 136256
2126 5454 410269
8357 9922 123741
5006 5616 939878
1356 7164 340624
3620 4410 89761
4049 3327 39043
8312 5096 950552
3518 6410 782916
6936 5543 369297
8068 8694 401182
9372 248 194189
4451 9701 1030854
2389 6940 639682
1199 5254 78940
6092 168 144835
5344 2518 169799
1833 8407 403425
3531 7547 466470
7633 9033 33550
795 8744 130823
2299 9327 679830
8416 8325 231439
934 1941 436783
977 2136 258358
107 3582 33003
7918 6782 40591
5513 3117 22093
6664 5857 369734
6003 1912 376023
6571 8398 283576
9940 6539 515101
8067 2566 416173
1098 7603 2730361
6886 3710 841508
1089 608 617777
2849 9768 176321
1452 4689 1111970
6631 3506 628204
5875 5912 304263
6218 7346 385701
5542 3722 542674
5957 286 157174
4560 144 346625
7742 9658 32475
269 1647 329857
9358 8886 568456
8197 6315 416558
5853 2610 43386
7406 9938 872555
7491 5762 436620
2734 7572 109697
2276 9905 1061250
3023 8356 463281
1774 5602 509268
5109 7522 698148
2138 5117 304891
3867 2481 65197
6784 2865 360112
267 3991 119407
6287 4916 106673
2737 9487 629141
2422 9205 14704
1101 3423 99579
6084 5262 537277
2212 2729 217496
904 8508 806232
4378 998 758040
5992 3723 865669
1324 4596 292354
853 1323 47864
9945 30 1378462
3255 5042 848917
6972 4002 212
8699 1256 50066
511 8424 343333
1223 3014 443695
2085 1253 814136
9563 1168 1496267
7636 6306 793769
3838 7301 16599
7732 2910 864177
4115 6221 622928
6618 3554 568433
8730 652 207139
4388 7938 291964
3168 1644 256367
3699 2868 1504483
6586 1815 47320
9471 7976 139147
3071 8209 764464
