247
1435 2403 200546
7069 4596 1350220
9960 806 863309
6701 7623 110858
5267 7128 221581
7740 4409 623246
7304 5455 43434
7746 8979 431472
7861 3355 35159
6593 5513 296559
1972 2811 91798
1885 9801 1193023
7062 9791 629575
9180 9858 747351
5171 9008 629801
7004 9897 446689
9915 7283 547627
1212 1958 12597
4573 3423 320591
5012 3652 529289
8218 3997 389904
9784 5832 91836
5344 3695 168061
4504 5170 33845
5530 4681 1650439
1054 9203 330159
5236 574 63567
1483 2953 27647
897 865 704476
321 7634 44637
1432 9004 127311
2828 5027 129663
7703 7834 454429
6436 3167 139567
1716 7291 1246893
3040 2492 264373
2555 4698 662629
2644 8040 164099
873 2537 1570628
3241 4497 401417
7763 5404 390276
2645 9469 1469018
9653 6067 154875
5634 7883 28161
1611 2733 1287
6814 4478 352675
450 8121 56587
9317 3748 448350
1253 3037 654779
9031 8180 31640
5513 7508 664444
4186 1984 259928
9664 6802 777680
6949 2420 300842
7498 4057 330210
7827 6573 652539
4037 7923 162539
7721 6169 337001
866 7835 46146
8473 7272 386769
3656 4462 40014
6293 6272 441740
9060 6251 686748
4701 2304 780557
301 5911 26788
8400 8107 36147
8964 7455 60622
8909 4379 692617
1184 7814 68693
422 6180 2055874
3149 6159 131400
7986 5139 179901
9309 8649 323112
9656 4181 10293
2081 6420 124835
3989 7689 294459
2743 8177 133552
3249 8737 301797
2085 5542 1391217
8733 1236 116904
2695 7538 49951
9554 3810 356151
3211 4398 1448557
2561 2375 1230089
4467 6248 277825
4325 2321 322312
8716 5492 654213
9724 2425 1083332
6559 8813 364176
2196 8933 845316
6236 8548 75183
6867 4197 771663
8458 6434 443421
3287 9474 627116
4441 2750 40852
5562 2732 199352
9577 3639 308984
5401 1790 149554
5782 3129 252308
2197 3625 369207
9390 5038 328786
1273 8100 17747
1904 4953 1010634
1667 8389 251902
818 3031 98346
9574 5646 50515
5657 9961 666818
9469 3726 187430
2276 1665 942216
3647 222 477212
3334 2981 51898
1871 6375 621055
2962 2261 525935
5596 2157 356080
3581 7646 371224
9660 402 84659
9539 7061 281258
7994 9896 264622
7798 2692 1100211
3911 5704 580887
9760 9746 175539
7275 9626 219238
4287 6627 1161549
7274 9078 160937
5926 8056 725601
56 8624 545132
4335 9897 828295
1489 7904 291742
5874 9858 630143
7553 8819 744346
1733 8050 65684
2693 3651 725913
2929 5922 305481
8755 6818 1236959
3151 7205 1424972
4848 5267 1081246
9397 4834 340359
8889 1047 129300
8781 1750 299082
7218 3381 131989
9071 8084 106088
4039 4788 66437
5697 9260 358639
4006 7513 12893
2822 2191 15884
3764 2064 126352
9559 2463 58035
3640 5789 1883892
1202 6474 268224
9841 7873 47686
8183 4875 569045
8557 5296 208797
5768 6822 1521721
8439 3907 665397
4357 4641 147842
8336 3018 179321
9427 1504 24385
2761 7345 727008
6931 6490 130397
6062 4808 157742
1861 1332 204818
7481 273 453201
2717 8526 234242
7481 3935 466134
8237 98 348477
6446 3022 244313
4223 2052 51195
3453 1530 736029
31 1292 930328
7926 6890 331520
3399 8103 109406
5317 3557 830892
6387 7712 48952
532 7356 941804
6235 5876 399301
5594 1413 968053
9227 8808 178339
4136 1353 282058
2040 3082 40519
9517 26 53930
5387 7443 800232
4573 2018 304876
9945 4682 47004
3229 5302 457945
8502 5857 102074
4339 5806 466465
1888 8199 763037
7453 5104 432426
2970 8935 500178
5138 5020 491549
9010 2086 329486
2210 1977 114793
2791 8117 559725
6523 2075 520438
4152 4597 74624
4320 3964 111737
3123 9273 99536
1578 871 52162
9606 1888 65821
5363 9645 270551
2400 2723 1695138
4898 9797 504468
4666 6951 45659
5289 6572 713275
7714 8022 195147
1305 4342 804637
3409 5516 126141
4745 4296 81267
1111 3919 164543
4998 1720 299423
8704 2449 212105
4637 2771 73329
8252 9811 1174145
4481 4000 60716
2945 5993 144727
5409 3268 848393
9751 1975 104690
7888 3969 689093
1986 7819 15613
8868 9608 30524
1649 437 469433
9602 4053 282597
7185 4208 456942
4924 484 25530
2683 4945 119628
3742 1963 507388
8803 5526 227127
774 9407 281451
3255 816 76288
8045 6564 172183
7223 9613 49144
3894 3953 209474
7831 1523 448831
2676 8376 347016
5939 8015 403207
6132 2620 153804
9180 1573 235863
6312 8792 271840
5672 3438 103759
4387 7264 311229
621 7306 229134
4278 6324 942166
3906 3083 367738
7894 9594 101404
3166 4131 539125
5591 4765 193511
6626 1020 41375
