247
3870 4828 82651
3982 9500 1070022
5572 9812 152299
7697 5186 482423
9487 693 90845
7583 7394 128344
9818 5816 582721
7032 3717 362070
5466 5399 183190
2164 2041 23058
695 7001 6154
606 3823 77999
1572 99 1090794
8359 7584 15537
5888 6153 446916
3665 8364 141242
1244 3969 1075629
7748 251 43873
281 3006 328663
4500 1886 364251
4959 1249 660436
6880 9530 9025
8481 8653 34539
4758 823 576313
5894 7452 1050197
3371 3200 33738
2930 841 607181
5537 7323 2479186
5729 4408 99370
6994 3573 41059
964 3371 408877
4916 5418 495314
2063 6102 40688
6622 419 963719
5085 3216 744990
92 4348 2019410
7825 8570 93762
1387 8324 584184
1970 2010 2451
9718 8199 136157
3568 7429 490538
3308 6498 1558578
4334 3853 503840
2428 2948 368648
5326 8072 76857
7816 1848 577163
4306 9299 420692
9994 7124 126944
269 4623 101126
6802 3267 632535
6020 9883 1306860
3875 9659 280217
3399 1229 63783
3299 1077 387451
1257 8709 400615
7348 4563 167089
9188 916 400252
3113 3046 448136
7593 2747 69583
8498 7447 121868
374 1179 223914
3452 4951 63341
5617 2898 272522
9719 6504 13835
2407 9161 44284
1239 922 1188711
3576 2708 141442
1395 5294 393540
2558 383 951463
8138 6897 39079
9453 9067 200125
3975 8078 352555
5196 9428 512630
4164 7169 349831
9487 1396 353055
2505 5962 45954
1859 4306 1154632
6550 7279 288428
1431 5160 508967
4663 2485 409540
423 7267 339484
2689 4012 357116
1451 6026 927349
5454 4323 1118988
9701 6320 37454
6559 4262 169625
4165 3780 170957
9319 8206 126741
2523 8057 476551
9285 2823 1103898
8525 6101 96849
5058 5954 546946
7936 3806 109441
1059 3536 1128651
7891 4861 109552
4465 2878 121609
7257 9501 40803
429 1394 512525
8785 6925 162056
8735 5520 774044
4575 8929 815533
9764 2438 376727
4934 7087 468314
7982 4814 526021
8288 918 140693
1993 1622 318753
1412 1034 188839
623 9209 366735
1149 1203 782673
8124 6612 85183
5101 6650 1668
7515 3882 555977
6608 2550 822223
686 3638 521745
5836 7885 762778
6658 1394 178583
1428 8963 328150
2827 1653 291822
3655 7060 273983
7380 6529 576225
4297 7249 327119
2432 9179 41747
6617 3764 129142
5337 6546 497654
3307 481 254471
347 8642 234202
5967 4411 256220
5564 9320 177394
3122 3193 19135
485 8712 298721
4506 3446 282688
5142 1602 685175
8084 1110 300519
741 988 1027138
3702 1985 592381
6606 1491 970943
5772 5685 729295
8506 1150 282459
9016 4837 895492
837 1938 202126
8575 8401 589452
284 8823 153125
3075 8530 18747
8190 1614 151643
3439 2050 473768
5553 5495 623499
2674 4717 506701
1909 2542 625224
5250 42 293101
3275 3990 294773
3700 6107 592086
7362 8589 139573
5584 230 335613
8710 1614 611066
959 9735 130514
8220 4404 163404
4521 2180 72363
4069 9461 204176
988 5518 486603
5784 1980 36618
2128 7644 411837
3789 466 659874
5331 4859 23273
9248 8303 246019
4879 627 254831
693 2630 499161
8531 1191 1039551
9013 8099 424970
7178 3313 508237
624 4001 6102
4526 3892 627792
5224 4906 164455
9160 2088 1008447
9642 3019 148376
3998 5749 56667
7329 3604 839831
3066 3503 432283
2209 3376 193557
4155 8797 114242
5488 5015 274697
4651 1273 1739709
5610 9332 290655
4686 3386 3137
9077 652 161982
4507 9711 147710
3151 7274 397963
1297 3192 225982
6630 3296 138497
1236 9984 115052
8370 4703 488
8624 377 450507
4962 6207 82410
5923 8487 314498
1984 9635 574774
6090 9368 100921
8492 8868 63735
210 9121 70868
3165 4861 221987
7624 2421 27367
431 352 167398
3884 5227 108661
7421 3335 766222
2268 7680 766545
3431 1259 93260
6658 8751 185800
37 7541 37670
8286 2671 95213
534 6607 165529
7236 7556 421449
1288 7407 1450897
1764 2339 506717
5514 257 506933
9248 2870 1013417
5075 9509 636523
863 4579 1350649
6083 7894 244831
5635 599 438767
7814 2247 9474
1740 9510 51996
8768 9602 435676
5941 8145 230083
6928 5654 25324
165 7180 53963
9803 5156 922923
6819 5913 502604
7640 7485 92557
5578 9214 737826
7207 3999 227332
6161 4472 361264
6112 2816 311510
6090 5052 97652
8466 4828 1483407
1472 4444 42038
75 7577 529002
8179 6070 28933
4448 2642 42827
9134 2514 349430
5315 8145 627922
6558 5292 1032017
9400 2057 179562
434 7275 15280
7579 4236 160829
9795 8626 351821
2922 825 328623
2501 3713 2271517
2138 2932 1065266
1528 7812 53183
