247
4404 3117 2255183
2379 4675 418907
6604 3354 83056
6342 1944 609297
5863 7254 22824
2507 3369 431481
6428 2975 63872
6775 1566 151451
1203 5929 491163
1311 27 1334334
6948 9328 296161
5632 2848 857706
7572 4720 476198
9582 8577 239354
54 9764 232671
8610 6507 84031
5234 8278 297
3218 6178 506927
8912 8671 161263
7480 3973 213620
3227 192 20492
2919 4731 187730
164 9452 160523
4765 713 84377
4379 9441 1121438
4948 2784 77930
3071 1756 809529
1464 7575 149506
6799 8324 1415451
9174 9680 1467402
3172 4222 456179
5860 9091 566093
4906 3087 156945
8771 6103 228168
5504 2018 533032
1481 7406 159948
3517 4200 62681
5897 497 157953
961 5631 216640
8022 7115 540198
3086 8862 877262
4371 1349 585705
7884 375 740365
8495 4715 93914
3892 680 224561
5809 6221 1292309
7754 5396 304185
9370 6383 436016
7526 5382 71172
1175 9029 235444
3658 3600 148774
3992 4819 326249
4823 8950 480346
8175 2849 64014
7741 1266 1464138
7468 8532 10067
5972 7871 427918
2675 9272 367639
6148 9079 444087
376 7691 594757
7004 5289 224815
7376 1070 771174
8001 389 280997
2799 7574 463331
5050 9132 528215
6854 1822 380439
7434 4729 831844
4161 2128 657330
7488 5049 95981
4292 7164 1002134
6846 5811 458049
289 134 190695
5909 1916 287638
6820 8316 285313
1770 990 163803
515 2055 234706
8702 7304 6870
8064 6668 965685
2122 2261 1085798
7146 8507 423640
5152 9304 308851
9822 9431 42376
2103 7221 110257
5530 4425 228587
3860 4521 396974
6211 4245 401414
284 5978 270948
5108 9499 147549
1663 2060 487175
7011 1578 613634
4453 530 338658
9675 9827 249299
5977 360 127605
4464 2380 387621
7926 1834 25562
3122 3287 557945
4872 1606 935608
5085 1285 335322
1915 8940 167061
2250 8825 583927
3514 7102 590856
7192 9965 168248
8811 1964 2455595
7504 6485 664377
919 1658 155272
6396 609 1363122
6099 1981 537678
9757 7149 211391
2129 590 676342
7714 4190 171710
1844 8692 485497
1196 922 6268
2959 1650 652622
1058 5454 310022
5791 1969 124915
8624 3090 57137
5744 1104 102803
9449 4554 193541
4340 4291 62366
8674 2550 544974
4041 5182 343584
2370 7449 60324
9912 7664 460742
2231 2406 84365
5498 6391 153892
8021 3054 61506
9956 9885 246604
1814 9434 108278
1212 6331 78771
4788 4899 700720
3531 6507 17559
6233 1346 174059
7664 5569 35964
9775 8588 214886
5566 888 336628
4804 7483 453179
5564 4192 1789576
3636 5695 613846
9186 707 109220
7145 576 21077
3504 8590 103754
9965 8619 161241
3159 6087 257373
8200 789 79394
187 7415 947188
193 4621 444527
4024 9411 489941
2271 5155 469745
1282 2992 540272
5558 1385 728887
2471 8022 902246
712 4276 64820
6198 8122 139032
6522 5824 28820
5209 2715 71921
672 5540 109618
2870 5690 273067
5171 571 279152
5559 5290 405798
7818 9243 566838
8264 4967 625924
6977 7606 65811
827 2504 39086
2253 5996 264112
5158 6930 37403
3329 390 28098
5650 1898 598958
3228 9994 15275
4486 9160 830822
8965 8724 628950
9282 9838 154161
6504 366 383878
8129 634 49445
2253 893 717616
15 5937 441020
8330 2023 838208
7181 9172 156512
5380 8391 498124
7501 5524 4208
6623 6738 21674
6527 4442 542495
1500 4634 659447
1580 7343 1988
9748 6485 329218
3358 558 714267
2217 1846 1037113
1467 2841 365072
5120 7709 24596
5404 2668 427710
4249 3222 322555
4649 9900 156687
8086 4138 17092
3931 6977 127117
3794 9180 800987
5662 3145 731581
3876 8331 585140
2130 6778 198379
3203 1547 364605
4522 9794 70853
1197 859 308668
8922 1352 183843
4300 1841 916623
9949 6816 186178
6596 3315 16351
3120 8419 81919
6194 5791 1389969
1286 382 445788
6141 4660 385365
2572 3406 193164
1254 1380 205694
2496 5113 708305
3957 19 85934
2822 9902 778527
2669 9303 499809
6375 6413 225379
3530 4519 84991
6409 7185 12158
2789 8826 905482
8991 736 86304
6901 6564 55440
1783 9791 414578
9998 5950 687459
2867 9494 556059
7944 4680 1268804
5068 61 111003
8621 8227 33247
7437 7125 136375
2201 8353 222472
6309 8361 1834704
8142 9683 330842
1982 5809 410443
4552 2117 198330
4835 2114 666536
3245 5323 496522
5414 4066 500959
883 1977 247025
9126 9763 113908
8072 6337 504111
514 2679 531103
7910 8545 43495
6939 2038 625655
1751 538 215453
5330 5616 377543
6315 1262 67269
7096 5742 118371
3628 4905 428838
7522 6168 1817905
