195
2743 9038 570177
4924 6346 524114
9267 2083 1001987
5089 3507 1665079
5989 1042 1426307
1462 8316 992853
6679 5366 521759
4323 8369 911371
7546 7766 223740
9830 6219 4323
4848 8659 670232
35 1246 463563
4156 1782 301003
3149 3543 495706
69 6700 106702
4080 6107 177431
9601 1758 529431
6901 486 1009720
3036 1157 345591
7437 5099 422546
8122 1230 241416
4626 30 562143
9136 9250 1493436
4806 3800 632019
1434 4783 150584
1022 5177 212355
8960 9318 537664
6174 6712 652024
1390 1041 4277
9994 5527 307424
7429 4158 45439
9384 7181 931060
5396 277 467708
5426 2381 243257
5339 8486 195744
2130 3503 968889
8651 4349 315490
1938 3394 1015
8237 5477 458876
448 9438 504750
1279 7155 217657
8253 4829 388489
9945 6923 214995
4836 2598 29649
1351 9494 1164945
6043 4886 152710
6983 4718 489627
9341 6062 621321
4404 62 654916
9291 5797 62056
7391 1405 424855
4994 1872 151520
7117 8236 178833
3564 9037 123488
7812 4481 1179313
7895 5856 74329
690 3858 41168
6086 2161 454151
1722 8363 223781
9022 3744 2138758
283 6871 1801516
3194 7969 172878
4794 2550 1085658
7034 5046 302142
8016 9788 810263
6513 9333 229015
9176 7415 687443
7278 1327 1270236
3271 1880 28316
4424 8961 254598
8575 4685 175401
7984 379 821176
9592 2287 120530
217 8018 491496
9253 6265 114649
9458 9203 637840
870 7082 225554
9776 1808 237758
7458 1082 765431
8020 4716 1008373
4796 6575 810272
1426 7298 1007858
5385 9393 700482
4129 2858 783410
1810 3454 2176712
2105 3314 522390
107 9297 1621169
6039 2666 446069
5470 6662 137940
4975 3172 3224846
7860 5395 166308
3752 4002 127392
7285 2638 209130
5556 3969 10386
4215 6855 404818
1371 9975 391001
2020 2540 1494481
958 7322 569433
7633 7840 398929
3697 9025 245077
1040 5537 725045
9604 4479 671424
1531 7781 615492
8112 7783 1884023
115 4785 1617742
909 5628 165315
1977 8357 483873
8722 6216 231929
6684 9886 115657
1352 6449 1164827
4889 2265 324978
2785 1209 292722
5046 9481 1204436
6810 8575 462124
1945 5640 297472
4406 1924 125146
5960 138 84633
8427 8989 76077
3283 2609 33551
5210 4049 630003
1926 7160 783752
6018 3573 115237
4616 7662 117284
1858 1949 2295372
61 4600 66045
6211 8696 338684
5929 3029 1875797
3262 789 95437
7192 5435 62002
1982 9613 324740
2356 8974 416656
583 5875 933447
905 6124 184612
9476 2532 1692188
8441 6191 307856
1363 3919 17635
6438 5004 368959
5630 1751 332675
908 7067 1191973
9226 8860 789505
6055 3102 906124
9885 9383 295655
155 3915 443889
1594 4337 36743
3517 2538 98635
1094 2349 352223
1672 8917 362252
4620 8081 1300496
2588 2056 1351260
9285 8807 911534
2837 3580 685231
9453 7619 142597
964 9584 9343
1975 4041 17982
3639 5725 330835
2178 3835 480335
5521 8680 399048
4935 5513 227939
585 6306 109406
8101 3876 1186725
1211 42 186471
8829 5256 780140
6897 2626 899989
4833 6206 7845
7182 6427 705066
2947 484 462832
664 8752 346195
8925 4956 133046
5954 9495 95762
6156 9223 245617
9496 3345 317593
1490 3555 67502
4620 6354 412527
4116 8281 152650
8897 7499 287738
2796 8034 474469
4970 7008 326533
3415 1894 91221
1086 3753 7924
7768 2569 70816
6710 6628 10259
9098 3103 202879
3157 2528 41059
7953 2132 337769
7440 8881 451329
5026 1520 42689
4745 1339 188345
1417 6830 25097
3201 8617 3165
8516 886 943962
2806 5038 25663
5391 9564 565223
5209 7935 90608
1987 1700 111320
4019 2316 759978
