209
1745 200 1242829
9922 2973 84309
6954 1609 557887
8415 6813 444129
7713 4733 581408
7070 8222 190967
2882 6535 890356
7878 5053 1847489
447 8815 315341
356 9566 174935
2550 9724 311616
5313 484 851771
2625 3612 88841
9175 8305 988925
3621 4018 9106
9046 6321 33756
8471 3381 835803
6010 4210 227117
2263 1200 278147
9949 6086 68691
5717 6185 538994
3885 8901 276764
1197 1025 528453
5758 6059 627596
9137 4719 352811
949 1087 930452
4400 4835 397176
6091 8707 16939
5924 9985 559441
7598 9762 227668
5773 4657 466518
795 8986 1160090
2169 2595 515845
1161 251 371293
1915 2820 261310
4550 5075 597491
4495 5962 496482
7410 6303 271857
7582 1756 86660
2196 5919 1009893
6887 2701 478244
1829 6677 140394
4407 4170 801318
4301 5600 393312
4112 5978 332531
4587 8638 478770
1683 1215 1107255
6267 3602 135664
9841 7488 391537
4055 6423 248709
2819 7056 83158
8878 7540 668306
2982 3662 161566
6083 8656 19545
4912 6236 479668
4387 5383 295053
268 1844 98746
2244 7350 1609317
1686 957 672613
5222 8569 228612
7390 5356 229619
4165 9347 187243
8395 4760 367845
2396 1982 372267
3042 8097 168658
937 1330 1500056
6615 5619 22519
1543 5355 137935
8140 1838 49506
3648 6569 163105
8188 1659 2641286
5948 4007 302797
1969 3954 36711
6553 5249 1257210
9734 1211 824560
5537 3512 12875
3581 8670 560116
4549 4940 80871
4108 4488 706893
2087 8693 175983
6553 7987 135428
9619 8965 183980
843 9398 383343
2306 9097 343774
3141 6677 325991
2357 9350 29159
7509 1107 417283
4841 7458 427012
6755 2319 46286
6231 8933 1354703
5079 4456 537554
7133 3225 957779
6715 6521 1206315
5686 6256 715462
5590 3194 443531
4970 232 823777
9362 7832 177793
6481 1902 396961
7693 6441 348446
6793 8604 150069
9397 7237 115762
7111 322 560706
8969 1394 1303931
7790 9226 128022
2050 1850 63613
3935 5176 126599
9026 9741 2446688
2899 5031 574952
3135 4295 593567
664 4126 714905
3143 8915 186882
5967 1720 75928
2242 3009 106583
8481 5717 868281
8554 4189 253758
2761 7112 44879
8549 4113 449836
5864 5512 470498
5481 4116 1304247
1691 2865 345728
9954 1804 244105
4232 1263 432485
8611 5888 343114
7251 8294 681122
5707 7542 99170
4592 5532 192572
2846 7657 486200
517 3873 673100
389 9042 534244
6225 7898 40516
9532 5584 586470
3465 6384 1391939
4123 3834 156249
4022 717 548474
8092 3744 786464
6976 3902 69196
7743 1723 79697
5177 6885 250773
3088 4987 255375
3498 4087 797103
3803 3778 417052
2422 2106 132932
672 9477 1253120
1834 6920 73673
9251 1425 57697
9114 1325 1215211
8 4851 263931
8793 7131 1352719
7616 2990 921560
8933 858 207710
2967 8362 99790
297 886 162219
2974 9676 169278
9894 6805 994995
3775 1346 12238
1570 7971 1339207
1719 4675 104324
6422 1994 37448
7495 2613 202091
8252 1687 191063
7003 6340 157629
3204 4119 166701
6220 2221 47689
6297 9516 1721389
5492 1715 386089
9281 7929 488075
9310 4405 464816
1900 141 1477697
3697 9726 20893
1913 9828 50602
7339 8544 11040
177 231 400592
6094 1463 146471
3765 6926 405228
9116 5706 1258821
5360 7694 412974
7174 3025 656411
2697 7027 115191
2436 6236 156587
1089 6120 378
3782 2269 79495
2130 7504 267335
6260 2139 308321
2841 6076 564354
1745 8888 103261
2692 491 169935
2024 5260 608602
5366 9816 96116
885 324 731850
9291 771 225373
9974 8583 10719
6180 3226 1210283
4086 9314 392986
1018 8710 902597
2693 9596 2927371
4066 193 476314
6882 1987 154447
9348 3196 461757
7594 296 1786872
6601 7925 3245
3361 1034 100698
6260 1863 30098
3430 673 563836
5027 9565 146841
642 1227 602400
114 159 81662
2683 896 1663709
4768 2617 98055
289 3487 350029
