209
1433 2561 294718
9644 3494 86969
7335 3226 59959
714 9111 292896
5641 7569 384423
1644 681 351682
3427 5242 826719
5419 94 2065567
3194 6710 1101762
1207 2208 1462785
2472 7131 805308
9513 546 1789926
887 8367 90450
7763 5526 208278
4978 5241 170585
8711 5285 63281
1548 7047 226800
8293 9593 904598
3746 258 363413
8949 3385 1868256
4381 2625 255249
787 4048 126647
199 8018 1493666
527 5164 13305
4721 8932 399531
2758 5098 620672
7585 9652 430886
3933 9509 217394
8947 4753 483508
1033 4970 253131
6242 9257 12984
4171 6193 4226
5090 9687 569619
1822 9014 395396
5251 8284 533958
6231 7117 148625
6527 7392 540697
837 5793 865695
9741 8613 130004
7093 9488 1446400
6264 8843 538122
1567 5063 105330
2496 3100 38050
5371 6282 528414
701 2739 383509
4495 9471 540650
5237 1154 1454440
2058 8219 285620
4337 6935 214008
7503 4637 387500
1943 7318 1063347
5628 6316 449040
9139 894 680001
585 1376 2387642
5058 866 415616
5439 5766 335641
8148 1136 259653
8018 6241 24557
4894 3890 282780
8282 2358 542295
4025 8640 1379302
6086 2308 506804
3174 6083 252442
9702 7120 116475
5627 8695 94530
5135 1382 193371
5077 5089 66813
900 8447 61487
9753 3802 206367
1350 5470 694595
8706 9793 880981
6651 4342 2263
4631 7889 772779
2267 4107 33854
8607 6740 251531
9471 9886 574646
1129 6284 676374
1690 7349 79813
6032 2350 1356570
7723 5013 150127
1097 8853 315807
5922 6002 2002961
5217 2722 501514
5030 2031 499636
123 4869 26401
3295 3216 645646
3291 9559 39555
1430 7462 869915
8172 2740 225050
2501 5497 513166
8990 7216 519919
5560 7327 875837
3073 802 1552896
2401 3141 352671
4221 7470 433484
7159 9618 357054
5701 2960 732617
2646 7714 740455
443 8443 122178
2260 3034 1213632
6456 7562 721371
110 1371 232161
8705 9862 31054
382 2117 371449
4234 1837 2538260
3780 2667 86856
9684 2292 137876
1482 6753 91348
9507 4307 66757
1563 4224 828800
3834 9051 246219
3445 9988 566930
2581 3762 1335866
6420 5717 57600
4223 5226 29002
8596 3726 1602658
1882 7867 143061
9973 9493 120960
4870 3497 548571
7345 9109 23024
9506 7225 1144433
7427 9243 99543
5252 7097 344541
9669 2999 606400
3683 5701 533486
2465 6683 521035
1696 296 1287776
5999 3723 506256
1120 5522 139928
4691 6894 361027
9480 1028 86270
9515 8590 111996
6637 344 507282
7194 9293 1349229
1332 9546 195047
5624 1395 981538
5328 669 247510
6249 9206 667621
7921 316 123212
8657 7298 367042
5098 409 36538
421 2954 12306
2745 6084 1030663
6451 1249 281779
3700 4906 91304
3947 5892 86105
857 9090 71927
9319 7370 456612
632 4223 306519
9539 7198 642663
9466 7994 187019
9743 231 653981
2965 5257 20065
4426 9356 215699
2202 2580 10512
9132 5593 636658
2646 3057 131562
2393 5705 708095
3444 7857 88741
7276 5054 650981
9897 8150 1032372
9341 6899 265383
7046 638 44934
2710 3974 680064
7326 8677 1974283
8271 5036 28668
8025 9973 237998
9143 7169 167439
2892 6457 620360
1684 5927 542698
6171 9690 3037
2164 9237 638815
1083 4908 311717
4212 4350 316948
8073 2220 488536
9787 7254 390762
6645 7498 447160
1555 9485 44044
3347 2832 142182
526 8969 67800
3047 7944 371073
3428 5502 369103
2925 8808 228857
6432 1774 79059
1534 479 1050495
3046 4706 112382
2044 5034 260410
1977 5745 16684
678 573 132628
670 2861 773230
1691 2749 30664
4613 8225 1352663
7172 4171 134508
587 5790 413493
3452 4157 778468
3698 7380 61083
2014 1416 215008
5569 6170 612358
4594 8854 427556
5518 9090 91031
6833 8909 204407
2393 370 316171
2586 8395 409946
6301 8825 602072
7250 2072 340275
6814 2345 598817
6162 8606 38013
553 5148 821887
9271 8476 264034
