209
8210 782 84612
8949 528 74345
2829 8128 254072
2031 6839 328922
6691 1132 209502
3399 8434 656376
7412 8246 17695
1366 1517 591131
6472 3407 602744
2244 2214 195495
4361 1493 458769
558 7396 352182
8940 7927 692744
4103 1030 281990
3173 6698 29010
7034 7284 59243
3380 4560 164418
977 3176 6263
3233 5254 1092934
9577 4435 176039
442 7343 661901
9041 7786 135083
361 2210 618067
468 1491 55874
278 3994 597119
5253 5851 482648
6628 4774 45879
3788 9572 167719
66 1812 226660
1808 3287 861149
4698 511 32102
5115 8370 741347
6048 5272 235834
4884 3124 246162
7682 6415 437992
1452 6661 530053
8556 4929 1620694
2254 7258 56593
3998 8623 76925
4859 8232 310778
9919 6682 256440
3609 3872 1128204
582 8284 1354788
5582 2513 118120
6611 5754 119210
4075 52 668288
3549 7096 399068
2217 4850 324003
9420 393 1567285
8741 7919 479589
4509 5460 66962
9559 8315 473692
8405 4912 1030726
2509 4355 350789
3116 4973 1402386
6635 3306 598740
5995 9847 709121
882 7633 648113
4813 8810 145988
828 5109 599099
5585 2327 378926
4194 1828 249792
9036 659 49419
5148 8248 328746
7866 2345 346168
3316 6224 261346
2687 7547 1696887
6018 4101 718593
5443 8986 883242
2614 7529 115827
2539 2353 133527
161 5670 301502
9211 9873 125476
8338 2738 51637
1358 8978 280026
4514 8126 612736
9519 3653 2229454
3289 5714 144330
5346 3962 115986
6397 9328 68273
2827 9150 270857
6335 3605 507963
2362 4372 375761
9286 6367 507963
1955 2903 153663
5343 4335 1212736
1337 4228 18899
1145 7361 918498
7516 9280 1797593
7301 824 693241
2565 5934 500022
8237 6905 325718
1527 6474 1109081
8910 313 459996
215 1968 282751
9248 4689 986823
5741 6724 835784
9619 4087 357853
2972 6532 131471
9052 178 1593686
8560 7537 422496
2997 2480 778814
4797 7466 335850
9923 5137 336265
1648 636 406509
548 8148 76968
9950 7490 634281
1787 1545 116511
9205 452 16434
1957 9221 372275
5910 8323 389806
892 1161 9202
1586 1046 158580
8769 2977 998950
7591 8750 622966
606 9833 2136785
822 2624 184487
1370 2180 170899
6414 5138 361595
925 1365 294159
6636 8312 982281
3876 5823 911964
6499 7720 935823
2614 4958 181261
6645 9728 341742
4048 979 118996
7264 4006 7470
6629 6872 338632
685 7922 456353
4319 912 528844
3964 2717 879451
7251 9382 1464645
1348 5875 145951
8628 7699 3267
1561 2970 176718
1309 8075 1114431
5159 8211 55715
9217 6617 1107030
5383 992 632921
648 7710 6553
670 2632 169120
259 9567 743672
5068 1840 92331
9770 8444 195751
4412 795 124512
7984 9210 536144
9233 7613 1041129
3126 5652 202887
1361 8518 477902
2601 1043 364802
6548 6690 751804
5033 5697 238937
2069 3422 507566
4902 1856 975902
1587 4887 291311
360 7550 165608
8122 6487 341383
5500 7023 226402
6839 143 741138
3502 5372 779848
8159 5389 145143
296 5305 826562
3898 8233 789602
7983 4293 197592
7132 3567 57217
2204 1504 726669
1572 3248 760112
9307 7502 81222
6272 7470 173791
7512 6089 303805
8572 1743 900092
3762 9219 490544
2875 5365 126259
3558 6832 184421
2651 6626 173681
5713 1067 523151
9888 6551 149327
7327 7554 36424
2449 3386 196107
6612 9271 54333
8116 3836 258541
8789 4754 152180
3341 9910 120817
5972 8889 150653
3260 27 39700
8474 760 1358067
4510 7700 851738
3179 8031 1027094
1100 3388 76078
4128 9900 21013
9365 6602 730774
9088 5852 58899
5767 4319 213120
6503 9895 48052
2536 4944 308668
2012 7057 1141043
5224 2603 21785
8302 5645 144216
4470 1149 633857
173 8347 2305948
5587 5112 663633
4793 8492 302626
5428 4377 831188
4000 3722 95303
6638 3989 564867
9300 9473 129850
675 1519 891192
416 7235 935854
4508 1309 1803233
