209
3158 2576 1657263
1253 4097 319018
5388 18 1831703
754 382 13053
7596 4569 486751
8445 8953 646925
356 7800 216795
9901 7749 646661
7826 7307 533417
6165 9617 602229
187 8432 180788
2816 9753 610345
6879 9100 3030091
1907 5104 277071
8356 7375 313297
9378 8804 638896
3123 1011 497656
893 1643 86060
4901 4929 230311
7189 5974 1052162
9499 5504 145326
6165 7333 193231
7316 2187 1335407
4340 2800 156792
6985 7363 134261
258 9452 260447
4461 2563 579748
1856 347 255179
6323 7495 322363
7067 6703 244964
3490 2918 1146009
9305 9215 642000
8800 1005 151284
3133 8752 114123
5501 1957 789851
6246 5602 130417
9573 8443 378653
5790 9855 318667
4095 1037 421289
2930 5820 1595933
7446 2643 265872
2257 7676 157478
4842 1457 29041
518 7275 131580
4489 3203 1012453
4135 4224 364678
355 6505 237558
915 5547 21071
833 9924 20903
1246 6177 199368
8323 9369 676821
8077 7820 1492175
7891 5765 177092
7514 8308 247487
2319 8053 994037
3742 7700 463440
3948 1599 125380
9092 165 245657
4923 855 55746
5126 3199 168637
7699 8156 421652
3405 1761 118106
7939 865 321669
410 5791 270729
1493 4749 422078
2102 4718 75854
836 8208 23782
7406 8994 538966
1457 7449 1341787
1214 5607 866948
8196 3837 342329
150 9730 252862
1974 33 636172
3292 3175 141107
121 368 311914
282 379 504617
1434 3738 608626
3563 6161 1120782
5703 7594 229953
2550 9015 68941
8647 6061 223689
12 1754 663325
9982 2714 37020
5235 2919 653814
1160 8183 166226
8410 2330 83448
42 4848 842095
5971 4585 269385
343 4911 241258
4824 8202 331121
2547 7798 1487989
880 3660 594268
1989 5555 221196
2599 2521 969777
6536 6038 95363
7304 4975 933780
8874 8136 474711
643 7201 219293
828 6522 51163
7327 7155 833413
2385 2006 715936
727 1583 97910
917 1144 367470
2592 3534 99
6913 713 82245
3388 7830 249674
1702 4724 28160
9818 4835 39946
9138 9276 272637
6801 7283 202577
1176 5852 477202
2058 5869 730510
330 987 363555
1401 2373 1097873
9841 7069 218034
1757 6026 699549
7383 238 27490
6930 6298 361805
9122 3704 983215
6922 2077 360954
5979 2284 375627
433 3128 450777
7795 8566 715745
3219 4512 995321
6792 7307 164968
388 3707 470912
8761 292 142005
6718 3653 394704
5956 2927 245547
1987 2355 106521
7875 4916 908186
80 5224 1950
6888 8306 368455
2978 7014 964693
344 5236 232051
3939 4230 373850
629 9583 415485
2826 9781 309773
9504 1007 1252885
4909 8318 838113
2114 6525 1602889
6881 6486 106171
5055 3735 196392
2392 3466 505141
2682 4884 385462
6835 8732 456835
711 9014 680748
3577 5365 1917053
5288 1867 108267
9369 1256 514041
5542 660 1010310
1348 7735 650395
126 7335 214247
8840 3966 723739
2393 581 696921
939 9366 264515
8548 6742 163899
9170 5053 1337853
9165 8894 296851
3783 3148 232442
9976 3971 196108
8272 51 862844
8020 475 36478
5222 8331 14741
6537 8685 39513
4324 8012 621730
2501 1345 627238
5589 3459 111932
2882 4075 559552
3268 2647 113295
2086 6607 154615
3885 8097 122637
2491 6017 2059924
1234 4771 386628
9763 1156 220328
7765 9401 22290
6850 1886 410821
9507 7384 49629
5600 3218 1475443
808 4821 1096629
1090 2201 757595
6243 6597 346033
2327 5398 655356
3412 9672 22243
890 3392 401702
5944 2005 93137
5972 355 389114
6560 2074 2350057
1477 9417 534461
7881 5082 1002293
2823 8184 648808
1399 5929 432525
1745 7905 174723
7552 8380 18577
5494 3638 109689
9083 1977 3415
3556 5843 661491
1502 647 21053
3826 3115 325128
2905 1514 80645
6669 5271 187771
8227 9101 40552
324 1764 65498
7182 3839 1945275
5249 8606 55826
2266 4468 121171
8870 5911 1110874
6222 8316 359657
4490 8863 450258
