80
2768 9515 711141
8236 1667 502961
9584 194 359405
2585 6391 4161641
8582 8396 389277
3883 4324 1830079
7204 5184 34424
1238 7713 797670
4817 210 906437
5718 8055 935769
4947 7600 1229617
7108 4021 315772
1641 6043 355917
3690 7354 2561700
8338 8801 473305
122 5919 194453
5147 6068 2334795
7929 3349 961163
4303 9780 764792
2906 9476 1367439
1217 8232 1220969
5990 3455 1259415
7606 4318 398440
847 9702 2158188
6331 584 400835
8396 2910 407907
2727 4765 954485
43 3950 167634
1714 672 900174
5595 2864 1189152
788 1721 606038
4599 784 597441
9145 4886 1226179
7871 9576 216184
4709 7741 4411220
6651 4132 232747
5780 218 595549
3395 9322 2697929
4016 3404 390609
5887 6366 590111
7455 3576 439197
5978 26 296372
3908 5397 68243
2272 7539 5003832
8344 1401 699566
4606 8385 3390043
5726 7786 4532435
3665 4471 1977650
4447 1028 2304814
8539 6397 3396070
2906 6139 1542701
9866 9191 70903
4567 2469 254234
4071 2706 459532
7062 4949 2081808
9798 9259 2547153
8984 3398 734353
5131 2313 352883
9975 9551 1584791
3633 4713 722871
12 6916 1669901
6206 8111 756795
7789 8931 550302
145 5013 1718567
6695 376 679646
9033 4682 311700
7464 7177 1860102
1388 911 1046068
7012 6953 1526762
1452 8669 473098
8299 8548 1458511
9120 2556 153690
9614 5291 258440
7034 1677 1951800
105 4132 321917
5251 6891 950676
2132 3888 4140930
1180 4243 526820
5735 5101 1355860
8257 2228 4020001
