80
9815 4590 1131565
8435 214 72974
3966 5656 2792398
1431 1013 222769
6001 6012 907327
3846 1438 250124
3898 4004 4910846
9753 7754 1664196
5512 3507 1404286
8542 8264 948199
6781 3063 559954
1721 7868 284751
9941 2803 4230684
2144 2169 86143
5740 1498 605527
7790 7932 1068940
7720 4528 1494595
3378 4643 738116
5647 8559 420961
3518 7529 628717
7292 5085 338470
6943 3727 283173
5909 9913 196998
9528 4906 1362036
3218 7790 1179200
2367 7242 1923960
7529 8258 1412247
7458 2256 2234058
7307 9621 542238
1810 1483 1444981
1544 5797 956417
1063 9045 1051569
8821 3741 127909
7735 4443 315352
1413 3466 93576
8920 7838 1498147
8513 3883 783770
9274 7586 1352509
6963 8034 1734330
1958 3332 1352829
4055 705 141572
3468 6022 1225743
8856 9289 162091
1177 367 763787
727 1855 194090
5302 4948 408168
5576 5906 487119
3791 7627 611156
5710 5330 3641650
709 1211 644842
6413 1720 1423572
9329 4025 4847689
5688 7556 1623815
4726 9313 1064215
4792 5337 794064
2864 9861 184399
3899 1547 1733033
9796 535 240509
8077 1389 686587
715 8161 1809105
8122 905 1378320
5544 5838 2192050
9753 1184 921402
8530 6668 849571
7712 8505 910063
3361 7282 4730234
3348 743 324455
7078 2544 43120
5098 7256 374735
4263 9421 4317712
3805 1265 2075143
6518 4492 835307
9400 9483 1329355
8504 3330 595674
2823 2427 1316413
5415 7136 2903235
6402 3709 3798151
8677 5344 711583
3850 7039 186401
6419 848 2913029
