80
5887 1809 2557227
3211 2551 4644155
8415 2052 232950
315 6498 2150100
1736 8882 312375
3712 6647 1869197
1768 623 1065044
3321 36 386925
809 5860 1158320
5516 8135 2760274
3027 4163 95056
4158 2749 266379
4463 8616 2387417
6925 8790 122688
8702 1731 5556176
7901 4288 468713
638 9772 95096
9871 6890 1801038
7039 8979 1600556
5218 3252 862652
9288 2399 413158
5086 9577 380845
8869 3484 1366077
7357 9319 1035021
4526 3194 269625
6223 9034 3664608
3002 2226 2061594
2292 8878 643733
6850 9688 3386069
7819 2868 8626
8410 5863 290933
4819 6100 271931
5836 2007 179654
5359 2831 198242
764 7497 861807
6802 6853 5340189
8271 8639 153682
3312 4839 3381537
8908 5970 389523
5832 4817 2531170
9613 8103 2535608
4617 4125 194765
6572 4200 818891
8330 1058 689714
3924 5675 1100610
5316 8135 680960
9179 6092 140748
131 8247 612989
8894 7518 2001850
3013 9503 2640006
2941 8287 1076599
8601 2154 1638212
5964 218 4289114
8571 7959 299203
8401 3089 165525
2179 891 2533572
6914 5765 551463
5323 1101 213562
4264 9788 137912
8186 1473 607779
7488 6173 681288
6550 3248 307221
4889 7717 762439
6470 6025 1455866
6435 669 1770834
6546 6593 656376
1483 6043 620692
701 222 656140
8005 1071 1227626
7292 8434 626635
5883 3663 270108
5749 9441 38654
4970 100 1918316
6405 5460 1366739
9747 6025 125930
4269 4869 863120
8359 6550 383435
1782 6489 2632013
1928 7217 968750
8391 2145 2518374
