80
5783 7186 825841
7292 8646 525111
2905 2654 2980623
990 8214 1262921
8414 905 1288102
2721 3166 1443019
5949 8418 3099567
9501 1782 1736952
3408 9543 530753
2115 640 3642773
9637 4859 238092
5619 1235 6294272
6224 1870 2773085
7359 4427 381203
1707 2256 260902
4891 6030 248263
6081 2379 1996055
3718 2049 42940
4834 8974 1207150
2371 3345 98699
1289 5798 571366
1019 5436 290954
9183 8270 2095500
2915 7161 2765619
2872 9473 353194
7645 7909 689394
2075 3530 1062070
337 3634 2538617
4821 4190 1787704
3517 4782 2937430
7535 6793 337182
8820 2684 827415
1960 3438 1456114
9671 4362 2748470
8532 5744 1733928
9469 7190 323391
6915 5322 792773
973 694 299
649 8647 3198467
2706 5850 661734
5499 2150 389247
5531 3689 775270
2888 4075 2528492
9552 816 289582
9609 5088 123924
1060 2086 985488
8336 3219 210854
2729 6611 2795738
4357 9027 1908318
576 4163 1464930
2014 9084 1669987
6583 567 848771
1392 5071 826885
5727 8524 1257115
1823 3682 1046976
8331 8777 68473
3242 5653 602181
1748 8880 85374
1532 4430 758331
7056 5238 1306906
5826 507 1463996
3083 7358 898167
771 7952 3732374
2271 5214 386415
5501 6980 232978
6349 1709 2503087
2454 6466 329166
1760 8214 1633841
2356 6357 1285582
1963 6473 413417
6584 6994 1232490
6214 262 186701
5593 9532 202368
9245 6542 356506
2927 721 192533
8938 338 525631
7043 5833 962007
2675 7304 2331834
7766 5987 937847
3773 5897 2202274
