80
7639 555 894382
1604 173 214426
6162 1390 2113745
9964 796 490773
7971 7913 205048
9832 3254 955906
4638 2565 1585376
6312 4403 608737
4807 8541 1221022
5341 4303 185784
9508 2765 2061181
5355 6708 50730
794 1868 2969175
1060 5977 647115
955 2508 3012063
2111 9551 1430360
1679 803 1568675
7550 3239 7006229
8636 4381 1054858
8017 4668 338881
6943 7891 1077831
566 6209 1853804
6378 4126 204482
7925 3079 1501344
7028 1104 487982
3725 9239 85328
3014 1668 446143
2609 4335 949661
5690 4557 3472710
7407 1372 3405942
6564 9692 2367046
3931 5316 483274
4213 1676 2108873
9325 1074 144969
3074 6050 269521
2110 4088 418373
4564 2290 462075
4486 6277 315145
9205 997 600750
8613 7170 1055421
110 656 1715246
7231 7056 58009
1386 7752 1060972
1047 8876 669847
2330 7204 170405
6604 1240 43919
8315 9225 2004708
7001 8333 2444870
9921 83 1791735
1917 4497 56434
8302 7374 165202
236 9940 3665406
6938 6469 1376340
5410 7813 1614766
2837 7684 822007
3752 108 825297
1122 8244 1326396
9832 1540 2062810
504 3717 89806
177 2663 240296
7197 8146 1073769
6496 2766 3875663
1473 8877 384100
7006 6617 1806069
2611 3996 2753232
8165 3800 2607053
9169 7803 1876207
850 2348 1555109
6959 1807 3095430
9716 4307 2464212
1810 8672 212779
8044 9537 358797
8779 9217 530776
3713 6375 106396
2713 4915 72205
4602 962 1017448
6033 5913 697946
8511 6988 240013
7008 5924 1519620
9918 8210 1223565
