173
4687 4315 853250
4173 7554 2149445
105 3344 1966944
4567 394 654734
4949 6330 447422
1235 8687 18416
995 70 170544
5290 8796 307084
4228 7806 74538
4200 3208 360199
4263 6643 1002669
2273 86 1120930
6696 8235 126547
807 1242 440812
6000 4334 95245
6443 6296 757473
7187 6905 1348018
768 2337 265375
7365 110 259226
686 1586 275103
2542 1604 1415623
2237 6813 405728
3832 4321 1081
1687 13 422996
1080 4172 89768
8822 7696 169720
8482 3372 269011
7588 8394 50709
5947 6252 1653262
487 9409 171571
1004 3912 261990
5356 2939 443026
5320 7703 751855
7620 6603 814185
1227 2946 216113
2364 7330 840857
5075 2756 1205606
2458 5035 1169365
2309 9637 363861
1077 3082 263306
6951 5921 647845
4434 47 119259
4717 6518 1351471
8208 8494 121714
128 1988 53535
7083 9633 31639
5917 3744 214451
3073 1976 1921390
8737 8906 764554
9909 7142 560245
8150 5397 527179
821 4622 1914922
9992 2437 1116418
5365 2377 1172922
3041 4016 263316
244 9524 351675
6899 6513 681903
1423 7111 1212652
7690 1199 1298768
3118 8296 108396
5748 8758 304579
8512 2671 825227
9208 2526 68207
7603 5644 854431
2615 8937 77216
4928 4607 261873
9276 4420 43870
6085 8033 764963
4094 6979 598937
265 8011 3419
208 1149 1126588
3579 2911 307328
8518 2229 1652623
1224 2348 192941
2135 2723 1951818
7086 1607 1337545
7682 9175 1031529
3738 3545 164079
5754 8976 183900
1599 6081 164888
8109 1816 225932
8427 626 498799
522 8423 947087
7209 2000 48386
9621 6245 582759
6858 4265 346482
2682 691 326326
3722 8530 684629
1880 6466 46290
7090 2289 180690
3613 6663 5060
6719 7261 337233
6705 8810 367514
1312 3957 1927900
2503 477 960589
8505 4380 647384
4154 266 171899
9780 765 42617
8897 5433 1173957
9401 6113 1853441
9747 6389 843601
2095 1290 79535
9805 8950 1818499
4573 1923 233
3947 6828 107744
414 7800 596292
8153 4206 429324
3856 4238 1171132
3805 9812 294039
9518 8479 2356
6348 5103 1173278
8244 1615 629075
1765 9657 448850
1182 8987 99788
9170 551 519532
4536 2282 104288
5110 4011 475493
728 8030 233889
4918 3226 194522
2412 2859 850292
1546 2305 269131
4536 3978 75076
3311 7900 411896
6855 2986 1073166
7973 4692 589550
6320 7507 650177
7095 9224 59926
3300 3122 73859
1071 4738 766861
569 1513 565654
5362 5976 39332
9954 6026 2058756
8075 4427 1693350
2292 2468 666529
5831 2440 24423
7962 5499 673841
6924 5051 64523
6838 6391 204753
8960 7956 4013
3313 48 115583
1324 2347 778056
1646 4520 36408
3775 7371 1800621
7925 7219 661772
7038 2219 100030
3878 9089 46871
1084 9039 141718
8459 7697 243774
4432 5029 367707
735 4465 153695
6358 6498 1359188
9683 6843 276977
3104 9425 1441765
7105 1375 198202
9257 9380 363133
2256 4195 815815
9680 8782 556272
9481 3109 377269
5807 9363 56467
3846 7147 936047
7228 1168 254564
3039 5938 234283
1288 6125 1047442
3100 5837 321978
3585 357 33953
9083 2460 356505
8477 2640 957741
5592 7908 445982
3703 6341 455547
2068 7019 1096307
6173 1377 287531
4286 9534 51977
9290 7735 2193446
