217
5816 4222 184953
2858 3290 680373
7977 1979 1317282
6905 9854 101939
1665 5674 117814
3618 8189 216710
1873 3739 282182
3573 2923 764381
3235 3429 114434
8712 8539 127078
7704 6730 148643
6805 9528 43220
1455 1733 210940
3831 2964 952662
8616 9349 1135467
8438 7623 2150
4025 8152 1294628
1865 7221 274029
2088 7998 837634
7248 1699 95117
1065 2875 146499
1856 7275 286962
5210 6733 82595
9819 5676 197510
997 1704 157073
4228 801 163253
3467 7467 235855
1834 9525 730805
1267 5650 164423
3063 5247 20873
8824 5542 448536
7955 5236 230435
4566 6047 238244
8329 2977 1133023
1201 5763 409077
1756 2113 32149
1260 1390 531326
2786 9744 37353
6908 3504 301949
4382 6741 114542
1291 1251 56485
6112 7560 100395
2869 4766 482138
4691 6141 35716
9119 319 127214
4700 3162 383751
2772 2759 170509
5732 2548 19768
5481 7201 140737
5146 1836 16011
2501 544 218878
6428 6867 322752
1081 3489 40821
4594 1878 1132800
9070 748 636774
3241 356 158857
869 9141 35418
6245 893 368433
7702 3754 219300
791 8190 81414
1475 8455 32724
8028 8131 176855
7646 7237 41537
3960 6387 45773
7420 9526 458291
7981 8629 28210
8572 9625 469814
272 5220 1865247
3260 2101 570634
2499 3681 439399
5540 1067 164249
8285 4069 342729
7045 3216 239274
1591 764 819842
9091 6980 747303
1780 4946 1187824
3217 4881 605235
7678 2956 52832
6666 6946 15262
574 9669 1313646
9458 6508 355703
2475 5985 43626
1070 3586 393799
7926 8949 344960
844 5204 855488
7583 3204 588732
1259 5618 1187770
4343 9388 896951
7989 7510 93221
4434 7689 2575309
4929 9997 221455
4717 7297 36176
8031 3471 442824
615 5615 800439
7565 3783 141248
9783 322 2826504
6659 9902 602527
8115 2657 759164
9104 584 421463
7713 2750 19223
4934 8521 537319
7932 6458 326630
8574 9330 692511
9137 7494 499568
4131 5690 443651
8243 163 153604
6463 5137 85496
8820 3789 624920
4062 9482 16419
4170 5613 99868
682 8711 4629
6520 7189 109348
3642 3058 31666
4339 8090 611011
2666 8752 176708
4543 2336 1298
1726 7976 180192
1013 5774 2007583
3579 2587 113412
6501 4390 404027
8662 6911 1092471
1282 6030 262729
3776 8931 2029
6997 5183 215056
8658 2803 577515
4994 705 78547
5577 478 934577
5002 1593 169575
8660 522 1912217
3988 1498 627224
1335 2246 902565
572 2248 836144
9757 3524 220412
5777 9644 38878
7389 2706 98352
8533 2607 88171
4124 4219 187426
8687 5964 85636
6655 2401 398541
7758 2941 238759
2333 3374 398622
9132 3558 462582
9621 6047 185544
4063 9671 286405
3158 8179 607526
7046 2051 91522
9946 5339 53700
1939 8800 300802
2021 9296 476312
8096 5296 213743
4378 8534 384912
9197 2266 333585
1642 740 554697
373 313 533104
9285 5961 505851
5436 9047 859802
1571 4150 55878
3280 9442 40147
3164 7511 507521
685 9069 504476
9830 8651 775767
4336 9553 2003345
6229 9574 796438
3742 6864 312460
5820 9478 13863
22 5028 472927
6244 1737 1652596
9448 1008 190609
7295 7329 82707
4788 7034 1684914
9537 6279 2352453
7335 3942 422096
5001 2060 219925
3912 5125 2645153
1745 7821 1107230
5183 3117 684756
6784 9761 1732148
1544 8918 103371
3369 3689 537841
6910 9460 909236
8402 8788 431182
5364 3402 994421
4734 2752 260244
6977 9482 413660
2430 2447 94281
6425 4827 6154
5461 4166 1237755
7843 6478 43339
1307 766 748222
3797 4657 420817
1038 4140 35994
6935 7659 38807
2925 5876 790770
8861 6352 472240
2415 7996 543766
5981 3057 27871
2225 9756 408447
8379 1116 412642
7732 4192 285721
3213 5480 247834
3604 8221 402943
8822 2430 96523
8032 9809 1876989
2232 9850 423218
3956 5311 418837
468 2043 294168
7599 2416 458685
3134 8294 527437
9688 2377 168703
1003 9274 205354
8199 3991 594342
1849 3820 229664
8695 20 46122
2956 1359 1037992
346 3433 122655
9968 1117 144270
1841 9625 359130
