200
4637 4018 344538
1108 9211 45738
8224 6911 78446
6876 6081 888716
6073 7795 49544
4146 4080 98835
4338 5226 21309
8253 6715 83257
1956 7464 1146512
6793 5828 545842
2177 2093 742732
5547 5762 129936
8904 2983 588845
6453 8606 971201
4196 2258 1039946
5195 7828 1404813
5007 9637 230801
8707 2752 1323310
9570 1457 203299
3931 4747 162440
511 8793 186692
4725 572 204403
9259 1948 625830
7038 7301 275521
5642 4528 56985
4670 1219 692383
6285 125 1107423
2388 8461 386626
5011 5645 403293
1313 3402 157148
6209 4203 62519
4366 8030 749200
4478 8180 806921
2275 7640 627526
2238 2753 133344
2258 4111 259497
8474 2541 589250
382 2742 12077
3263 2227 2089351
5771 5189 88113
7098 9121 80070
5761 5823 305654
9438 1276 417084
3493 7711 173155
2177 6440 147730
5256 7439 73150
9084 5995 290330
5231 1215 495079
9136 2023 609348
1479 6840 16278
520 2532 240502
6016 720 6617
1382 6981 1189768
1040 6075 224783
5555 4332 119443
5659 1958 241005
1431 9820 253556
7032 3600 1169292
4125 1039 2064198
8439 683 161071
2218 2946 469298
483 8383 499137
4300 1770 54036
6078 761 19848
8750 7353 653682
9816 880 869672
3033 7597 119424
7218 8480 408850
5989 4731 196509
1903 7509 175039
8331 1395 753086
6426 2061 427680
5570 8586 1020078
8068 6804 595819
4312 6630 1164390
1875 9486 658710
4406 3931 165139
3604 5712 592396
1374 2889 158803
1870 741 207969
8656 3609 205398
5189 6169 1423567
7301 2463 193991
2021 8807 327163
6888 5336 816179
8111 7296 455816
1343 2663 509668
2443 8632 399647
1254 6844 990297
7460 5382 102769
4753 7676 435166
9701 9695 608438
5065 1519 579336
6841 838 654034
2690 1028 30269
8964 8173 1706311
3938 4195 256343
2430 7344 57413
6245 2815 975829
9299 300 117995
9915 7584 287487
8590 717 28273
5667 85 49717
9303 9980 301607
9639 4049 13972
7964 7007 86097
3950 9457 1627849
1112 9230 795413
5697 5666 1447882
3693 9399 168259
6916 9173 470571
7036 1512 48545
7354 8941 44529
6385 8525 250789
7607 6631 50233
8285 5409 1075738
5150 5257 249051
6275 9544 128466
5856 6091 554824
5398 8431 370770
7576 5084 249483
670 9667 121558
605 8018 151233
5547 9135 223380
1976 4319 95634
4056 5295 14047
4267 9078 1136874
6246 1415 143985
4912 6085 136599
5358 5802 1095876
1494 2889 1009039
8356 2881 760120
1070 3809 1880386
2841 8648 67551
6788 1017 1631117
2977 2999 559577
817 3181 428716
2630 1126 552557
2704 1869 586938
4801 5251 1984142
383 592 767328
80 7316 1171103
4321 9368 762091
7220 6730 201703
5520 5464 171834
3500 2691 504412
3065 7569 103966
4631 8211 264411
1724 9155 992051
9849 6353 442324
5639 5395 597199
7594 825 1021456
985 1796 55586
4715 7488 158998
5158 5191 808509
1375 8579 537026
2963 7405 1088898
376 338 483438
7105 5088 76671
6202 5614 654912
5073 2689 382299
8049 684 472995
4284 6469 486517
4835 2330 810155
9754 5694 88637
6603 2471 471737
8434 8685 871713
8359 2036 152303
1246 7471 1888150
5718 9662 1181345
3267 6231 761980
9281 4030 409838
6746 5143 118104
3781 3926 900673
9605 5827 63760
7680 379 85379
9713 4979 28841
4934 9278 352154
5902 6759 46352
7525 8336 331601
7350 764 265087
9578 7181 20768
2807 4983 10456
4391 1768 38036
8006 4029 60928
4575 6505 85913
7456 4653 113464
3240 807 471039
9839 808 721378
4826 5801 95415
3969 901 2216251
8785 4346 61183
1478 5513 1640575
8423 1753 872898
8080 6822 1053907
9808 4339 716510
327 9537 216881
937 3697 727997
8250 8734 927094
3563 484 89418
