200
4256 7322 103364
865 441 55933
4336 6833 9146
6732 6232 952932
7689 9932 589811
1003 408 59442
2086 1610 899156
6009 5903 390162
6997 9916 1690469
8162 5105 159086
3395 2158 378232
4309 2943 245031
9619 4893 223945
6862 363 70743
6815 5846 189435
9395 4521 165232
7607 8468 198434
7453 7792 643447
1420 8908 20696
3562 2663 352028
9331 7716 413065
4789 7437 573300
261 2851 629723
7122 6955 99296
3955 4319 875385
1233 612 853402
2460 2679 81561
946 2143 444206
6794 7501 304943
4335 2522 208687
4991 2959 155671
5645 681 803860
1697 1814 899643
8404 65 495389
5797 8763 7700
3579 4018 576195
446 121 708175
4186 9774 647272
5392 241 145577
8853 5415 100107
671 5202 1232874
9648 7312 593999
8499 9316 210751
8585 8809 318405
8524 5585 223248
2610 6109 153767
642 7724 397708
1334 4277 978444
4368 1696 906172
1125 624 589815
3020 2089 233304
4479 2948 260343
2492 3592 449237
9150 2723 578482
1261 4864 350555
6825 8454 50237
5242 6090 778086
7322 8836 1223355
7887 8975 631943
6214 2782 123594
5767 674 977072
8617 9019 311968
4145 6258 530372
8327 1807 727076
725 153 131406
7658 5772 300243
3059 5172 173924
5915 6698 386548
3831 8371 193183
7552 692 265481
4206 6109 33551
4819 2917 143336
2271 7589 456952
310 260 18611
2581 8721 321546
4176 1056 46902
1124 3534 105223
9010 4642 1180009
2919 2022 89368
3020 1188 32159
2940 392 214474
7596 5837 1059818
3333 7756 545792
6604 1979 42583
7333 955 139828
9201 1693 126735
8007 3997 65633
3033 806 73410
649 4158 545260
7354 7492 932205
5607 2663 75111
989 9762 790667
6628 4404 2160235
9601 1536 480913
680 1078 254358
2591 6877 74130
4113 8353 359837
9728 6164 64734
918 2735 69932
2577 17 154977
4524 5048 694440
6565 7983 340755
7862 3734 4113026
2857 3591 364068
348 5470 4036
4941 3621 530605
7754 7548 92186
5564 4659 354208
6260 5791 19328
2459 6171 554157
2168 4810 783823
1416 6133 753913
9478 7589 792183
5440 3678 695272
5446 5071 1561627
3531 3445 77943
5037 1254 254285
9141 4918 105972
5475 4812 2044122
8906 3730 330279
1609 2627 577385
9305 3843 101670
1978 7426 1371140
6674 31 803177
19 4585 531476
752 2824 101153
8788 163 77635
6021 7990 1257175
8085 1422 233821
6283 4449 79101
8028 5636 9147
9657 2313 48902
9460 8590 666505
1831 4791 167159
1471 9351 410706
9227 8340 47204
9839 9433 1221106
8104 7761 505759
3116 9775 86181
8773 8785 254244
516 9322 574752
672 5762 151157
121 1567 862098
3122 9942 562777
633 1731 153834
7874 5761 1577755
9288 9645 177617
6117 3176 109525
50 4442 1118252
8460 2670 919458
1252 4868 301611
6827 9771 607052
1667 6588 29749
1225 3439 112608
7420 2961 480862
7937 873 1445595
1004 8629 628775
9790 230 97711
1032 5490 180039
1110 2893 1158344
77 1874 258224
3767 6014 307979
85 4662 139431
4251 538 71031
2871 5617 429606
3278 5953 18293
9433 8669 515280
8427 8862 366424
6852 6018 24445
4777 4194 17436
5336 1321 47023
563 5819 655052
9709 3393 961776
3359 8501 475767
3399 7223 517131
6668 1920 403776
6593 3374 103153
7031 9097 54456
8688 5845 347263
7680 4396 3082914
6368 2764 1805504
8793 1409 91057
5007 88 551467
2047 4608 193931
778 7877 428970
2489 22 172955
3538 4282 1826796
4550 7806 41157
384 3159 1451749
573 43 1474554
7832 5104 494931
1559 1011 239863
6391 1015 1928527
7870 8328 24117
6825 662 300695
1871 1541 58788
900 5316 1234106
1944 8546 1159672
5896 5286 2067710
588 7377 30784
