200
954 4502 991276
4332 3626 560966
7361 8971 1301940
1050 596 1121802
4542 5563 82584
3582 9963 655605
1084 802 188264
623 5152 739896
5754 6049 121257
6992 8451 424339
5211 2789 303600
7650 8579 639470
7452 8708 548766
6190 7786 666968
7738 7832 1059345
5769 9707 1493671
6273 2070 290883
7322 550 316564
2503 5868 98508
1387 4102 989480
8751 5068 91649
1816 1791 115423
3747 7933 153670
6484 9540 419250
2762 7298 471123
3215 8796 3866
3973 9657 281161
5403 9455 274993
7595 9743 131049
7210 9957 762446
1614 4101 543065
6529 394 401254
5155 5439 456633
1793 8168 628431
8955 2050 804651
7694 7472 639836
7316 1282 2045416
3485 2833 732590
9043 1329 312243
5884 1037 31147
9737 8920 84673
8636 3999 367128
51 6692 1412092
1119 8765 1268950
3718 3525 437450
5219 3148 659903
9351 135 272054
7546 9646 99969
2907 773 825139
2891 4048 199292
9641 5200 272020
262 7476 52940
2595 6392 603557
867 931 949446
7035 5409 734316
5282 6046 12456
2457 9678 159481
4676 8562 1436921
770 4904 352943
38 5844 589789
8826 6606 85990
287 3779 831986
3798 9633 136512
6979 5948 1570641
7479 6895 371906
3833 9009 1960043
5935 7033 366461
9739 5826 765086
839 9364 353714
1853 1826 34187
8508 2043 834420
3413 4799 2927
8041 1497 89226
5641 91 280373
158 6711 3747
3953 3895 402660
3543 4321 74818
4250 7332 1433835
8297 2607 25419
4812 9786 186093
6922 984 667087
8305 5855 237690
8108 3670 307209
1410 7191 603852
6794 5502 367192
7102 8531 27486
878 8704 375048
9689 1509 807836
2314 5939 347799
6777 2962 288517
8740 5828 185985
4400 4559 1198554
6866 243 289820
6251 5941 62172
3913 4691 319382
7919 7505 514151
7969 1647 32012
4869 977 2119640
3523 9670 74146
836 1055 848019
1219 7426 288876
629 4038 180371
1528 7448 112773
8675 8101 1152503
6779 3053 240598
9389 4633 107703
8658 9679 352808
3942 1630 104385
2410 8470 23137
5270 4189 361538
3654 2820 157898
2604 7554 1096889
8073 8778 37179
6939 6203 259354
1332 1245 231397
3688 9767 1102508
9607 3064 342626
2397 8462 339083
4395 108 870851
2663 2349 532197
7645 8448 145209
3376 3796 785451
9850 3524 360598
2135 5219 236523
5056 141 78276
5873 4619 921660
8399 7022 796978
6464 2383 403633
5739 6743 122781
2992 6177 152273
3606 6260 137299
13 9025 269247
7289 4591 840324
2509 7902 595824
355 8664 654952
7072 429 723779
59 8696 207432
7081 664 1923502
7125 6300 237723
8543 4560 983451
298 6319 657240
6231 396 192883
2292 56 488401
835 4163 1084675
2782 6211 571980
7059 8052 588414
2869 8534 228697
635 1447 1234053
6821 9211 79150
7622 4234 521354
2041 2416 441543
401 9601 436812
1554 7324 187473
4550 564 659582
4756 1565 389942
679 2006 321042
9161 6211 103044
5235 1579 474383
638 2029 521057
3601 1387 10940
8367 5984 86512
8270 743 9190
1751 8390 270415
5025 7364 581660
4636 8922 2118
7674 4510 508104
8249 7375 1070694
2579 6134 314422
6938 9252 212270
6147 9181 543474
8141 8354 1391829
1190 8904 605352
5259 7463 52616
412 347 652056
7055 9659 31375
2865 5636 258089
3455 9179 265290
9089 1240 727284
133 4805 22035
6524 9549 2055606
2990 2202 335652
5265 7830 106568
3891 258 584831
9124 2969 126797
6476 7859 138644
6070 1023 167473
998 4201 64976
6211 8771 299039
6849 8668 569449
7424 6554 55151
6269 2824 10504
3753 2603 375078
3024 69 28178
9173 5854 273896
2731 9929 648222
4446 3882 1328688
8933 9045 405286
526 618 2850307
6020 95 440182
3335 8300 1697194
