138
4184 3973 493388
2670 324 229998
7039 9441 299442
8568 7897 473303
3209 7722 1529077
6297 6928 325559
7293 6162 1081611
9766 1965 16438
788 6877 652028
7438 920 303349
7894 7707 404583
7479 4900 2589089
2048 6828 247564
999 6595 54144
4351 4171 255773
2506 159 138747
9315 832 1470042
9254 5671 902390
9270 682 223648
5296 9073 2164440
1639 4199 467313
718 1793 222328
1654 9262 276910
2976 4312 599707
740 8423 1945120
6116 4695 838575
5728 4472 813763
5510 1005 149108
2635 3848 1964929
2663 2182 582826
9237 4040 248293
2259 2162 761810
4423 8068 769997
3966 4215 767058
5890 3006 792327
2491 1071 26280
5399 1321 101685
2994 9101 707257
4282 5558 480710
7180 7477 1249500
9131 9669 567270
4667 8737 777936
3127 5396 388980
7784 6023 140937
7645 2479 144437
9330 7832 2650177
5003 3827 170442
3917 3984 120594
8908 6778 318140
4336 1357 24427
4716 9115 155731
268 4065 17044
9389 5903 226879
7292 7847 214225
6120 4129 193264
46 3134 211117
8980 8294 1166690
289 1680 337952
8438 6006 334982
4816 9857 1134830
2345 5788 399972
3845 5667 2253454
4176 760 320013
8080 2794 64372
7416 2636 57700
9116 8627 700397
5412 733 308518
9561 861 621042
7223 4895 712395
3106 4243 986078
5112 1532 1891198
7363 640 336099
6098 1909 2097666
7082 1032 845672
9684 6335 294246
5580 6749 1852201
5513 6813 252604
8902 9375 1534814
4919 5398 574234
3202 1445 241349
6843 8289 1181377
4100 3145 5915951
9477 9620 417834
7042 1313 1091778
46 7552 155612
6497 3470 390030
2233 7921 573856
9397 9353 1749059
1257 8243 649725
6527 4011 168367
1635 5625 2059311
4924 9711 2906909
2441 5574 214814
8264 2106 103245
9496 3651 2617736
577 5925 520399
898 3730 133493
8095 8763 3163330
6567 8291 30355
7796 7894 1470315
9451 1276 1132810
8002 3482 163851
597 5855 467171
7470 7256 648949
2869 8899 1539349
4785 5320 925642
7539 1849 307626
8069 4972 295001
8842 2259 588190
7044 8883 225841
3591 3642 56184
7184 5210 560161
7041 4955 57786
7974 1011 1357363
8957 5583 1832
8906 839 237993
513 9752 846230
6654 5235 479455
1210 2477 134042
6496 5081 247618
4845 1118 1066730
8567 7722 168179
1345 6915 878156
4377 149 390742
3404 8565 693882
25 3151 271975
3788 368 233170
8226 7349 316402
4400 4038 88
9919 7191 1880441
6622 8594 45283
4717 3363 75654
2734 6207 803500
8901 7036 12115
369 749 503425
155 4374 2184099
1439 4185 323769
4789 7149 1105613
