138
9176 9840 1168343
4370 9540 1072844
3698 9065 725011
3263 2891 862766
9730 251 1193737
4003 8038 1500470
3104 7839 39607
7823 7968 324493
9401 7212 266991
9355 6882 73644
6620 1075 851659
4154 7932 54105
1611 4596 525284
6122 4 1692086
5293 1257 838300
9265 747 849797
2825 9438 2204003
4974 9844 3450886
2274 4590 222320
1811 3154 173462
4641 9453 267684
686 5065 988348
9142 138 263843
944 49 1442913
3421 6502 109138
8465 2983 541824
2191 3274 686349
9445 4923 1917888
4143 2976 1109380
4532 3034 111263
3204 9178 943218
9903 8070 90617
8282 4444 171791
3576 2385 368207
1954 9752 1080040
188 9233 859847
1480 854 1513707
9106 7042 1149283
3470 9984 710107
7135 4120 1447178
1292 5866 329695
9264 6887 229599
1589 9804 1180205
6564 7789 509255
325 256 748260
9129 5416 1420335
2830 244 389497
4187 2578 28504
7355 6998 747670
823 4651 2818250
3776 8549 50853
3825 4512 335152
8721 9167 1163087
5816 2809 409201
8547 884 552272
9969 1936 1036020
5174 5179 864766
2567 1611 611868
9942 2685 71705
4215 3312 15685
640 1160 170336
5239 8202 418710
1282 3973 183600
1084 7280 1141316
235 5038 958596
8492 4318 293998
4291 6145 2185384
2696 2961 670277
6115 8565 239869
2583 7900 88509
6033 4810 631184
7597 9745 339657
9311 4172 55971
9294 7285 390722
3362 5931 46712
3819 5777 1091777
2069 7521 70909
2182 2781 379191
7166 4508 1007992
4413 6298 137698
9151 5924 5199
9999 6582 342749
9266 8854 2041122
2115 8962 112668
7990 4331 248787
2986 1827 621690
3675 226 138829
307 3751 968637
1922 9978 276211
9063 9137 330315
11 3953 220231
6118 7809 372853
4365 4916 2460095
1376 7478 356738
2662 3717 2564733
2047 2848 225306
9432 4999 770918
6430 672 192822
523 2786 71898
8297 5755 139688
577 7410 1691420
7013 6679 780751
6601 192 167222
5604 4462 1961739
7122 5423 470310
1080 472 293288
2200 6701 513340
513 5126 654181
4938 8593 224699
1218 2453 713918
9629 1230 774108
591 7599 143374
3729 3869 92903
2155 9332 1332560
4208 759 584681
9660 8476 5289296
8223 4079 538514
9878 6451 1262716
4715 483 712265
4264 9306 23384
500 3239 3858218
809 6744 197155
4575 881 66707
7228 7348 369304
4866 4446 469621
2240 5774 372414
5170 3566 646541
3354 1794 121897
3731 1993 2582612
9380 2837 63129
1970 2999 79075
9611 5639 546438
6344 6914 685845
9162 1312 128004
5319 5749 447194
2425 9684 94878
6021 3842 699897
3401 1748 8193
