138
2171 2105 1146908
4415 634 949566
7395 6563 380398
17 8808 3298607
3287 2024 718828
715 4088 10104
7146 6711 57478
1719 3513 294362
6989 9600 144775
218 6662 688727
9608 5286 1334223
6608 1810 2182609
2658 3813 656862
2267 5047 184275
8539 3751 11181
5018 9632 495955
3373 8856 1173098
1349 1853 761621
3364 776 1077907
407 3219 225966
8517 6481 360749
7566 2459 159144
6908 5374 834325
855 5840 277193
1015 6864 685713
7937 16 40363
6664 3366 20673
749 9700 119925
8137 5784 949899
9934 6273 2531172
5718 903 792132
885 6591 146831
4926 2201 92370
8469 762 1578303
4598 1525 75760
1375 6436 866000
3763 5902 795420
3297 9376 180309
697 9710 198063
8257 2304 2055025
1446 1432 1876061
3698 20 771560
494 8608 837280
3560 4297 116272
3688 7156 343009
4960 8880 1250773
7671 9595 820918
7449 1742 353453
7900 39 314736
3266 44 704496
6920 6714 483866
6547 3043 201884
5260 5607 815673
1047 6525 627829
6631 2133 205374
2175 6745 453681
7390 7758 363293
2172 4867 412672
8002 118 694847
1116 9081 1146783
2573 3875 399749
6217 9031 241415
4199 6377 1070127
5597 3984 345760
3631 8836 225338
9514 1513 237413
714 2640 54785
1233 8097 1528711
6827 3275 388926
5311 1565 1170041
7529 6610 996295
3810 1432 149583
146 8525 1703108
7488 4041 32539
5132 5452 952758
4133 7911 87343
2568 4319 88485
3741 6500 2956033
1485 7327 33609
537 498 1903894
7267 246 446432
8980 1646 73750
7136 8769 251585
7282 2129 113602
2668 510 1927099
3249 2305 31902
3441 8682 222041
9330 9738 1496464
1911 5274 608950
3597 690 300216
486 990 571393
6751 8661 857012
7316 7454 1319079
9006 1836 1628538
7486 1236 186039
9236 3084 48396
8224 9327 1492643
5212 4725 221829
4605 2015 1050847
249 8867 149164
9720 4401 1680193
7708 9795 2022148
909 6619 1058017
8261 6431 773870
5440 699 917788
2183 4055 1814363
522 3980 920410
7338 3953 468866
6942 2184 425157
5672 6910 1227125
2239 7053 401889
6106 5993 36230
7055 9513 286627
9961 7453 1777747
8847 7034 1778487
4132 851 326604
2381 4699 616377
1485 477 465448
7310 8244 628826
3598 39 114764
8418 2451 1163224
6510 5689 1495989
2625 6777 31384
8989 866 48850
7206 9310 436793
5133 6707 78105
357 1671 494292
3996 6379 441817
3622 7679 907931
18 6306 856251
4054 9421 99769
2015 3931 204744
9117 3255 722577
7576 4378 3664104
8344 8264 1027560
3371 880 280828
4154 7639 475121
6733 824 919553
