138
5141 6953 298277
0 6766 694651
6096 1676 1450284
4038 8293 1626377
7362 7342 356176
2685 1643 510180
8199 1221 499730
7923 4978 476472
7352 3888 441679
9409 9430 276884
6136 6138 919495
2231 9858 435204
9082 6159 858400
3560 8152 41647
7586 833 660598
5063 1190 63413
7945 8136 797614
8856 196 266596
285 8039 589922
9297 4193 389973
8514 4959 1577977
9431 4302 194013
5237 7685 57443
4365 2466 307373
4130 2151 349476
5856 8524 280491
2679 7468 27432
4174 9340 136249
5863 2470 1541959
4142 4669 1064709
6143 7314 4033035
5275 560 184417
4114 1202 458722
4853 7648 817331
5708 2084 3349043
2504 3988 11502
4039 6384 1244558
1401 1976 1038503
6297 1382 518001
4020 1387 1606582
4185 1177 252699
8865 5047 1078800
450 7644 147536
9080 1613 458174
5812 3126 1375797
8841 6399 416810
4352 7122 431321
4622 7697 944697
3534 392 842356
4851 3086 753753
5964 3531 56102
1370 8656 124213
4968 5632 112165
8303 9448 732201
1951 2427 563540
6346 5707 883857
9670 3782 153151
971 6383 1027616
8975 6074 826303
9639 6508 30450
1944 4482 240188
1161 2878 233878
5299 6218 105488
6977 8869 153062
6333 4918 789349
3151 6377 155477
7700 1186 2054618
4563 3609 514702
2492 6753 611251
1109 668 98066
1904 4869 1041917
9252 6045 1347752
8641 5964 120207
1090 4633 330247
4083 5567 602574
461 619 123134
5328 3160 3502912
9460 1027 969165
4173 1710 1249748
9753 7589 199985
6093 4600 156968
8292 2198 199564
6058 9499 256822
1533 8373 634726
6351 6057 451896
69 3363 272985
9946 5090 654911
4289 9721 603327
728 6020 2162743
8695 5806 67407
57 6962 19917
1565 5090 1755999
5273 4022 229793
7140 1841 1488669
6051 3020 1195833
1641 9592 63973
4044 3906 562336
2707 3707 340109
1934 6134 185551
3526 7018 547490
1421 7669 133589
1966 4957 2511807
6475 1543 452547
6530 8261 1337722
9219 3132 2358692
9357 1512 1967334
9642 424 979898
6312 6632 255528
2991 6086 86515
4101 1310 2584704
5787 642 1181645
7871 6800 1324113
3930 6741 81879
4431 6120 289972
1599 54 572584
3869 7341 1442490
1382 1349 167507
4422 8402 51867
9909 5516 684070
9171 4237 525409
4282 4423 68742
8081 3636 444152
1104 238 387094
7861 7969 310397
4765 8733 102126
9805 8797 1524849
3062 9846 758412
541 4434 2508317
5321 1230 46262
100 6548 81574
6305 6283 1191036
2724 6765 1900273
8429 3539 75636
2048 8182 1018413
2463 5565 429822
9948 3392 321901
4389 7502 1263099
6793 1685 619355
