62
7803 4953 198560
3662 3293 617548
8274 635 1354023
8784 7290 159007
9860 18 354391
9562 5648 670505
1870 9554 100709
2646 6322 6102095
2554 9357 2378785
734 8687 901314
9743 4451 849650
720 9528 96293
3325 8541 686017
9895 5295 713260
8537 2670 2324357
3715 7166 930855
3297 4332 719632
2204 9757 1701698
5010 1721 1865481
8754 7012 60738
4734 7350 3816965
9658 7566 7442961
4821 1040 1971146
3469 6674 4285021
3106 2410 98112
6834 4326 1331370
9112 6717 423811
1480 2954 705131
3312 1195 5850832
8914 7226 1363054
7156 2247 1293903
884 7537 286010
6552 983 1923315
1453 8404 5171012
7275 2066 5473598
8245 8756 750595
3830 3400 2178834
6883 8252 342062
5579 1358 1276695
7066 6551 1492032
5714 8601 94865
8535 9394 258155
314 862 475837
2467 6338 18350
6489 274 568850
4751 9737 1499445
7826 5912 7436459
8052 2890 2387680
5545 5843 873011
1226 4024 4931
900 9364 866111
8138 6044 198652
7238 7830 167823
7736 9745 2283055
6413 510 331753
4759 5156 1127288
6509 6357 144145
7359 5805 2267412
3473 6065 477654
4756 736 6421834
6658 6015 952007
3499 4244 883306
