62
4020 7514 712504
8832 3790 695292
4602 2481 737417
5125 2796 4071593
916 7051 4049890
2342 9980 4097792
7790 8340 752884
3957 9303 812894
2745 4451 712821
1001 4812 462584
764 6397 1776506
5504 731 2117165
2772 7253 1277145
7882 5473 1667059
4404 8748 4351899
1885 9599 314185
5536 2923 181181
8102 3381 2200118
2464 6774 2166257
7369 4957 221043
2314 6063 4008055
1416 2476 794529
7606 6333 1581485
2005 8291 3923765
4866 2910 2845487
9911 1727 3140269
1878 727 2899537
478 3692 1672027
5304 1920 1229997
256 1595 1274185
9003 1437 1109883
2129 9036 181685
6054 4004 51892
7242 1825 1081696
2632 9476 736865
6118 5275 1940539
1228 7412 194064
1898 4483 4032111
3844 215 3159004
6713 2877 509436
1124 5350 2075381
6007 9143 603698
3794 1704 816185
9000 8124 289158
4402 8782 1173928
4088 4549 240549
5816 9061 2022821
3710 389 1380477
1349 4875 4051760
6138 9821 1024831
9789 4902 656389
8551 9556 2097863
800 483 128156
8882 9672 2339847
9116 904 2766920
2916 2762 147007
4608 8580 1435938
7914 1022 2261712
5845 336 1030194
7601 5512 2113264
2501 3541 78131
1444 3001 1521051
