62
1548 3122 2832740
2165 6635 914167
592 4315 903026
7205 1438 406260
5609 5395 3272815
9864 4229 1983009
7227 5221 808682
3254 4588 220751
376 8173 1337102
3636 7336 4043991
2457 9508 2456400
3551 7738 84141
3381 9980 269561
2508 6681 3102769
8531 1650 3375437
7989 178 1626506
8208 3123 2371095
1470 96 275121
192 2951 224928
1548 8277 610915
1733 9712 2210521
970 104 1420957
8559 9145 986804
1354 1952 10636518
5723 414 610914
1490 9340 1633058
1739 5752 263332
2703 2357 3897007
3295 5074 4404787
1821 6734 274498
5631 2009 1613842
6921 7389 167541
2978 3643 107269
1625 215 2692684
7645 3783 676122
3047 9568 446703
3064 2843 2845283
787 3317 1349464
4766 3705 968012
8740 8562 1725024
115 6260 2503725
8573 9218 689019
4935 1731 1347204
4709 8490 113016
7590 6457 2831562
4650 1669 4350382
5749 5825 1245270
4364 3018 699502
5054 9017 960707
9128 2269 1661655
5810 992 2223954
2755 5027 627585
2077 9353 1520200
450 3553 289022
8457 4343 2822
5050 8422 2451822
8270 3601 448128
8715 9034 2792481
5950 7695 15090
6866 1597 2987578
4776 4081 45164
2213 19 144356
