54
2676 4050 5690153
4449 4608 2371537
6619 1028 921144
9902 2960 895899
9861 1789 99961
3429 5135 934244
3848 8782 3460637
4843 9922 180018
8868 7090 698696
7509 6058 2331513
1996 9491 434116
3480 9765 7042128
5846 4551 2393965
5415 7662 909716
1420 5335 1637522
1089 5939 307387
6829 1164 246550
7499 8336 760419
196 5543 3301156
1603 6979 5775
2476 7493 2414262
928 4069 1018462
6036 3674 8110890
7132 5988 307030
6220 8238 1706238
9938 305 3265277
471 9954 1833663
116 368 1879475
781 3564 720887
1690 367 1313767
4576 9300 2642476
7368 2491 2559246
4378 7429 546796
9088 8353 236340
4208 2027 153548
2329 6503 2201637
4123 1087 6880618
3336 9633 888724
2155 2256 34917
5763 4667 1421020
2780 2944 1207228
3939 8084 2227123
4341 4874 1012487
5117 1159 332054
8969 4550 6473321
7297 4186 1220744
1277 7265 8546491
1908 573 239988
5687 3696 891364
2899 9009 41818
322 6240 471568
3816 3526 336207
6900 8096 1734019
9889 1443 507779
