54
880 3277 2206833
3581 4117 6724224
5592 4904 209387
6505 2890 3802602
2052 5460 3167289
5175 1927 1798977
493 2287 2168018
5685 2643 3447178
8747 2109 5587548
3964 8570 1046220
9629 7152 1242084
2911 1182 1961633
1523 8568 446233
5992 7984 5542703
7833 1932 2942241
2853 8017 1658052
2245 23 1737447
2138 812 3174996
420 400 1047826
3275 9544 565106
6067 9477 844528
2805 5734 413391
4304 1615 844224
3909 3467 2146255
4956 3581 968876
500 6369 3318744
4843 9824 1335239
1173 5555 652032
1684 4316 388733
742 1371 1155173
3485 8767 3299859
1774 7012 853212
1708 9118 1331892
7822 2620 2960664
2448 1298 2756728
2209 5864 214675
8123 7422 757535
2155 6402 949822
6416 5098 355476
2756 4510 1368175
1662 3856 1939424
3804 432 796282
1527 5242 38563
1954 3905 885630
9604 2139 1020854
5757 1057 116590
8671 8981 2243684
6476 8916 1291814
8247 4296 1550301
4311 1367 3610914
347 4024 205990
3611 7966 143753
5819 5132 337116
8333 9276 8427255
