191
5793 4484 26956
6460 6724 156408
860 5873 732942
762 9877 1734335
2078 151 764292
6615 4277 700665
3562 5614 324813
23 1887 309745
9460 2795 137108
4899 4585 1636727
6006 8341 198663
8880 6309 918175
7243 9719 844721
5793 4935 680892
9216 6242 464906
606 7730 345631
6158 8172 154492
7450 3055 39378
7271 9529 294205
9870 1851 152768
3373 7461 482145
7950 836 434021
847 2474 19176
6927 2272 411332
2531 5519 1293630
8762 5940 664405
7789 5374 1883012
9107 8321 1100972
3794 8860 133830
1687 3367 1015868
12 7812 308282
9170 6631 206487
3823 2994 506489
6760 8872 75627
9150 4732 99970
1507 3459 286078
1062 9642 466442
6498 1557 773332
86 8451 229359
2886 5692 111253
5043 2133 23133
4901 5972 202596
5423 7483 580978
6451 1359 378297
8335 6105 625607
8149 2380 781132
4516 9474 80560
2732 7817 8629
9326 146 247554
4671 6215 752497
2649 4891 125865
5017 1652 318178
9750 1094 275256
2755 4022 283906
9528 4191 1466884
6115 1546 68558
2763 7889 1259809
997 4322 51608
7566 5293 1470293
8277 5338 14343
9674 9159 901796
7528 6737 517124
6178 4010 617279
7125 4353 434735
5516 8746 148055
1806 9590 654027
2410 8226 69554
2594 8707 264077
7110 8111 564860
1579 7457 445671
8230 2295 645615
5035 1801 740897
359 9906 176514
7014 5617 218162
8270 7240 584354
6656 9363 274255
5319 4340 40397
2846 5248 80528
7426 9805 649211
4304 9382 82195
1392 7486 1542625
163 775 53666
545 4103 1497878
2313 8243 874844
4926 7922 116354
2846 1800 1613293
997 1698 267724
6519 1551 93055
6856 8134 1259173
6192 7461 365235
4799 313 649511
4569 311 55113
2252 3381 35109
4964 1524 93161
6800 5973 1356103
7685 4845 131270
482 1832 510601
5731 4758 186771
4359 9721 26569
6045 7707 458895
7670 3878 148594
6425 6709 1090667
6289 3798 866569
2064 8818 115898
5589 8343 929101
4595 4678 1133067
6731 2497 509970
5340 5360 102362
982 8423 25656
6301 9269 456600
9713 4739 356074
4950 4653 584731
5447 7345 1286974
6806 1236 656564
7072 6179 219814
6190 5368 394826
9462 2110 398151
6419 2013 944404
1211 9882 291481
9763 6680 293877
3412 5747 33395
1879 104 152233
9066 6199 1354911
2724 8645 756542
5529 8244 917315
5050 4405 355517
9546 4783 284633
5472 566 232350
1929 29 878229
6867 5054 41450
5036 1160 233435
656 2974 44582
5275 2175 752690
6396 7416 270690
7077 647 588196
3040 5573 65156
4294 7340 1572
3729 4616 107437
475 9183 1614027
3039 5812 39495
286 5579 458018
623 5674 406571
8889 6426 797424
6206 5576 979454
2800 1614 50329
7924 551 161556
1994 9243 615753
1201 1958 326398
9896 6783 1586392
7332 2317 580572
4378 217 449695
1693 9508 31706
351 4377 54938
5924 3172 889322
3239 8616 148147
7927 4012 286144
4100 1249 322064
1796 9132 383647
1866 2763 150828
5898 8900 64784
9358 1489 502380
2549 6774 265336
5858 7793 1549751
4879 7278 144241
9918 7735 94933
8096 3272 179362
6901 3787 1635328
692 4958 298948
2886 2694 1384326
4294 7358 279832
6646 7569 139971
1345 7920 296023
6465 9818 2982931
8754 5435 9042
6079 2547 221030
1047 1395 92269
6858 76 74302
2709 8415 328464
6890 1147 488115
2057 3099 429796
8120 5684 2671881
9104 6481 884395
4209 3550 758322
1077 907 31752
8674 2018 440236
2368 4444 272898
7995 609 537565
2392 47 1031425
7895 4639 253980
7380 5043 3631395
426 6820 385323
