140
4099 4059 2493556
8952 3034 533053
6734 9594 318607
3385 6032 418045
5508 7031 386784
9113 7553 341946
4699 6233 905162
8574 4858 522134
6080 3493 144977
4393 8912 82782
907 488 226430
2238 5726 2562836
905 2115 1250220
3741 5362 176295
2495 8732 2159844
632 1783 494778
5351 979 279575
2596 4078 180900
8289 367 149577
8417 4345 121153
5379 273 57510
6459 4223 624338
8411 5307 252346
243 7504 43728
2324 2568 471541
4042 9795 375732
1736 5321 666690
7801 4932 552637
7707 8005 905917
8390 7608 260871
8528 2457 1326102
98 2070 113094
2104 2309 640190
5238 352 101317
3159 2207 386555
966 868 1295651
2574 6039 178220
8737 2247 38776
3678 260 185146
1683 8431 785090
7260 5403 286795
1513 1787 974362
25 7556 145042
2383 9254 290879
476 1756 18833
3052 1834 10742
7629 5175 1275917
7296 7983 422649
8754 9513 366295
2572 5013 1207343
7445 341 607214
7838 7331 433322
3137 1552 1998817
5973 3813 506096
3115 2839 502336
2925 3299 94947
248 6213 1012457
1762 7278 1030752
4547 368 221328
328 2154 158448
7259 7685 1468375
2446 2003 815665
2400 9389 464815
5937 6071 759873
8823 8849 275707
2149 1232 1196548
8706 4341 171161
2941 6702 1155127
1760 6020 332969
6793 8564 443495
2520 547 29533
7185 3689 1656448
3330 6917 396937
7630 6509 2116517
478 1317 1045460
1282 9117 680726
1185 9080 615230
5677 6371 466363
2858 1063 614109
9515 6888 1366677
7106 4761 73986
3765 9596 181709
1758 5214 392560
1934 3141 680320
1850 9569 1517305
5330 7546 2505809
3130 8632 1219242
3791 3500 2200458
7090 9357 525559
5603 1696 2159
4025 7710 687026
7861 3960 838337
6490 2105 2539453
1393 8264 827705
5361 3282 283394
8138 7105 2129997
8435 5518 541158
6863 3322 1116280
1149 2171 978873
2760 9668 1941473
491 3375 1542589
438 1812 284101
340 4398 1052089
8257 9898 566543
4806 1439 717225
5636 9353 1098099
8924 3833 192206
103 4250 1452061
4749 5221 177261
5427 7578 367391
5504 1854 1306625
1064 2774 1013159
4451 2527 614606
9295 7094 612670
3720 3990 138439
8486 6525 420274
2927 2435 932411
7472 6993 436661
642 2403 342332
2120 9345 259944
8631 5764 921765
6516 4506 599769
1638 1258 205980
2906 4421 714761
7673 8321 548341
2966 5087 367810
1231 5715 69729
7481 9481 1779732
2627 8961 8044
9969 5612 771629
1408 1515 1753355
8355 7835 99267
3188 7379 2115827
5033 2100 427081
7142 9030 217654
9207 2723 392683
1591 363 289653
7653 3292 678317
7572 1691 2455972
910 1791 226728
