191
4722 8806 424185
67 5523 64867
8242 6515 717495
3910 4373 734301
619 6924 144904
4675 4392 656361
8561 4852 499663
9559 153 402587
9716 2526 264948
5170 452 175880
5875 1374 1789890
6680 9983 857300
9620 1562 332927
2916 2236 325386
2106 8551 818902
1691 9458 292844
3460 9892 1260114
6183 2364 501646
9283 2251 25080
2581 1637 2020429
9164 4469 2844560
6698 8801 7122
1820 4334 249815
2629 5361 27345
2679 9905 253558
9091 7791 1201282
1425 1592 521844
7367 2553 390202
23 4097 452998
6393 9818 112777
2524 2076 189192
7182 5229 8291
7397 762 649839
7840 6128 146263
2914 4448 563779
8680 441 683152
7713 8756 683362
216 1830 27531
1098 6821 221159
3590 8263 712988
2397 7030 331576
5656 5387 810233
6660 3125 271704
864 3666 70333
4414 2911 297646
8132 8518 146352
4774 1305 144002
9355 536 1615233
6394 1888 186763
7663 9334 417660
7100 8178 496399
1125 1312 288620
2203 4452 277232
1465 9360 44787
749 6011 1065605
8868 9732 607719
2069 3022 1162923
5562 9378 240289
8606 7712 354604
1874 9624 654648
2766 170 1497044
5230 5508 48642
6087 8384 1329720
1042 5264 599918
3412 4639 1048558
6075 5563 816040
7993 1272 480183
6719 1027 426596
233 157 492232
7835 3676 469117
7688 5813 876266
1279 3688 300380
1061 8238 97064
2827 8784 520760
9582 8547 271362
2346 510 541537
4244 1083 296223
5440 4907 1245574
1776 6725 569229
4220 9880 266098
3214 1723 529631
8594 8440 90333
3020 2005 32830
2285 3519 364011
6458 3752 162140
7161 2020 24267
8934 5030 18456
8529 846 242951
6230 4625 169460
8068 5267 189788
6320 8239 78895
1640 8595 813166
3644 1431 314406
7158 2857 41131
9736 5927 194480
3989 4950 1868800
1928 6231 1034802
1311 8990 870100
1037 3565 599540
6847 7067 390140
4437 7474 147156
3421 4866 62492
4765 3447 987011
285 7655 88604
1804 9852 55159
7246 7833 325592
1350 3472 675728
9001 6057 3607790
7609 4249 1500382
3148 5408 573335
9823 8625 1021361
3107 8417 147751
2468 3977 918183
8330 7950 670885
8973 8397 730659
5751 1060 77925
7061 151 1437
6120 4642 841427
879 9913 501317
1340 4946 829536
6307 9377 106417
5296 2017 83919
4275 4879 510395
9924 4776 227460
7735 2126 1134636
6975 6369 1366969
507 9749 899737
3125 5151 59320
589 2191 626686
7505 4514 295214
7447 9241 292678
3894 6229 145413
4106 9382 448121
3934 1585 962459
7457 1151 296295
5272 1014 869418
541 4771 821870
9018 8429 168949
8560 1749 1050127
2589 8408 369831
5793 8399 313299
1352 2382 1141588
5941 2312 245335
194 7956 113858
8187 1065 150973
2066 5757 609483
4191 37 302428
6518 2580 529078
6281 7223 146071
8944 8257 295218
3369 2823 39994
2037 9479 187152
5297 9819 261276
8811 7080 495542
1139 2041 305275
8472 8601 108579
9915 5643 16397
1082 1979 98492
6983 2609 789505
8383 7393 116799
8440 8202 12015
1353 1237 345391
8834 1873 315577
8572 8455 506172
7107 2361 2580225
8021 8162 483203
4564 1661 109867
362 1385 840034
402 3404 371641
9188 5599 1281076
7952 295 222044
6370 6550 262963
5410 9366 332884
8279 4329 47985
9737 8933 643137
7160 7858 651483
3348 9903 814266
6127 795 458763
1948 1155 13399
9880 2634 469605
533 5232 34762
510 2194 1105511
5529 8 38641
3806 1858 722403
359 9076 880319
7737 4012 895723
8590 6815 295307
6347 4924 1574622
6297 2802 707030
8784 3324 42258
3738 405 212742
