191
1753 3928 15742
5320 7720 1312952
3333 7773 139477
7270 824 98681
7842 5827 312407
2720 9087 920268
6564 928 82775
4220 6383 71996
4042 9176 1075382
3042 4638 469041
9487 3056 459656
4430 9939 29870
3740 1094 1063979
5223 7675 407057
9211 1292 558527
5312 216 187849
1927 61 54194
4122 8983 126073
6715 3147 165350
6286 1783 174098
9597 4616 107067
6210 68 21441
5495 3412 336903
6837 9165 598292
529 8150 993068
4209 8319 1216445
9833 1902 101567
8977 5959 37623
5437 610 178805
4555 8928 293049
3463 2189 645906
4215 5871 48444
9158 1496 2225
7529 1899 437686
1386 3138 446115
7232 5356 78818
7788 5719 202848
9308 2265 659660
4633 6795 224313
6808 7976 13960
7228 9663 156129
1333 9211 836387
902 1635 27132
8582 3249 29362
4802 7255 644031
1994 6417 415815
5682 9658 899950
9947 4207 996569
1061 5807 682141
2585 8821 10510
8681 9122 153559
3258 5105 82028
3206 2799 72784
5965 9985 2170786
5380 9453 566543
3727 2164 336824
1490 1642 291329
3908 5116 566218
7475 1570 97686
2086 1128 241632
2931 5028 1290162
3678 6330 671996
82 8387 1260456
5970 2090 225315
1092 4042 1005387
2604 6661 6222
882 7312 581029
8618 1609 867579
9198 8566 1659151
3316 9900 217678
7937 9067 241921
9119 8035 227490
9396 1859 288128
4974 4605 350278
1721 223 420062
1050 9476 684260
2758 977 690830
4229 3898 150711
6448 5941 683415
7001 6343 96095
2734 7858 1493796
8653 5266 365634
1316 5494 1830360
4254 5091 246056
4655 4491 546543
4717 1281 175674
2530 2425 91814
83 2268 122749
8665 9392 956125
5511 6230 33052
7831 7484 347705
5549 9743 557252
2256 1392 265235
346 1602 971915
3557 1304 769082
3407 1059 257585
990 9621 854784
8986 3546 720523
4914 2637 373637
1875 3374 379379
2698 4981 114551
4116 3282 9400
7267 4901 1181015
3873 3617 245867
7844 34 1487625
8003 7785 3140
5261 4227 219306
7608 5726 65838
3425 7900 109840
2359 2541 1432689
3350 7660 50256
6224 9766 1122019
5133 5264 239367
8892 901 505011
8332 3024 1551999
15 1353 123844
4137 424 317250
9033 487 1166973
6736 8972 818539
7021 7853 1787592
2058 6450 173230
6 9673 324563
416 1046 550734
123 141 1153876
2717 5288 87685
285 5431 3013117
5942 1386 790486
1848 7843 244860
5011 1401 945393
4619 4601 478868
2308 6736 247466
5694 8817 456580
2558 9045 664639
6446 3594 1702581
255 3300 447416
2038 2782 457252
1617 9902 88057
8955 1127 110462
5694 1536 125953
700 9192 704509
5190 3958 361950
6535 6954 1300259
8846 8417 142334
1141 6726 1017570
2085 513 60588
7999 2708 265566
2720 4381 2182590
9386 904 380335
3955 6961 195718
8152 8608 209316
9434 2604 1778433
9085 3221 851731
7220 862 308803
2608 3754 143305
9129 1913 966108
4024 2632 1066888
2826 5996 54972
802 5195 356326
2928 982 327949
8476 3155 5203
9318 6868 1736257
9473 9685 137228
7805 4230 744031
1892 5294 1228346
7884 8600 233894
6777 7540 217923
1725 3050 623954
1837 714 1098691
7568 7451 254147
2293 8441 1547135
3607 7839 344242
3961 2643 127018
8698 3708 1266586
9583 6601 141186
6955 2199 232733
1179 8951 339207
9835 3350 790370
980 9784 280865
1576 1582 309674
9238 5556 7788
8368 8989 669957
5936 5846 351800
7538 9518 215481
5217 1072 26140
5678 5674 43770
7219 968 799661
5170 9074 394231
7203 1933 1212645
5350 6467 226494
5406 7415 404027
51 806 74638
