191
9587 8391 518363
2652 9264 46058
5564 3921 33386
7974 1744 226072
291 1957 1199840
1966 3657 404982
5328 473 1839051
1708 7004 289235
7925 1969 416421
6503 7388 438267
6088 7411 1186648
1618 4459 241405
3547 1088 903012
954 9327 166804
5545 497 1258661
7333 1985 2916567
2223 4189 227418
5197 6364 191918
2725 5072 109641
6528 2380 234757
448 202 152141
2111 3474 211723
9430 2059 335761
2847 9665 976745
6023 7574 113362
2045 9946 648351
3511 2468 109385
7931 3103 493355
4614 3074 935386
993 3420 21949
4195 4596 653926
3551 4414 45625
1626 5373 494162
5516 2808 200272
8977 7458 255406
2427 662 389613
8705 7955 177368
303 3979 164113
607 1339 1826115
801 1172 366969
893 982 11240
8623 9641 91441
8212 7303 504588
862 7230 195040
2040 7027 359312
7121 4699 329897
6698 3153 726611
4595 1593 24115
6918 6536 242024
2176 665 1214455
9200 8911 479772
8094 6310 304689
4551 9042 1070122
8183 3261 380698
4524 8798 395517
6442 8192 366706
9324 8655 1073168
9138 39 851144
520 9503 858253
5030 3016 683407
2860 6275 212813
1685 9037 69347
5903 8022 488740
1719 6739 441285
4611 2375 153587
7376 5693 535472
5397 2705 472881
7054 1517 135140
5061 6460 547952
87 1903 940621
2516 54 1011930
4481 6872 355284
9948 7609 59393
6260 2863 107796
5285 902 155592
2593 5762 156959
7902 4092 554486
6061 6944 323148
3252 9628 312353
1411 5591 711316
9673 9818 762348
8164 3568 2717
1617 6903 629610
8783 3240 1675289
3050 9338 863341
6472 5243 55052
2363 2364 63574
6175 7644 1943089
91 498 7044
3602 3691 338452
844 5184 99515
2150 9250 125452
4855 5093 1111780
6732 5201 1718363
1220 2624 495261
5025 5936 500872
9043 293 97384
964 1701 1167396
6583 573 222320
8259 3998 192768
2398 90 406507
9321 1666 722465
6199 7141 551735
3909 1893 1193883
7443 8680 241293
698 8618 131754
8105 4039 1267121
5977 5975 105723
8370 5453 477654
5824 247 71993
4147 9840 493681
9592 2654 429182
9288 9646 72841
9168 4682 181216
1338 2024 544261
9392 1552 1910413
9468 6199 354949
8005 2958 1133339
1715 6655 603319
6410 4546 194488
6500 3355 807733
3803 7503 750956
8015 8259 1049313
7363 4362 223976
2350 6650 475769
313 9850 147993
5708 8611 1465321
2764 5775 99912
2311 9552 77314
2610 9330 54898
8601 8081 903979
6890 1502 317656
6585 7791 291632
2831 72 314658
2345 8243 134894
6154 1260 1576873
9428 992 1004237
7184 7954 216897
7976 5788 107190
8832 6925 305421
3916 8618 5506
9216 5232 1486363
2780 301 383778
1670 7118 822387
7093 4075 188934
5747 9202 225482
1769 1233 93075
1156 4584 1731014
5611 9968 616399
9867 9035 61013
3471 6757 27628
5178 6696 155315
3228 4378 376204
2822 9723 94508
3355 3476 1562377
4265 7140 747221
9682 7440 149042
8729 2326 20092
4902 1846 782001
852 7824 1467209
4064 502 700088
627 8721 372236
7577 7374 48392
9714 7548 1119845
4598 7672 393752
2922 8571 152868
1413 2279 1440459
1238 3488 164875
1337 4618 327202
5297 2356 371343
1666 628 176925
6545 3752 189741
7185 6311 2722213
8938 8957 119157
5890 1400 87587
9665 6681 1005568
6702 4307 396056
1670 7690 387622
4996 8659 616986
4921 5721 673647
102 8233 60266
8071 4080 1421271
24 2003 734620
4390 7273 80208
2866 2621 337311
4794 8172 275214
4196 3800 354762
5110 8436 533883
6992 4104 471427
1141 5290 132774
8595 7829 321561
