191
4508 3780 559800
3104 4108 1067087
1349 9101 229698
2486 655 201049
6035 6727 487524
4540 4000 1096137
4931 3688 488719
2702 8091 209552
6727 4783 558321
9043 7661 365857
3711 1623 123637
5076 1954 1137233
7969 1597 230530
36 3079 409492
9220 1318 770592
362 8919 1297349
5582 1504 1345143
5634 2145 362950
9996 8045 1016362
7215 9818 322606
9586 4491 419520
665 1204 135360
7641 7456 1476103
4378 5492 503420
7297 9772 218884
7938 7144 528075
8558 5240 183302
9078 8237 1151116
9815 2914 273019
8525 100 2010943
4281 5714 234056
9364 9113 2069192
444 4339 136268
1865 7659 265314
5592 9078 780321
8259 17 1290492
1812 1627 1138649
2388 7262 662784
732 7301 542232
253 744 170642
570 6003 235500
944 303 377934
5137 7943 321733
6507 3313 354628
4295 1506 412467
3860 8237 167688
1179 1103 576829
8145 9537 162256
6487 8152 150569
7498 3102 1133735
2135 4644 475837
871 2141 160139
4900 6932 319009
3645 1720 824216
947 672 140834
7660 4567 106534
3954 9231 337668
7655 7672 760001
1140 6001 553727
1216 4956 536313
8271 8994 1934717
7478 9103 130101
1093 2079 1117756
5180 9113 772710
8941 5251 489031
8199 6449 102043
7609 9561 877093
6647 6626 28656
7663 7014 809304
1975 545 62468
9823 1465 664916
4876 1768 72960
8285 5077 99217
992 5016 1651594
8835 1562 297476
2574 7302 149794
6722 16 373412
2135 1997 1985648
2557 3123 432034
4008 5890 607143
2153 6398 39191
8610 3979 60721
33 8571 311700
5866 1967 884991
6327 9005 69554
760 6492 111839
1409 5738 114632
4419 7467 1167462
2137 8221 597467
1788 8679 141041
8982 1008 698163
5216 8631 351088
164 1410 528883
4564 7204 392034
8791 625 135288
2000 3610 86918
8641 1759 1885288
2263 534 639439
9635 8094 498478
4863 1216 211189
21 5583 989001
8989 9575 598625
3793 1647 224382
269 8985 727625
5968 3543 440718
1894 6093 17319
8573 8974 2763192
4632 4995 340984
663 8067 268608
4130 8403 1469086
8279 9676 205318
3576 9137 454415
7030 2570 107679
9096 8719 142246
8918 4986 1507938
6730 9192 522174
8405 9264 1696242
8943 8511 242177
5674 7390 12043
1178 5814 235157
2124 8415 817427
7035 9461 1351892
7603 120 766352
5080 2350 378527
9193 6560 10641
8876 2909 856148
5506 6437 497173
8646 7981 1385
445 4454 643063
6768 6360 339236
4819 9550 54653
7367 5670 1021679
9267 9357 115437
8459 1849 1636
3701 5420 61075
1691 7742 64063
9594 8116 91401
5517 2230 66550
4220 4347 556398
3643 6537 518545
6240 9651 172440
2345 668 147432
4715 1050 156397
2670 1599 245245
3430 3625 204466
3038 497 1000220
4588 3043 38979
2636 4016 123239
7183 2216 466605
5615 388 242636
2768 5823 167996
4931 6852 223855
278 9683 253622
2861 6153 92681
1861 8159 1029126
2610 8063 232991
5492 956 615786
8121 3504 2059483
2009 1737 1233532
9761 4269 9725
1708 3395 388998
7478 830 502222
2789 7298 21795
7678 7586 406272
399 8241 344677
4751 2167 58759
2758 248 1048818
3351 8443 1518072
2544 3937 363721
7783 1701 79992
8414 1884 566693
6202 8481 377466
2212 1903 261021
8075 830 189082
3761 477 462258
1653 189 189200
8012 2886 386600
2040 4363 1479881
5084 9250 245275
2817 4012 725854
5849 1919 601227
1322 495 305214
9068 3814 254464
3396 5602 57978
3735 3722 35619
7851 4728 194928
4842 4539 26461
4166 8843 151290
1406 8069 876259
745 7125 1315479
4449 37 509373
