94
2263 8570 164560
3412 1197 201242
5758 5757 2813385
9553 7986 952676
7869 6867 470517
5331 1923 1770783
4188 8318 71154
4038 6607 719420
5459 7400 1703074
1940 9732 1043630
7246 5691 1823052
883 3120 58573
7724 5124 524419
911 6144 2568440
6483 2037 1656425
3951 2977 1256233
1569 2758 33766
119 1548 1153747
1723 855 824988
857 7836 1360826
5592 6587 547212
9495 8225 993610
1872 4578 3247089
7542 4052 751164
1108 9709 396947
3463 364 1217218
2040 2814 1645474
4148 8309 290628
4912 3841 1642465
8004 7700 1292068
6779 7587 60950
774 520 459649
2335 5951 159521
2877 1783 881318
3570 3293 1722535
9685 7862 1334455
1235 9142 746823
2144 8632 516788
9238 4982 1571575
7395 7295 590415
4155 2123 343226
9515 3549 370905
8231 7796 1443349
1937 8658 60726
643 8842 3541888
8263 7667 829684
1201 3653 345091
2148 7017 405511
6053 1095 328695
7420 4388 326104
2649 9213 527598
7253 8317 197894
6022 4195 4792648
8371 1634 882675
8139 2055 540368
321 6947 45438
7678 144 634207
1836 8263 713234
5982 6515 784449
4891 4011 644915
4275 2052 64307
37 3518 688614
8004 989 418671
4189 2140 1409706
164 4440 3795870
2840 4560 598715
1714 9563 921633
7054 8538 605036
4898 7638 2011057
1778 6950 1302910
7686 5156 955381
2113 1964 355097
5621 4938 635993
3799 2454 917683
2127 1230 1691757
5539 3717 1209629
4347 6583 238791
2006 2646 381809
330 3181 937575
3530 6017 4524158
5983 9518 222801
4349 6343 67209
6870 2043 244934
8183 5143 342033
4295 7172 375987
4687 3637 41963
1888 4129 2053551
63 7888 467685
9179 7321 1313529
6709 6355 4701651
4128 7914 239739
8748 2747 2265463
1485 3797 2386542
5035 4365 2615102
