94
564 8054 1341255
2081 4254 562674
4788 4695 1944603
5979 5118 668628
912 8131 675752
1630 1007 114820
1323 8197 312888
6060 599 50375
7910 8736 216441
7305 7101 893053
8781 5393 1671539
5438 9877 1649366
3549 1421 133562
5045 8300 1484842
8341 7179 1067290
2403 1809 1968499
5849 6339 19582
678 2290 718876
8809 1234 376272
872 9555 1235168
4044 3631 1358658
5389 3792 42863
4595 7879 2149704
1602 6300 608539
413 1234 490853
6408 2419 261177
6017 5736 798955
2461 9115 11864
4061 2620 2609772
1093 9161 1462412
3032 6260 2523429
8209 7047 1402039
6894 5880 1076522
2121 4954 1709441
7792 7456 2263618
1666 1611 521607
2330 3342 332488
798 105 656684
9129 7365 201729
2913 5676 700294
9619 2822 430871
9848 964 1161063
9537 4328 11379
9421 2500 348596
8489 5221 629163
3816 4861 418262
9507 4877 1295048
1836 8954 494533
2551 1706 376041
5655 4038 2419192
6920 2709 2024
8189 5703 830803
9498 4003 2383407
448 3296 1221916
3678 9577 1472094
9636 9816 1047740
5532 2716 409005
6172 2485 658486
2755 8573 1136962
2464 9033 1611396
1350 6410 2550660
6615 2054 1434477
8846 6651 407525
3327 3814 2192800
8739 6565 770484
4703 4839 6181598
9797 5495 1696964
9121 8548 46714
6116 5706 1065562
600 5781 93373
5419 9448 2177423
1409 3544 190100
5992 6561 274612
3796 8377 45180
3988 980 91078
4716 9950 1568023
4090 5708 4718291
8325 9063 42886
1799 7958 2288093
1089 3346 1209277
3463 1985 25071
6982 1691 96173
405 4879 2173435
4296 4800 127915
8065 8603 46253
3758 796 468461
9281 3588 1530430
2303 3132 3042865
3479 7705 47963
3452 8965 1208781
7778 3247 800551
5662 4201 3301603
6366 8457 137527
2869 1391 1301738
