94
5637 9364 2995220
7528 3545 87662
9952 8629 1510551
5047 1881 501478
7528 481 1869328
276 3336 1658412
424 3945 1329699
7578 1161 489648
5209 8530 645075
590 8747 2020488
3157 5997 765536
5160 8171 1313918
6340 8515 2149620
1125 141 948140
7279 4855 783486
9966 2405 284933
5643 7547 123979
9669 4310 442424
1620 4277 132139
2293 2377 83916
9994 5398 710870
7580 7708 30060
2232 9941 4246056
5623 1674 15689
2661 3615 971992
7000 4480 443798
335 5528 480609
7112 2078 595194
743 539 235857
4269 1146 368235
5574 7474 747816
3723 1072 46311
4812 7413 1019667
733 7547 331135
8063 5485 879166
92 852 2509927
8015 4921 432234
8802 4043 656907
3215 6849 133005
5309 8852 2704061
4385 5548 1137509
39 4124 2580606
2358 2708 2746803
1196 7182 45559
2626 4413 186175
1072 3286 1236053
428 6688 103592
3829 5935 25773
7589 9522 55095
3461 7778 340946
8428 478 928848
7986 9273 1029571
3855 4747 3399527
9641 5838 1782752
3411 9497 3704300
437 7526 147732
5538 5927 767286
2207 7291 1751511
1555 9447 1210136
8469 3249 430695
2777 3155 2623909
9500 1263 31542
8593 3518 430444
3740 4675 200677
5423 5007 791136
3676 2261 1416595
9237 7129 2450470
8083 4519 520887
8452 667 1680365
203 6154 3055749
4816 6134 239836
6031 2150 750073
686 7788 392361
196 9953 676433
4560 6754 570749
3917 9119 1847734
1689 1030 1177864
8182 8515 121048
5640 8555 1522614
3879 8620 792231
6350 3034 648122
5996 5453 843941
5836 460 661669
3131 7227 884552
4588 4561 123834
882 1482 106851
9525 4557 2125032
7664 3388 3854201
9683 6085 577794
8501 2891 1470951
8967 255 370288
5698 149 2844985
3929 1073 699314
6775 4226 2191039
