83
636 5660 503601
3353 2308 311057
2986 7915 1165415
6823 8874 207075
736 8219 931506
7242 4955 428968
6391 6067 542410
8766 7423 1186822
5455 3500 217990
4127 7672 1104616
5059 3764 86639
7685 1578 2646287
4223 9166 2083451
2786 3495 4110278
5732 6690 185105
5817 9947 683350
2249 41 536463
3587 8331 52167
8060 5576 1179659
8182 6590 203913
347 2668 3104359
269 3854 1672463
3909 952 57040
2670 9734 2600697
9597 4858 218278
6587 1103 3394
5271 8268 333389
4933 3753 250643
9163 4390 438424
9309 8955 83485
4538 204 638885
3535 7592 5973102
4187 967 2004719
9285 7399 1474205
3112 1087 1639125
7026 9441 276614
9635 7392 551566
3086 2251 617693
1983 5197 961096
1566 1763 788208
5399 404 4260460
6673 7397 2383336
5673 7536 1856676
1980 5479 2492512
5354 6241 424705
1418 9490 511648
4370 5210 1868862
2963 1009 42705
2574 1827 1658776
8817 9221 2697196
3395 3788 677174
2349 8952 495092
9918 670 1999743
8352 2499 2398149
5103 5573 2593000
1418 3774 1052072
9662 4069 869209
1381 7741 130315
8314 8110 444464
530 5492 337037
1206 2564 2710375
2930 9394 273306
8295 537 302516
1853 7536 978837
1358 6302 874189
7068 6867 858006
22 922 4923825
7296 1465 1442595
3684 7934 919612
6363 67 548181
7312 5747 2230647
6195 4501 2105334
9555 4590 1318642
893 6050 139102
9207 882 87718
534 7128 53359
7528 5616 938346
133 3713 1213348
8063 8937 555739
9264 1364 1394091
5881 4816 251556
807 463 1513400
295 7339 3119988
