197
5730 924 655047
8448 7696 43739
8905 7426 127173
6254 7214 17125
9180 708 1391450
6763 7876 371471
9442 9007 504353
8170 4705 547695
8944 9733 622677
9339 6091 469869
7138 2755 246611
8319 512 53441
6121 7676 58092
1692 3352 77588
3138 891 187703
6527 5681 1030584
1684 4814 805760
8360 1235 1806018
8267 3530 179870
3418 1828 438098
1141 4601 228612
1716 7445 703827
6071 7114 315770
2226 8157 483930
2374 8566 287302
3964 6062 1062922
8141 9719 180548
7152 506 55256
1796 7180 685841
2920 6270 84748
2081 6482 652202
5756 7693 754073
2522 2582 2051661
4313 8660 605405
6831 1828 141582
2910 7112 22531
5004 1936 292241
3698 4940 292568
1342 7663 92515
1727 3461 248741
7178 8454 176272
8889 8824 344202
9611 8128 84969
6759 696 1305669
2096 1992 554412
8211 9381 71792
40 925 40218
4834 3881 2552912
5711 8817 56355
9035 8903 277396
3188 8327 322055
5927 4037 72641
2892 5176 1151553
8149 144 520191
4306 8879 438290
94 8032 800480
6726 5739 199352
6487 2771 247370
3607 4164 582997
814 6969 144719
7843 9671 693152
6625 1844 2303
9809 8635 927744
6697 3495 797028
8265 3469 130238
12 3018 127424
9540 6734 802219
5567 9009 221192
205 8938 140281
6846 4779 972545
3817 4979 927836
1315 6392 262626
4689 1358 498874
1121 7173 33362
2842 8251 53448
1982 5943 114321
7690 8260 524825
3195 1339 1813794
9080 2148 1341729
2841 7218 30248
7667 3286 393851
5848 3703 606920
4587 1439 82953
5333 2216 163400
3923 4519 268264
2472 8549 350075
1103 7653 600134
1441 4771 311620
9491 230 289386
9410 7774 250902
8309 5586 425380
2120 8153 332723
2872 4654 958805
2081 1605 195434
6056 2465 242693
9754 9338 83297
1039 8199 1693410
7156 5239 52780
2998 3821 82996
9135 8423 1005736
4671 95 898302
4324 6104 551779
1565 4592 538592
7466 8344 583571
7745 869 3683812
9426 6477 247499
7980 9797 479377
577 6804 397848
5827 4312 286574
3960 7728 74475
3559 7416 281743
3362 7576 237445
5675 5211 267681
1614 283 1152356
9282 1270 266052
6676 6032 797390
6004 3336 528164
5551 4818 67952
7144 2715 74041
4477 6003 76772
7288 9041 382169
9068 5966 149245
9329 6212 184963
4565 3850 381862
8628 3835 210823
5655 2723 1992331
5210 4109 945412
6740 1685 308883
890 2813 730269
3724 1928 555188
457 8415 914554
1770 9285 54645
1589 1814 726339
5408 3456 397154
9727 1956 1267441
3555 2748 283210
9 4793 1046840
7501 3904 9324
1437 8300 237438
9119 8424 657601
8213 8768 93447
7419 5728 178814
2247 5014 1038914
4858 4429 247253
194 6385 670328
4360 9861 274213
6569 8547 234914
4346 2017 2079803
3015 4490 312576
7311 1668 441230
5073 5759 13828
8196 2235 38174
9283 5612 407060
7801 513 38911
5500 4354 226530
9123 2634 124532
9270 4652 595390
412 1828 2399814
8682 8293 230117
4517 1843 272390
4984 6830 935627
7900 4604 395145
376 8056 1005226
2444 9072 134192
8454 1340 298169
5095 3403 156976
7532 2043 38383
1846 3542 940316
8391 2198 770716
5490 3368 205774
5889 7248 81113
9387 2792 738093
5317 1769 1233130
7747 5718 1968224
4114 4766 146651
9294 6395 917510
9488 3675 36124
363 2212 542109
7108 2448 607179
6682 4926 611319
721 9483 394573
8346 9027 786282
4424 2471 212811
9505 2288 734166
6528 1830 667707
1056 3626 264394
390 8111 803689
2327 9390 1040367
5447 7811 90212
8266 3213 256260
9666 6699 33421
493 1547 366943
2542 7901 281025
6308 9067 1066416
9553 4861 313495
5249 7368 195466
6175 7394 259011
