197
7272 3893 1286791
2994 907 135921
8486 5955 165475
3393 2259 92232
1918 215 257225
1159 9591 255136
2748 7668 158735
7592 6075 617773
4620 7897 293832
8850 5333 26072
322 2946 313333
8837 1339 37284
5327 6111 696129
6105 9581 296483
6040 8770 594857
1142 1870 1099376
3372 2658 720994
4829 9096 328590
9750 3187 267182
3463 1174 264
8418 706 79776
1820 687 362862
2437 4003 2181847
22 6912 86550
421 7376 672300
5074 4197 204493
5864 6162 269236
8527 2301 549460
7579 8359 1168032
6391 7417 38416
1652 4328 257389
657 2032 954920
5374 7670 730434
5997 1096 576662
3524 3796 121613
4917 1386 568774
6140 4179 136783
8336 7397 207035
4639 2148 335898
2747 7648 1842774
7360 7723 454984
3421 4375 323706
4935 4905 703592
1342 4146 508199
3546 5008 433842
2168 7739 264969
202 599 304417
5938 5849 195708
7669 6764 1884213
1222 4905 207915
6399 2931 502045
6628 6184 1027648
9710 8821 842001
8005 6402 144544
9876 6619 926869
4000 8110 490978
9205 7967 159397
8825 7253 617122
3177 1483 1461448
7962 9589 598005
1730 7334 381763
8781 4917 123937
8024 8764 661161
8114 5529 744975
5184 7725 226105
7274 5207 7086
3858 6767 254029
4579 7486 500690
4548 480 388527
3918 9085 185254
3736 9313 434658
573 2739 380288
5690 5743 497856
7601 8214 614022
2210 9131 385942
2878 4061 136624
8601 3620 339627
5694 7523 557543
675 2440 335778
5458 9493 346181
7223 7121 100769
976 1675 1116870
6805 1046 577677
186 9044 1493905
2049 3191 413767
9980 1556 416319
6186 7309 177610
2111 1725 367752
308 1854 214262
956 8904 512817
3349 9974 727787
5794 2782 622868
648 7318 464278
9454 8126 296644
4352 4216 317187
4527 9612 98317
704 3029 529435
8573 9901 25653
8313 7731 691661
6105 3896 1795472
8854 8963 67268
471 1390 306482
2503 6091 69959
9486 9933 134827
3149 9590 429642
6352 2327 926042
5909 2998 62785
5600 5798 802141
7909 241 44840
8462 9362 99408
1068 9232 18594
7886 1200 202134
8114 8440 124889
744 3138 1358097
2801 8250 318865
597 9366 1483547
1939 6076 695689
7530 3516 605957
9997 6426 1180870
6160 2810 273487
2788 3045 1383914
9798 152 283506
7513 1567 82102
6334 9947 414342
2901 1553 515487
797 1611 140187
3259 687 339232
5513 6285 103665
5015 4207 58564
5831 2313 99746
1843 227 934891
9530 6095 1311609
4394 6705 976181
4101 2371 480699
2432 6045 1354251
9331 9521 199872
8198 2553 318426
6743 4928 72538
9924 333 70296
2662 639 1620316
6127 4904 422238
1169 377 835962
8712 1922 432262
4882 5493 686486
2088 8813 618162
7011 3524 649417
2731 8249 154000
5239 5889 538586
9344 917 55091
3722 1355 536970
5449 20 82594
9734 6549 182526
65 5903 313963
8440 5433 343065
352 9200 262444
804 173 1782863
9005 6952 677840
7483 139 146858
2204 716 149077
6412 8388 397705
1715 5219 513081
1872 7865 181600
5060 4038 1874657
4809 5693 115944
3325 9925 1615308
3123 1664 766401
8352 2082 189371
3943 4976 186465
2058 6451 43700
728 1823 122587
4234 8686 851158
8978 389 1479302
641 9623 1045745
6725 2265 1139054
2107 7925 768390
5636 6013 567006
402 4313 856659
942 9020 160432
2850 2037 158852
2020 8822 630253
2071 9555 921132
9737 4950 30792
9669 9585 252301
5199 4524 82571
4279 3787 484863
8253 6333 643264
1122 3631 234020
7688 3087 952738
8429 3648 362527
3810 3476 1299901
3173 6002 447223
7965 9251 141579
5167 1569 383609
5772 6773 294850
8127 7532 186959
4048 2034 719501
2280 5474 559113
