197
905 9817 717286
9987 9496 502626
2589 2880 185507
4231 1272 1232257
5314 2608 284770
2185 6790 2198175
2481 1557 1201590
7205 1248 353729
1987 1315 670157
6181 72 1261339
2409 165 63853
1646 3578 792598
8163 7543 614125
9140 4698 964610
2636 5029 433787
2844 8145 960708
9931 7378 1062606
1237 7970 1429630
4265 5055 91218
9772 2262 221577
949 4668 567588
2812 8577 771097
3995 6257 13845
7939 2885 284136
9938 5673 1439806
2000 7344 993348
7958 2385 220535
3158 6140 190246
829 1009 238979
2803 9826 94310
734 2064 1400257
591 2877 253808
2917 7879 929207
1867 7629 353863
5662 9299 1259126
9437 950 217683
9655 8695 263448
9993 6237 1058351
3303 1346 97333
8641 8117 174946
871 9541 1378271
8071 4736 905810
9519 2567 193553
8968 6978 473772
1739 4859 2045110
5229 8939 73906
110 7106 227251
2984 4229 170982
5626 8286 37900
7731 2188 179393
8502 5280 181535
5 9486 195138
1880 3569 182976
4726 2915 345412
1093 3549 208555
9930 4614 434818
6713 9378 19228
3177 6095 10898
6028 5930 659555
8437 5183 158892
960 4779 297915
1768 4972 214901
5787 6865 32044
9677 6494 756677
1243 1677 87793
8491 9348 246245
6199 3426 60056
8064 3343 983482
4190 2477 2583300
7058 8 435022
7908 6651 206850
8780 6262 796827
2259 2869 14726
4678 2831 51098
4245 7038 506244
3784 9123 538163
7939 9810 39014
273 512 698628
7832 5921 1168893
9795 845 322841
9305 8108 377937
479 2101 587367
4511 9403 659276
4711 3274 22428
2894 8013 75946
8450 1539 47450
170 1315 424452
8675 4953 612368
6483 9811 119873
278 3791 578931
8048 5425 262554
754 6650 41438
2740 6913 119861
8323 711 9805
7085 7395 336890
9155 6278 111172
8643 7761 9428
1548 3563 153089
6459 9384 78308
1362 2800 903752
9592 4376 348972
7508 6799 313270
5995 6035 730121
667 4549 534493
2028 355 377534
1432 3153 1716921
4672 898 382228
7259 3267 203990
1679 867 1211716
30 9570 560584
3672 2396 409277
5204 5952 82519
960 4417 467061
3864 192 384028
7714 8275 423171
2653 2058 708458
9617 6061 164527
7024 178 68420
9272 5034 2183738
2570 2059 128298
6389 7472 621073
7064 7518 281767
2829 5890 42235
5007 3117 296320
3757 5529 14305
5865 5129 177041
5128 9994 1404889
6214 5660 79020
9296 173 92338
248 1035 338006
2181 6100 185777
9272 5395 605284
4237 1767 1236113
1236 6511 710118
9919 7614 67588
9435 4413 1038191
251 2953 705073
4043 3610 570936
196 2794 784315
4453 1848 56246
8278 5878 898999
8277 3254 344234
9672 1912 461621
9587 8074 2414493
5395 3282 281916
356 2790 499924
6027 8882 515858
8662 3818 212260
3251 1718 243136
9339 6160 458821
7224 1715 994266
2354 9432 329672
598 2690 344250
5268 1338 554211
2587 9181 63531
4939 1758 651033
6526 3250 760735
7823 6054 519329
5215 3393 605024
1310 4296 59469
6312 5161 1004879
2522 2046 861461
7226 3823 88388
3016 1551 315866
2267 887 39330
3288 5922 768377
9527 3505 323668
677 1610 323380
2461 2758 353478
3676 9355 220683
4675 2511 40057
4510 4234 279925
2170 9753 28406
3871 1517 449609
8736 416 1305242
3516 6719 790932
2464 2885 1144490
4404 6450 372843
9509 5240 270267
1382 6652 523611
7806 466 271596
1128 6918 270620
766 6334 189864
1244 5023 55599
7010 9445 32401
152 5477 303038
2988 1723 126195
9174 6001 2712130
8833 6183 1223565
3526 103 328157
8561 7630 624407
3509 4692 453531
7866 4905 459467
3878 7578 520998
4602 2166 327859
2382 7648 314602
3501 5488 642277
