98
7019 4721 68617
2384 5187 489762
8607 6559 928249
5455 5260 2384131
3345 8384 734921
1798 3255 510797
6100 2541 64259
4259 137 940576
4873 9683 355588
1730 7718 138252
5501 9705 1308105
841 7333 1352701
1331 2095 1605685
1602 3982 2125595
8707 5004 34277
1174 1857 165033
7508 5101 2164021
1901 7150 1726308
6587 7099 826765
7778 8360 1556081
4991 8690 350670
6819 7313 241731
9419 2804 873226
8003 4519 699853
4614 3847 1068237
4027 2822 682231
7897 5320 404489
2638 9695 43910
223 6554 2936302
7812 2204 533042
998 2912 683472
9937 954 724140
9518 8019 294442
6854 3144 1387145
2132 4383 3862136
5028 6149 874864
2248 7327 1179053
9826 4169 504388
8391 9223 2110911
4874 160 1830276
3056 3947 592312
3556 2930 118873
3175 8205 217603
3398 3226 89727
1453 7170 236577
8770 1493 669644
1538 1494 1058002
2849 6834 321430
2188 5307 177470
8022 1690 398339
2441 9398 3658893
1704 9161 2307712
4863 9452 597345
5577 274 23766
7111 2343 353326
4381 4219 1301688
9038 2568 1192376
4978 2684 960071
3046 2003 740446
8822 6190 470864
8794 5887 626951
2612 6138 42018
7019 8998 1238931
6505 3100 1582468
228 5656 689001
3817 8874 749204
4104 6621 3591848
4513 8697 932516
7422 4799 2320115
5885 8753 152696
2203 4480 1391220
5721 7079 2143069
4624 4210 781554
4295 7832 8107
8790 8010 1371750
6528 4809 2791060
8760 375 584726
4427 9892 3091071
3922 6387 808539
5330 348 981810
9708 5224 3290989
2636 6994 1691833
4551 4353 20560
3205 7230 190371
8227 3127 1164831
9237 5169 1593781
5257 3759 1315735
8958 2001 1260701
4013 7260 2260206
5382 621 505493
3449 5654 1174160
7206 1723 132381
906 9935 111542
8707 3030 734924
5275 8761 30110
5221 6928 443837
6162 5870 1363961
4155 4129 585226
