98
3755 1111 357933
6126 1086 1171408
88 8824 336812
2802 2883 39826
4186 2104 2239913
2428 3189 546651
6952 1732 179637
8428 6836 955779
167 87 3352429
9714 3268 153796
8610 9857 2255148
6511 6896 863141
2309 6166 565584
7689 349 1081475
6500 8349 628079
5192 5818 784172
5659 2805 1971908
1744 4626 212209
7542 6610 1226983
6710 3706 1848235
5996 3627 310955
8832 9158 140250
4237 7344 441507
8365 6771 641739
4053 9696 621955
4910 9159 263728
6555 8597 2189956
9666 8347 1028590
6618 6706 282495
5788 2797 2446852
8372 4174 339756
6530 5348 3208172
2177 3112 619001
9672 536 802373
1931 1932 928880
4628 3070 344721
2330 9285 800764
4324 5201 2213
634 4898 145011
6635 6264 487849
5856 6128 2028335
5992 7275 993019
8607 8160 269970
8993 9609 1675528
2553 459 378216
3153 8588 1345637
1442 6550 205882
4709 217 652548
4514 8878 567558
9496 6922 302782
8219 1939 24707
9697 3419 2746329
8018 3687 588017
5149 2341 620710
9650 459 292628
8231 4735 328901
7955 5954 78963
3126 6316 1159315
5147 9671 1833265
8632 9538 21258
6616 6570 798079
9864 6288 900670
8407 3895 875472
3749 2269 1330882
5921 8207 1490443
5264 4831 1519960
7742 37 3450794
5212 3455 156789
5312 328 305053
2075 5394 4661884
3225 6217 702528
1300 4604 158065
9728 8101 548068
1706 5082 206721
8853 2559 2253713
3897 5832 75397
5767 3156 506766
5873 3106 851543
2287 1016 477449
4980 1309 1435009
1853 4024 1281474
8459 9636 1332535
8965 8666 332518
3117 2407 1543421
3128 4969 3989178
1948 7712 1433750
2754 4351 1594007
3209 785 2852784
6854 1523 1428124
172 4629 1130600
8769 9895 216926
620 554 593128
7719 1023 69563
5148 5056 2486408
5958 6000 2404722
7198 2116 46490
437 1588 50481
4531 7572 1577153
