98
7445 5711 1706218
3517 639 1227452
1306 614 5239646
921 4921 115123
5030 7298 1019292
6314 9471 1013470
8362 6122 810006
4200 4451 543083
5254 4531 520785
9625 2670 594142
2457 9132 879225
4104 358 2477113
6010 2921 2000769
5336 1091 648070
2612 5676 307940
3709 8351 747510
6717 3450 854574
3648 5458 905238
8631 5540 791028
3485 8706 657822
2050 8727 1434807
6488 4504 280114
6846 935 910325
7756 8034 194065
2058 2824 1414742
9375 4447 52079
8484 2553 2937790
5917 8725 1735146
1521 728 5193688
9048 4043 488629
5126 2002 388106
4562 7247 520012
9533 6079 129843
5958 5496 277461
112 4489 92605
1593 1508 808275
9757 272 110376
1385 8047 2311049
9048 6630 479801
4000 5771 26371
3546 3345 170879
2441 4456 1249673
9421 9065 368995
9129 586 223627
2178 6576 1556564
3179 9132 2161446
4258 2676 557546
1285 6318 3428743
1077 4675 674026
6916 5584 897282
8005 8573 726745
1013 345 1318102
6576 6620 1354299
1023 2493 174737
9470 1349 281021
5146 825 1493643
8838 9241 124236
2449 7289 348592
6635 7317 2020423
1855 4210 526426
8027 9726 748485
7999 9698 107317
649 6145 1033952
7209 7882 549649
8319 5383 263613
9708 8089 2071669
3181 3861 927811
6421 5639 1218262
9801 374 535268
1048 9888 866676
4814 4020 2149473
6743 8452 342486
363 487 337199
5529 9088 336577
6187 5835 1812187
3255 8903 680591
1835 2878 742000
5375 7183 169652
9129 2428 40137
648 6042 1249272
7581 7756 796264
7883 2204 45701
3378 1145 101725
6966 5275 514819
8886 3235 3576533
7396 4099 262391
7424 2388 399783
5734 9942 5593326
1002 6548 5448
1010 8857 2500718
1728 6989 779277
7747 1202 432279
5597 4796 986819
2546 451 1782955
8130 3727 445159
8857 7341 438800
5133 2447 1578418
3480 9311 1076514
