98
7338 9083 64877
9025 6549 881005
7821 7821 545293
8784 8537 1361849
1959 3928 710892
6249 2384 1777151
8039 8945 1364687
7077 2996 120169
1474 5224 425169
6218 1376 408311
8475 8353 2683728
1562 112 213271
7439 4033 190641
8778 789 553693
2215 5299 1053155
229 7482 1007509
8347 3160 798660
3868 4007 150651
1925 4096 259226
5890 1525 2988063
4748 7310 187713
5574 9928 296225
969 6441 551652
2903 7814 1135652
6571 984 1029496
5532 9362 379925
9243 2974 176563
4057 350 477638
863 2397 820990
6108 3192 820439
9949 4110 848280
8600 5624 794922
2915 6496 4827104
7603 3971 592912
1688 8797 110740
2560 1411 2056120
8235 4977 516695
9014 2024 1845385
9455 4828 469550
2612 9218 1449686
1327 8768 644124
155 5152 3089512
7622 6642 747035
1216 645 221682
5882 3171 2897879
5476 1491 319746
2144 3768 734940
3857 3113 55338
6425 1935 472728
4711 7134 1754795
1790 2530 332542
5440 8328 3371845
1795 6859 756568
7998 9766 506108
5215 6616 1566470
7861 6224 849201
2797 9285 898741
6681 1052 387165
9833 8282 411142
8313 9423 4373
3428 2176 379896
287 5187 464974
4345 1778 1291493
1245 7242 557679
9059 9968 891587
572 1717 1526428
11 2828 189934
6746 1589 665840
9597 8344 974978
466 7518 164720
3017 3542 2307804
2219 8451 325112
3537 8521 1750172
2646 5192 134895
3341 1482 59641
4440 5490 1373351
2431 3944 3555218
376 5362 543394
4986 683 186121
4199 2004 2818616
4870 4817 367166
487 6874 429858
8763 2573 1849413
4047 8250 908034
7173 6368 2027591
1385 7709 2055107
5319 1030 948464
4371 1635 2122469
9610 8142 2021511
7465 9700 1379658
6542 6344 85862
3176 9133 1606381
8800 8192 1979318
6496 7435 1376613
1015 2834 1101557
1876 3536 583397
7038 7908 1761678
9411 2710 266449
