242
6000 6952 374782
8331 7700 49410
8648 3374 103254
7077 9256 5624
8850 2793 167430
910 7057 60364
3457 2538 849428
3266 5487 264175
2037 3626 834743
5480 6437 429032
6119 4759 10331
9430 1405 448401
4016 839 95567
7463 7636 176883
2307 220 968985
6782 2693 711367
6649 3976 161882
4192 5166 1155625
7666 4921 70055
1730 5742 105292
4795 1532 251261
603 5214 348759
9100 8621 55931
2397 8543 1645407
1398 4579 49903
7494 3494 18082
1786 6917 372889
6075 2254 397668
2270 5874 90757
3526 7172 557243
3829 9760 887410
7040 5876 283422
1848 449 67733
8033 6680 464641
1409 5863 215850
5869 8608 392738
5266 2723 679434
3298 4263 117180
2896 8253 407390
7731 2657 231397
203 6843 21914
4807 7660 224817
6194 3263 310121
8745 2147 408802
6991 1414 66036
6207 9484 31926
3021 4177 272867
4550 5492 590707
1259 3852 158454
902 8683 137112
67 6034 164742
8607 3199 91104
8940 2055 544142
6175 4912 1374018
7421 1413 556126
3897 6892 1591907
8384 1553 195170
3866 9353 788590
510 8575 201485
9941 8287 48538
6312 9622 1658
3385 3707 498007
1093 593 562057
5117 8953 1076388
4882 9692 57032
5833 1345 177332
5398 2621 231696
4194 3525 210135
5639 898 55015
6460 6765 119328
4555 5010 119469
6441 4168 596507
1441 5627 389026
9850 6698 561235
6757 3429 597866
3761 993 804708
7211 5565 697748
6652 6703 325165
7980 7192 227685
9843 5049 708203
5356 8438 313874
6953 9014 289309
1498 5322 66648
2249 6467 208865
6633 5960 68916
5958 1132 993697
7381 8472 440926
2043 405 67936
4100 9610 1322372
7251 1568 88664
168 355 267854
3151 1147 726852
573 3534 285115
738 8186 109434
8374 9674 15574
924 2418 95113
825 7884 2614713
6189 4133 851486
6641 2701 1278807
1613 6927 200346
8294 1750 21340
7504 9471 60977
6466 4986 79918
2926 5848 52758
5403 3300 366210
3093 8305 248739
3418 5992 303032
3468 2053 132586
8462 2782 719019
4631 6097 102321
2919 7517 181140
1336 3501 331685
9114 9835 417934
4961 8590 196042
7763 5179 158263
3539 9511 77711
830 8200 140436
5468 6446 159484
8353 775 747584
8878 4561 248712
5402 2941 1701181
7977 1573 1064887
9527 7148 605040
5690 2958 712165
6543 9432 303249
4287 3214 503430
811 327 55910
3989 4083 39991
1646 2230 1149912
193 835 122917
41 3642 91842
4817 5423 417893
1219 8230 850285
6802 8107 292493
7998 335 168474
5280 1969 251282
8288 237 299622
3246 7300 967003
7960 6067 485724
8734 3820 649869
1766 6381 766103
2550 8134 1223875
7663 651 109270
439 8311 100048
2731 1241 87291
7220 2106 356650
2049 3409 698302
2427 7114 89129
5776 7580 135773
5530 3238 210578
5059 7704 441689
9784 5212 299817
9632 392 167267
129 8830 413275
6029 9885 315384
4016 2432 838129
2983 7440 313199
2606 291 743007
1252 4210 159185
1268 4368 76272
858 3919 213175
9206 6631 420780
2711 8678 710166
4765 8943 612701
6136 8073 342102
4091 1597 214936
3789 2181 9093
8961 5651 68935
2788 5792 253554
2114 1065 124808
4610 1408 26170
1036 6688 311155
1014 1713 1090797
5765 9584 3521
780 3462 167815
6249 7703 68840
4861 3174 1026985
4527 275 205466
2356 1596 692284
9556 5073 322783
8350 8285 309134
9521 6786 534266
9797 212 19207
9476 7632 883098
4509 2518 2787597
6023 1115 969895
4332 1422 368494
5866 3368 111411
7163 5 306726
6040 4942 102668
150 8617 1992674
3188 4058 631379
5241 8474 248836
2562 4165 123131
9233 7508 1239035
4684 4544 318892
9536 6064 568145
256 8327 946030
9579 9238 255382
7305 5872 714946
3288 231 914296
505 8112 585937
9078 8240 169255
2357 6202 69727
4064 2508 555307
3558 7612 128955
144 5113 948370
2238 2391 697200
6046 216 124431
9238 773 1120307
5597 4258 109311
800 362 67550
9935 4443 215780
7425 6398 892832
5493 3666 57665
5483 7586 114025
9499 9533 467756
7470 4800 401314
8060 814 629238
7756 1916 190808
7471 9704 347989
1437 4557 385784
1209 3191 90988
5538 2732 61321
3580 4064 412521
3166 8016 453925
8518 1477 286683
9000 5060 159576
6074 2300 390106
9660 2698 267515
1684 8354 234596
4061 3925 81179
3305 314 404109
9426 4533 61071
8344 3320 165506
1210 2458 268088
9366 2547 851594
6812 7346 1129274
5417 3210 506157
8919 2610 250665
6303 7710 501079
8433 4020 210831
