121
5056 7886 1210977
2321 3178 48554
6864 7697 2253426
7690 4915 76218
9532 7018 939357
7641 3586 406481
438 6189 26641
2135 3055 1042041
2391 9271 150282
1199 4109 563721
5350 2096 1710891
8868 2373 19321
636 4761 2256307
8492 1630 370555
7243 7025 7148
3577 2778 317356
6468 6881 759463
3310 2587 71615
2558 8944 588333
9500 1382 332807
1601 8981 1253042
1490 9527 1331480
2126 9545 156561
4138 4963 685923
418 9855 863309
9722 1056 55770
8341 2671 219500
8779 2654 881735
8323 3864 238835
4400 7829 82325
2309 7560 169456
7874 5031 600427
8294 2905 1197038
8519 496 854458
9979 8864 12015
274 5748 587914
922 9198 1332325
1504 6975 979120
4304 1476 445595
3092 6656 855582
4009 5306 511890
9239 1398 533283
7038 7086 2871550
337 3593 28414
3985 2658 1644381
254 3896 625673
3032 9552 92583
8301 7485 937018
5644 1893 855521
5118 6316 484642
9327 2646 1295508
3803 3069 846785
8514 9224 827664
9727 7520 210512
6038 6208 991315
9715 1897 902549
7497 4078 1044578
1953 1691 764496
6278 9244 9234
1564 9015 2210612
4203 896 543515
6828 7759 2291313
1721 7556 93832
1349 7785 630232
1496 8159 2136769
9818 7525 1114228
2967 7365 1453210
9890 7772 4001261
3340 8991 418067
5602 7856 50642
6851 4543 63621
4411 4187 478038
7713 4818 14590
2870 5705 3187814
1863 935 1248156
3614 7316 510767
5003 6273 458445
1587 5835 17916
655 7122 231214
2494 7613 858281
3340 7907 395735
7960 2089 391654
232 1231 928841
957 3031 1205952
1200 1420 175079
5764 6395 225768
2191 6240 2209429
5158 5144 47455
3577 8380 711485
7579 1252 1304528
5279 2826 249969
7607 8214 1280072
2658 9146 456505
362 5642 703375
29 2456 70036
8583 9024 52367
2497 875 125864
3191 1719 833416
5702 2530 751549
3096 5497 32470
2334 8160 193610
4374 478 896347
4712 4273 639530
5508 2876 44027
9667 2053 287063
2008 2721 2361602
3922 1669 1789378
853 8181 422802
5804 6073 710834
6663 9527 2823662
1900 528 2471055
8134 6644 1084192
3786 1188 740889
1573 6231 867751
9029 4898 91646
2534 1937 537543
4984 6501 241808
2333 3903 1868986
1512 5938 2532339
1157 9148 2659269
5181 9335 1140095
