121
9222 5973 481857
9288 1969 151653
2023 1920 1567224
7873 7355 1793337
5461 9514 854790
422 6906 860919
5538 8621 856792
1304 8345 1356943
1985 464 1157938
155 5137 1098460
5823 1181 1141972
9966 5093 1626960
9762 7276 2788680
211 742 785648
6320 8099 261695
9913 4942 1454843
6529 4491 498802
8000 9805 172410
6147 5724 1839494
7763 3355 750002
2155 6221 679961
3637 9534 508090
9174 8529 2102668
7799 250 896535
8148 3605 1113881
5473 1850 1554611
4934 3393 35606
3011 1233 1285988
5173 884 775543
56 4948 334380
7220 3376 311315
1608 4885 572906
6964 1603 887346
8262 289 1301114
7036 8103 1535350
8151 7073 386518
2398 8659 997552
2192 7785 3071976
5566 5981 1684738
2888 901 751787
6414 2475 366143
3367 8929 265709
4931 8457 821427
9469 5684 1037746
2926 8214 539197
8200 2585 2418301
7746 6523 227290
7360 4694 604534
5801 6357 1249421
20 6297 1114978
7065 2483 347115
9017 8722 1066553
744 9267 1477250
678 780 1673655
3984 9344 1974080
6707 7346 2924153
6710 178 1692621
3696 4794 275096
240 6924 717869
2475 5809 116845
2487 2535 317034
9166 4741 913680
7542 3718 40551
615 3833 765186
6664 6985 682601
5000 1399 73920
1891 5639 205259
4954 7663 1084095
3553 6394 128876
2882 7961 697834
3837 6222 209735
4123 3128 226874
4327 900 136051
365 2040 163109
5811 2061 267471
1651 8904 837770
3617 7637 582026
1766 2616 428058
6478 4496 460088
3346 4706 768280
6650 4288 1381632
5112 9526 962749
9547 4176 173564
3260 1507 102302
3986 1540 837740
6861 3757 829953
5395 7889 383476
36 9178 686959
8522 318 576246
5043 1196 802104
4163 2614 929577
9801 9029 1094722
4031 1451 715463
9555 6777 1234372
5351 2829 294625
2666 7588 221411
9142 7563 1448766
7898 2425 746343
1799 4104 472412
6099 7496 2101211
6010 9612 430153
257 4543 315244
6618 8700 11836
3936 6175 555044
49 4088 402427
2587 4151 1815194
4732 786 339184
1976 7552 338287
2475 9066 119774
8547 1457 480117
1767 5153 825170
7032 7273 115654
3947 6132 580023
9185 5580 987573
6565 3650 113265
1809 4619 171533
7214 4795 110438
9573 1160 1142110
643 83 1744211
6279 2702 141650
4109 2692 1078721
