121
3357 3226 1120527
5977 2070 844189
906 9209 671695
6686 3955 418148
8455 549 175591
7657 4514 2544931
5189 1106 316626
5914 8392 41199
4464 7987 334751
4782 5857 819550
7500 8455 108783
5851 1485 465645
8003 9085 665006
7885 2746 1019327
9680 6085 977146
5650 4728 514972
3025 5998 59021
7561 3504 144053
9096 4222 80112
1201 5128 440208
3681 5053 1082260
4403 8399 1532965
9875 8415 30060
5462 1986 588811
1141 6078 32539
5810 9753 1709062
1051 6712 1097930
1600 5501 526746
3241 397 347459
6331 5659 1172089
8228 5001 2097278
1224 3121 285340
9395 8730 886475
8552 3838 505069
3440 9418 1992886
5814 8556 338403
3420 154 112728
1651 4242 1895147
4184 3368 1786190
59 8249 111426
441 6144 192777
7346 7662 11547
3969 1828 1405791
5430 6696 957654
5627 6072 943104
301 5351 132529
61 4410 57044
1069 9988 527259
1351 5712 357718
84 4479 330343
736 3457 1475341
1863 2197 190244
8545 2328 1741225
8099 1927 208337
1054 3469 7839
6939 4439 3042040
6578 9611 1187653
8238 2740 342684
391 649 154816
704 5157 143305
5031 507 1588557
3308 9198 512463
264 1710 1454581
5959 7126 802077
9948 4920 136970
1277 8561 65509
1284 6376 137621
4582 2251 3315915
879 8743 1613481
7559 1983 351707
7615 3769 474694
655 2907 1828974
1 887 761665
3333 6290 10679
6448 1590 1296100
4849 1162 28224
743 4621 475102
8208 3553 3223189
1536 5892 2699891
8846 6237 117611
9695 9562 134668
7593 2551 481379
3430 6299 894973
443 907 1088506
2946 3960 816263
8860 3915 43353
9630 8984 203542
5011 167 791805
3713 5552 650227
648 5476 654567
3095 5118 1672953
6395 5398 88599
2724 4682 184111
2428 2906 298595
6421 4120 3271876
3028 1124 1704953
490 6980 812754
4556 1189 130276
9165 4491 906752
8528 9356 238735
2032 240 385043
710 6377 2364930
3488 4948 358607
3574 3834 651963
6996 2598 1190875
6036 9693 245144
7095 7970 838323
5024 619 137932
1396 1705 145868
2342 7049 169793
4552 5134 571938
1675 8268 124519
3759 23 1346758
1519 4755 1017254
5108 5423 160796
9276 2310 3963075
2975 7313 488448
272 9486 1403009
8135 9861 2592539
2784 2443 2457142
1406 2165 120554
