121
1687 8093 975472
8191 5395 1816565
4295 4904 664807
8431 5091 1040277
3994 276 364390
4269 3583 1328556
1535 2868 220239
8230 8553 1324401
2556 2067 1069723
2137 25 774749
1361 4445 170853
1104 9032 1107110
5243 7183 471245
1484 9884 855195
1931 4498 88033
3209 829 1332729
2646 7989 14824
9342 255 168243
2317 2458 1588517
5801 6761 528992
2833 5489 254084
654 3838 32703
7760 5558 359645
8990 2648 1015847
4980 4290 48448
5670 1206 84773
8630 1839 2510924
1637 2664 601771
2728 2353 397795
7872 8229 172707
3201 8846 52174
7852 1242 781717
8831 6497 376019
9441 5927 3426484
4489 2534 205084
3355 2201 1854349
3263 5368 338893
610 8635 1243932
4959 6380 140745
8851 2798 280955
8756 3137 65434
979 5482 954432
525 4525 2342335
2513 4544 184304
3967 8941 9778
1677 7232 41395
9392 6465 1159549
5195 3153 2176781
2318 7045 240739
4851 3393 1226529
6354 5886 3609469
6371 3748 280129
2745 7845 380175
3523 4028 179345
3511 1967 721080
3336 2168 4948
3620 3855 2138356
6102 3509 604968
5655 6787 799722
9773 6084 153432
3262 6866 1105434
9056 9139 1182667
2759 6025 740957
7203 5109 12807
267 7436 90956
6761 3827 1160619
4199 5171 1565460
8358 5685 174638
7961 6881 28334
906 9200 841578
3068 1287 777222
2340 8973 668972
4366 885 305278
422 398 1078935
7854 2066 635030
2960 6607 497773
99 8044 127314
8433 6261 538690
7202 2042 1094504
911 116 442435
7248 8513 1025029
7780 2752 457225
4239 7846 129087
8596 4863 194816
4405 4056 244685
1205 3834 892237
5927 4182 1433350
1920 3696 54368
3338 6156 1044735
8440 115 1308382
5412 3961 377047
9008 8726 1362775
3208 8083 9543
911 8530 1747305
5283 2287 588750
8719 4808 732308
1928 4932 46055
9533 318 702359
2734 635 228318
1033 7602 246569
3223 1490 870592
843 1399 365867
342 1451 20944
4636 7796 3369669
1335 6089 2436840
9920 8221 406464
8211 1797 4648774
5441 5940 423772
1848 4629 645679
1287 4600 1616468
1210 2387 1842556
630 9150 3234838
1183 2997 1221042
6649 3380 1517225
9964 9932 324372
3479 5222 704781
2935 6756 1109380
3890 5844 845593
244 39 432655
1910 3932 59015
9899 612 652059
