219
4710 6845 135130
7957 1016 410706
6716 9686 59055
4445 8418 542637
5857 510 368515
4494 7838 106321
9947 9175 644394
8975 3658 181297
5734 3768 347920
475 8821 240537
1198 9065 44589
530 3797 375165
6002 536 2971251
9565 1744 522113
8170 5637 65559
4018 3730 36969
6123 5637 404560
3486 8114 230195
8950 241 545508
7098 552 22279
1062 4483 593960
5417 6964 36049
520 2027 31992
2324 5497 171268
9058 8917 773761
5005 9597 317516
2217 5391 143002
9620 3881 221083
8517 5920 169271
6547 2809 31198
996 1227 38359
2726 4481 9365
6840 2942 1283354
2120 1540 2759639
2254 5344 984214
9299 1536 805363
7277 9350 328803
879 4598 457948
2452 5164 825967
3772 3911 92196
3635 3496 447504
3955 386 77408
1279 6746 119161
8638 4758 151817
3880 7580 873414
5866 3537 154725
6597 286 1096006
9118 6563 18076
5712 65 134573
3728 872 479806
1791 9004 40720
9755 9324 958528
2446 833 1661225
4787 4760 56823
3552 1877 286300
9714 8440 53251
2450 7899 532784
3199 3832 711860
5781 5118 115442
9404 1653 508928
493 3569 182860
9124 9216 35835
8686 9611 52405
4774 4963 317213
8957 8253 453572
3410 4040 429572
4813 3528 531863
4003 5821 609981
9834 3052 493689
9405 5106 1162983
4796 2049 21807
5100 4840 399216
6409 1980 1795897
355 5028 442867
536 7020 514900
4223 3982 162978
6879 4822 711806
1786 9598 182212
8077 5684 150380
1100 4503 38076
2706 8328 786635
4780 18 2359543
1337 9809 56875
4483 6630 643378
1314 6720 540426
9059 8661 166450
2702 7065 232446
451 3810 688271
9854 6188 1597104
9536 5761 127426
5747 3031 265287
304 1295 237785
3857 7156 458208
346 1503 790013
632 8448 138248
3968 7106 279544
4212 4550 116647
8361 319 84268
8365 9806 119839
5421 2333 168347
1060 3642 668834
4988 5800 126876
802 9442 977279
5652 3809 51870
2353 7543 862516
7099 585 288678
9301 4775 49141
1832 4394 54987
3774 3418 6786
8079 5245 54320
1328 1444 488615
8420 2090 276937
5287 6143 151974
981 1837 300492
7201 3239 1072313
5453 5722 2402049
9176 1987 569199
6660 2766 1539057
8215 6114 285304
2457 5048 580140
7795 1698 49930
7820 379 118726
8065 9978 114320
5178 9562 48161
6142 6822 807485
3440 8174 546470
973 9805 666698
5838 806 44125
6814 8628 167640
7891 7684 17216
842 3751 495147
2035 9224 750217
3808 7687 180127
2576 3257 16729
5432 4043 1252398
9824 2989 237089
1493 9903 120108
9203 8415 590195
9555 7355 597532
9477 8929 217565
5888 3686 63483
4580 7213 93517
1857 3683 508498
9615 1887 206037
6624 1817 361988
5191 3966 174285
3168 4664 245621
9350 3920 1301824
540 5867 290759
9510 9054 38163
3165 1997 2282977
4559 7561 1433340
429 8006 1446237
5141 32 95557
3390 5310 1183079
2874 931 865781
3453 5056 132456
5921 4043 130465
7752 6231 104496
6760 2984 314902
5341 5719 110541
4194 5302 52313
1529 4922 223028
4033 8156 59055
3766 3717 353220
8519 9736 477932
5408 7985 177759
5353 899 28364
6900 2588 354994
977 5564 500191
9643 6590 1330270
2088 8121 919243
1207 6740 1324948
5699 7964 499020
1445 423 249159
2574 2160 15643
1074 5787 207811
7675 2690 1530912
9481 1935 180150
5565 2748 7566
2165 8120 117678
9497 7640 341664
8259 132 1179117
2588 7202 39046
1538 8367 210946
6724 6153 91039
7879 8964 596688
8135 9135 1422245
1523 8985 324127
7015 3884 115905
6463 659 420757
5682 5515 429774
3766 5299 593053
3603 4274 247815
5069 4970 62858
5742 7849 1918681
9085 7994 47467
9196 3017 77297
4383 271 93251
3110 9904 1288916
3235 2010 788811
6365 2234 415132
557 7821 221924
4040 6101 1344502
4327 3161 29825
7754 9566 375255
4612 8957 391419
6465 1317 73453
7013 1157 92522
1596 3824 295334
4836 9590 277167
9189 2794 1074533
3538 6228 459163
9740 7503 285015
4189 9100 21960
5958 9144 14653
6411 7327 70821
7051 1481 563125
8119 3713 512022
