139
8588 6203 199382
9936 9630 392990
9392 6316 303066
9642 6022 1356842
245 2755 2136249
4299 5763 1040805
3394 2193 985166
919 1625 1439777
7469 6310 46719
9978 9121 2321881
4256 4276 1097726
9304 9496 1254511
4999 436 55697
888 6137 159642
4960 8814 110319
5274 8305 191636
1787 4819 28051
1050 52 433056
6762 2810 289994
6727 4493 19147
6421 3977 53158
7937 1947 9335
8655 2742 1460909
483 5811 916082
19 247 1556808
4965 9164 878992
473 6275 149874
3786 9388 607175
477 6814 3124390
8408 4067 931753
8611 7869 860634
6848 5105 567179
6038 3906 661649
2852 7411 437993
2830 6807 1989384
6100 7285 953946
5383 7435 131005
9856 4089 690654
6620 6811 818636
4666 1198 363929
2672 3714 256701
9846 7372 950470
6572 4689 1024734
1593 4520 35640
8140 2164 4655
7056 5295 625086
2868 2174 466133
4723 74 91322
4191 3257 333407
9970 6994 310583
3535 1230 247848
8273 7188 193937
5753 9750 53523
4403 6511 170011
4253 4156 685687
4806 9038 1274635
7445 9637 824621
5520 4772 32639
2006 945 466412
9441 496 316382
1630 7083 491689
7172 3737 2368263
5614 1166 41763
2354 9079 936213
1739 6890 1967054
9885 6263 465611
6050 9435 1414831
5631 1559 1202727
5081 4369 394212
4428 2784 38108
1395 8478 728247
875 8916 329247
3850 2549 721993
6365 3788 378463
867 9631 458381
2348 3703 597671
2600 4257 43627
4618 3214 1294069
9318 2136 2302034
7100 5814 110054
6249 6613 611942
4212 2047 1059107
194 3614 806761
3880 3758 2220577
4219 3532 332360
9609 9981 877236
1851 4118 287188
4165 2262 55684
5319 7634 521768
5620 5823 12356
344 1818 659347
4580 4676 3048180
9653 3058 14521
4961 8345 161891
6662 5513 412394
4407 8210 1286055
3514 3530 29109
3101 6998 945606
5752 2940 2457319
4974 7795 1050557
4709 7944 1135683
9064 5061 32476
208 8277 1238846
5894 8773 750158
3088 1727 276753
2283 5424 491043
9571 7523 473672
5223 1638 6775
8978 1854 37061
1356 8763 1986257
3843 9357 139855
8639 6752 2135361
7097 5554 423009
1855 3137 207981
8859 4490 160792
1198 7515 699058
7254 1410 95116
238 384 1738309
779 2669 1489257
7708 3527 306715
5247 9270 904545
3913 5967 1070712
1767 3319 2039634
1687 2755 1154691
8048 6027 427316
7147 5198 404598
3303 1542 1197358
2351 3530 647853
5834 1997 134220
5267 846 498170
8188 9482 104497
6947 9631 387312
5243 2805 955959
7871 8934 623426
2970 7279 515265
7391 5319 1345229
4191 2399 407855
5227 5669 580255
7409 559 252146
