139
5460 8754 896549
867 8628 964525
6250 9275 967994
2098 6755 1128949
7710 8321 1360445
1960 5113 500665
2566 6689 1434538
5175 8908 692163
7347 9815 321641
2799 349 311585
9165 578 166119
1236 9183 1202741
5392 7904 873844
705 5727 27512
6519 5639 1972871
9348 5640 838380
7284 9690 808010
9259 4687 2216872
2978 8103 465003
418 3345 2705888
9357 4277 586930
7507 6978 12324
8613 9961 845153
2855 2593 379624
6906 4482 208853
2780 9758 82750
3253 5311 267908
5851 2980 335030
8653 4602 843249
9259 2950 1444954
696 1917 239409
9007 606 155197
4422 6251 1027098
933 3993 326885
3773 807 600987
7530 9759 1303043
211 9761 59741
4267 7263 247908
6164 9360 1187145
7541 4558 362451
9137 8179 362327
2405 2274 555588
2817 5634 406309
6649 4630 125991
3876 4941 684491
2925 4230 1632365
109 8795 120138
606 2668 396925
9078 8000 1017783
3053 5170 108096
1577 3612 1265312
5377 1661 1080536
6061 2711 50393
9275 6231 794556
6696 8790 55754
7812 188 277131
3239 3523 7491
7561 6610 367385
2532 8498 182784
8346 2939 866709
170 7679 808112
4148 3400 605109
861 6249 1117176
5160 864 820212
9770 1138 1331463
2398 9968 141468
1943 3425 680876
5758 4344 131726
5617 307 290163
6553 2370 1755654
3150 9103 3098342
4379 4281 4811265
2752 6854 360322
2796 3759 249329
4881 5964 997457
4744 9282 169643
5270 9777 187769
6476 5608 393239
769 7123 352577
3377 9430 434228
5099 9970 1473514
766 4665 618603
8538 1461 387211
6706 7160 59064
7602 2070 1187353
3408 3829 770965
6195 7206 1289110
7105 7702 436196
5514 7344 255508
760 9372 555082
6549 3167 297974
3450 5296 1664924
9168 7743 478359
296 4432 1128536
1778 6301 307285
9036 3628 705909
8626 130 1272219
7873 5321 536569
5380 3518 507209
9082 1165 131419
9379 9630 245467
3001 8708 45095
8215 2982 456808
3146 3223 610550
2024 6333 224026
5357 1433 448590
9126 2606 966735
3555 9556 1124782
7751 6062 465944
9276 9178 526648
7485 1925 1430858
2545 347 352042
5075 8384 114825
3591 6851 2101578
3075 6813 314579
9654 1824 807879
834 122 16788
216 4777 700141
3024 8533 309177
9651 9436 2019734
8049 3011 640450
3668 1298 236727
1838 9065 237838
9137 3855 107982
4380 9397 861545
447 4508 157987
2843 4813 528515
1568 8006 155601
4970 246 2314826
6093 7043 409369
253 3457 1044962
4307 7285 454675
9455 5651 436434
5402 4742 1312922
5260 1064 380077
4213 1765 289219
8791 2795 570999
5025 2351 1763507
8930 5574 1283983
