119
7704 6439 1115276
6998 7171 1515087
7635 4307 466130
2883 9381 892789
4131 7385 950114
2996 128 33338
9335 3639 380945
9770 638 745877
1157 7858 913646
7928 8544 28941
6403 7939 423255
2714 5574 997715
7873 6561 266032
4082 253 1865
5748 5414 417389
3032 9942 95619
2205 4044 2618824
8615 4215 2206870
3323 8550 109637
8029 5132 263904
8094 5665 39217
7870 6298 521356
11 5460 3037120
9603 9282 1586184
587 9671 1185639
9103 3864 17386
1893 1111 1015984
9802 5867 604410
6874 4170 507187
2844 6464 2295643
7709 1824 198191
579 3897 1435251
6332 6510 425037
5875 133 141296
8591 2337 762238
4481 9681 760496
9969 4161 366018
8565 5394 10743
1294 2083 524388
4002 2406 760625
9151 3828 1288576
8913 1395 913365
2552 334 689465
1976 8107 3495210
8356 9461 2740592
9793 7500 62769
6575 9717 977872
8388 3346 1064994
1577 4497 24910
6307 5915 660905
3717 8618 469774
3308 5425 355571
4545 5243 1367853
5332 2416 138789
9000 3713 144
2205 7879 1683358
6266 5713 151761
6306 8357 957624
4023 7457 89163
6060 4855 3441914
2896 6478 218895
4942 119 34150
9394 7141 3143461
7105 1125 25607
5031 7445 2387778
5577 7407 952036
6603 6995 318205
4738 7501 180033
9013 9684 3536935
9256 4421 831368
1194 1655 466933
4584 9740 1420241
5840 2581 269879
7259 6629 445887
4541 8835 554135
3186 366 908941
2312 454 530917
1010 9961 313144
7353 4990 1763697
8289 196 863165
8133 1324 81888
3112 8064 8710
6025 931 15
1232 4864 3907168
7648 5797 53435
7982 1040 199484
9528 4637 509544
5024 8857 409441
1043 5101 239525
2776 1753 106049
5567 9387 32257
9040 5315 488664
1179 4663 3284812
3988 3315 325999
8832 5243 26010
4446 2953 891177
5792 9840 637241
8849 9166 415389
6238 945 1844812
2430 7408 801916
1558 2076 649258
8294 9806 1190150
5001 1483 132728
7116 140 2377294
3718 8113 78781
124 3497 985544
4273 390 2148824
5868 5105 1297353
4730 7883 1918786
7378 2190 466776
3443 6129 147977
1609 2277 192873
9783 6009 325662
8092 6650 318694
3154 2263 490153
5243 116 1012209
1683 8377 9528
1035 911 185793
4450 7535 1430403
