119
355 9874 161046
7628 9797 588071
2949 5666 849422
8545 5270 2632340
2309 9622 766116
766 6866 293795
6290 1826 809657
5419 7070 500106
4711 3681 1646962
8548 5611 649048
7988 7745 2361036
2926 4885 605259
5173 7775 68541
4214 6978 69173
9986 6501 1501655
6319 546 666407
9501 2681 568828
7203 7684 175545
1204 1076 138664
5707 2447 861381
133 8760 65404
6880 5528 303494
3889 7523 1228548
7754 3430 52500
2091 6732 554374
8374 4495 1397248
366 879 298392
323 8001 1629068
5215 3998 2201604
9611 2748 717912
9100 5905 2130330
8311 9062 2158897
4981 5397 1226955
2929 6015 286016
2863 3734 165766
5226 9828 665449
9867 6477 706616
9482 8272 2631944
3917 406 619123
6849 9611 380053
3716 7016 1002005
9217 5433 341456
6276 2244 473
9123 7051 76154
3283 7712 1556758
8398 8747 457946
6894 8957 127213
7913 1189 288490
682 8897 1872510
5139 7024 325628
8697 6054 1334809
9585 9222 112532
3167 9116 168780
7916 6727 322742
1134 2896 180001
446 2899 1406393
1902 2129 1352049
2513 4976 511569
6533 3422 27782
2529 7449 519223
6407 7261 4694916
9957 5562 1468650
806 7476 1500905
549 3006 1266721
5326 6957 746868
127 9711 789965
8644 409 121149
1366 2001 1267121
5409 8187 326942
7856 1297 864353
2586 8973 1386996
5456 8038 1221997
8969 9597 5852
2013 2502 2314783
1301 1490 542077
692 9870 283197
7749 1445 1287046
8209 7947 237235
9509 9752 662913
2648 8951 815881
2455 6170 723019
130 7774 1916362
9083 7680 1901754
3426 2656 1791977
7825 8575 174997
7602 6542 1141208
7563 27 522225
6371 3221 754039
2661 2393 583414
110 7496 8769
9863 84 386403
9420 2586 104994
8382 3862 102841
8161 3395 896863
7395 1410 458648
7479 5618 2423452
5020 9435 2224370
8162 1529 2995652
7299 9149 66583
4023 1635 1357012
2792 8825 2073818
2017 3135 156209
6741 4539 783332
1503 4133 54574
1361 2441 650737
280 7327 1116692
8453 9675 26980
7878 645 196424
4721 1244 319214
7156 9287 11425
6721 5051 631899
9751 1001 165336
5409 1416 871279
207 1672 1336613
181 1966 588920
6165 927 71803
154 743 434079
8962 8730 374348
5355 1165 478911
