74
810 6536 746952
3241 6918 2180682
5800 883 1350942
1851 1379 4376210
9176 4634 334109
5396 118 825512
6846 953 72722
1803 3768 1473726
2602 4939 4109312
3600 9280 2321058
1788 1726 622098
1047 476 1878188
9275 4662 2245326
6301 825 8305967
6198 4776 2226965
3697 2603 1080370
4143 3073 2633090
4885 1643 6211
549 5185 358061
936 7912 2963955
5364 4672 505652
8669 6383 1039298
8768 2048 437824
5309 9898 446922
1281 9652 807926
5823 6534 487686
6327 5353 940063
3661 6070 158123
9452 7796 873308
8991 6874 2828365
5061 2261 279691
7568 1307 824338
9346 6136 1686516
1001 9408 409684
7775 6615 1207000
4981 1126 1634835
8983 2237 11609
20 4156 664627
4243 2441 467825
6744 1781 196996
6808 9660 560032
1720 8979 660464
1367 899 1291949
5525 1877 1946070
8932 3429 942577
7448 3169 710500
3955 6732 151046
9374 9933 954271
651 1170 715755
3907 2086 863424
4809 9953 940897
7925 9281 3683889
3360 8310 800814
2252 3069 1786730
6127 1613 166607
3464 4388 222644
5075 9691 1885273
5390 1514 418389
8810 7480 1355871
5494 4908 3484906
4152 945 42900
7793 6419 1050204
5105 7357 4545624
6269 3383 326492
9448 8522 1204677
3114 4988 1605825
5124 8685 3561662
7923 6948 2409006
802 1750 815696
4180 9387 611958
3610 6451 2729784
7156 9648 731805
5450 1145 542479
2439 4417 260036
