74
3047 3314 287693
5178 8961 3527166
3696 3695 922988
9507 3126 3742293
2312 9348 937083
4474 3622 2130960
9238 3456 892360
3236 4098 5194900
2615 3106 452957
9338 1333 969110
3329 3501 12167
6391 5993 417570
2551 8436 791450
9890 2716 615075
4154 3578 1037025
6890 3422 1057976
705 3362 223785
9646 431 1088895
8054 4468 733860
4317 6386 424575
9847 3932 291682
7863 4301 4117176
8677 6603 1338600
6062 2898 1054493
3681 2248 1416791
177 9884 136522
4355 659 607541
2968 4967 425600
9953 7330 420878
3359 4141 2524358
980 4105 604179
6234 5497 1352294
2221 1650 1150042
8244 2226 479801
3327 9051 2399736
3708 4856 41516
8577 6352 1342561
6454 1997 1725921
709 3546 5877329
8644 9761 213107
1536 3290 236329
2891 2716 2891543
1458 7136 3459807
2998 5305 332481
3347 6738 1247914
4741 4279 1713228
1761 7899 902068
6588 2560 1366643
9039 7184 243438
7491 5719 2463834
2784 8555 1200891
507 3264 386329
6051 398 1411616
7523 2942 560895
1891 4344 429273
7108 2725 7376255
2513 6709 24082
6413 5729 184951
7230 3070 1124121
440 5451 401468
3969 3523 149060
4336 464 5077893
9494 7308 955265
6044 3168 2020124
4320 1813 387399
7625 3778 715940
9718 4237 1060243
8881 5850 2088464
8624 6334 1817962
8143 8136 471276
397 2960 740413
6949 2277 558164
7848 53 2880828
735 1565 139788
