142
4553 3277 270708
6789 9979 301726
8791 4764 2339238
5214 429 132612
4814 8566 2017488
267 1803 722804
9092 385 739557
1394 3126 673742
1879 4515 1989197
1301 1729 1039540
6967 1569 26260
1122 1658 186482
8925 8869 59698
678 2401 501328
7200 8449 182595
1056 3758 1411042
9568 6744 164619
5412 2447 1341509
6194 4734 387961
8670 4954 99141
1691 8689 1159903
642 7 905792
7441 7618 437330
9079 785 532814
832 2610 490097
5356 9698 963879
8638 8952 722454
3230 2146 779427
9135 6490 543099
1627 695 337769
8407 6743 906655
5721 9645 379726
7280 8241 929332
7343 7787 2307533
5292 636 424052
7103 9853 703701
9812 6330 27563
5239 4334 725956
3841 4822 642230
2956 7500 413824
4096 3225 2175984
1953 4026 80787
1018 6850 149223
7992 5903 1163376
5061 3952 560901
2692 3855 42997
1281 8018 140057
2230 3493 1143656
2447 9773 831744
243 9132 795214
7023 7901 369850
2404 139 264980
4166 6133 82346
1593 3059 116283
8730 209 237616
5831 4790 104942
766 7532 245278
915 6607 1289605
3952 9066 1710645
9214 6511 37345
9412 4084 153952
2813 3074 801676
1271 4248 314458
2145 5765 220198
5961 785 2091937
8195 4555 78150
1728 5885 855101
1212 4542 676687
7708 5960 103127
5089 4063 391996
9070 47 171601
1252 3860 51511
8277 6502 841485
6074 2232 1317325
4367 9933 1160513
1590 3764 1058340
8882 2011 545088
4203 5884 224660
3837 6338 146386
6859 5377 54283
49 813 675667
2435 975 693017
2533 656 10364
5539 4822 226708
3913 4080 373173
5330 6665 487475
5603 7436 68092
7648 8192 903257
853 2707 315603
7807 6508 1642820
3758 9618 412015
7680 4278 453771
2844 7343 488612
527 6078 13053
9025 2299 400413
8696 787 1209000
4794 9455 130328
4739 2012 671223
1717 387 1309715
4156 5826 767409
9911 1507 702582
1734 9851 668603
7334 2999 544765
5794 4775 2470497
158 9414 177662
27 4334 95853
3142 278 231573
9125 223 360274
7863 4299 2842109
5122 9351 1278497
2410 3724 4743
2397 5660 2203820
3915 8081 511393
5520 9806 513733
1475 5736 303547
8158 7983 1402916
652 8169 314887
2654 274 37314
7642 8964 745747
5099 650 1295545
2859 514 511529
5491 592 368011
605 5385 88757
9876 6386 317865
791 2373 39524
4899 280 2719956
509 4605 687090
8543 1514 533469
1464 9608 835336
3637 7981 1368307
7610 5519 178494
982 8048 389814
1659 3560 1037670
5930 470 2176494
4346 6297 173335
8016 5274 3383317
8442 6942 152722
5885 4347 809089
7741 9192 1416320
3616 3539 1114784
3764 571 1327053
2395 7076 691603
