142
6701 9559 1136039
6994 8938 53428
4036 3620 138298
1424 4934 1029029
3987 9442 796306
3740 6196 1841930
1568 4509 3253144
7458 9967 25489
7248 4054 181531
398 2235 82209
9319 4046 288743
9802 4644 260383
1152 5113 75018
2031 6906 1127783
493 5172 942021
7521 2237 390336
7430 7913 264204
1223 7296 946394
6497 2193 728961
9668 3224 595739
6814 5311 238722
6120 9126 639653
1779 5412 441168
4268 9935 378666
856 8853 503774
3953 9175 155164
14 4647 140254
3179 4406 757066
190 535 1920371
951 8338 365205
170 9644 100723
5714 2897 149942
1554 6033 468967
1314 9186 3105827
7658 7555 468662
2107 1450 156115
600 3928 2908694
3567 980 976863
9851 3416 856167
3258 6103 2152657
869 9067 35042
7044 3457 550823
5589 8092 524215
4947 7714 183818
1954 7963 181727
1477 5790 812307
6172 9912 536782
7056 6656 38878
9597 2165 1930750
6542 4237 1988348
6546 6740 1434
9326 3107 992139
5020 9302 620286
1480 72 1591331
4493 2685 620235
205 6561 74067
2949 4214 2112311
2187 2636 2854056
3459 7443 181368
9812 5050 769373
21 5739 704805
1290 3955 92388
1686 5726 509349
2977 8404 2430851
8570 8975 2409282
906 8343 1113980
2147 8584 285509
1380 3630 1382896
3590 4141 2351804
2821 113 139436
3739 5161 230467
2680 1356 412456
173 7853 531267
7634 3539 509100
9287 1085 1150669
6887 6968 305737
2965 4538 433436
5387 7197 1131772
9961 907 8933
2024 3484 186887
5859 2668 525167
1600 7860 1532380
8361 6550 712088
6874 3998 1013156
5706 9656 790892
6627 6899 431378
8811 3230 842455
3869 8341 19094
2591 4953 167525
7050 1076 196689
8965 6219 1826672
5408 4109 44671
9943 1559 323973
9552 535 515087
7991 5301 281118
15 5344 156972
4204 175 571404
1147 5558 534975
6253 5947 20533
1297 167 185584
4058 2906 389691
3984 1884 32388
7052 3816 237156
2063 9054 391951
3940 9959 256540
6895 1737 8542
6180 6265 265513
9534 8192 162429
5983 1527 2048871
8947 5092 532452
2036 1238 755879
8110 5636 624767
8709 1602 674163
9731 630 122377
3499 4286 262874
3936 5018 455343
9979 6685 901943
4651 3869 263784
8269 9676 725409
4793 5937 164398
6922 5404 356478
4901 5590 808303
3920 2296 116549
5455 349 708295
9092 2849 561878
479 6596 290057
6608 1598 679005
6211 6364 55582
7507 5978 837966
2994 3602 747412
3374 9887 407538
8505 9001 729597
5755 3963 1181364
6775 2718 238337
2581 89 624525
9322 6119 907580
1375 8026 585076
9904 624 214221
7760 496 3543676
2266 786 2345649
6540 8412 91151
9145 4539 39519
