142
8575 7807 2150682
9351 3831 323546
3696 2249 160090
4522 5350 697299
537 9007 1112824
761 7473 546311
3651 6953 648136
5367 2690 138961
6344 2024 2747270
9766 5656 1450858
2864 5690 888868
7292 7434 330753
967 4744 1005664
2476 1172 141424
1184 2876 192077
4570 6047 2302117
7208 7978 1879460
9566 7005 170672
8373 1990 660120
517 6694 188688
9430 9407 1189527
2832 1616 18696
3281 4340 997028
8320 2663 15256
3246 1412 233993
1100 9949 2685872
5006 7129 412274
4832 2706 367812
3882 8098 348858
5339 5588 639221
3846 2441 359689
1154 3218 704789
589 352 577138
7725 5608 636556
400 2581 83094
8951 4200 250007
9171 8943 577570
8845 972 114733
4965 3350 1025423
3715 4067 330224
1873 5023 196736
8972 754 1483266
7965 6365 100572
1848 7084 440707
7286 1748 33004
1902 6782 273308
2467 5136 33369
7115 4995 2658508
127 5071 45592
2724 1133 387062
4039 6672 121359
8196 7255 394265
377 783 31875
6482 8134 1333196
4007 3734 2433642
3864 654 344329
2506 3511 25070
3057 2562 1537661
5392 7808 464647
1423 2962 362012
3521 8173 2286154
1196 9727 951276
3230 2172 1266965
5873 5636 1958297
7596 1203 18549
9082 1949 1284611
6945 9715 47093
2388 3805 618903
7694 1100 615185
5829 9259 995329
5642 7030 240911
3431 921 415005
8742 2027 766791
2524 7403 11495
2636 2843 952324
5818 9721 1144755
3863 4569 310883
8002 5164 1025816
2576 4085 123242
373 3612 520517
2699 5957 1151878
6090 7943 234021
4331 8662 204892
9362 3525 1046369
5261 6856 309621
3390 1448 353115
3691 393 922506
708 9294 135710
1144 8593 578882
3386 636 930316
220 1613 975060
3957 3420 844760
4929 6056 489301
5296 1287 39884
8714 9546 98761
4315 7365 497797
4638 591 922721
1863 1049 317681
2024 3745 270371
877 473 2940432
5141 1935 868131
8471 6075 315490
2131 2280 1465741
6766 3806 400679
5999 7014 639286
2617 832 306027
3347 6422 544078
4108 3565 125864
7589 4439 1185513
4899 3808 214651
38 69 1231132
6852 2379 993738
4790 6728 1587687
7762 8375 1041182
1504 2776 531679
4639 3915 72869
2783 9880 38272
6114 8115 1201990
8046 554 1268635
1339 2171 846086
483 6563 937007
8407 9492 651710
8266 5406 1536291
3407 4340 839984
1800 1238 92046
6156 4534 620427
6395 274 1420603
8143 6799 448818
1182 5844 938431
1274 9304 294728
7618 1568 427822
4594 8878 527729
7928 63 204410
8560 8636 248746
6488 6448 1071235
5685 4351 42423
7555 8313 919870
500 6371 1733734
2385 684 513608
8799 6264 492263
9908 459 170721
40 2447 166725
