142
9203 2672 181015
9151 3010 619193
9916 6927 300949
5557 7142 115673
5392 5789 237128
2168 6095 642443
8817 8148 194876
2712 1452 1392956
9672 3339 1359619
7307 8651 548036
2920 9002 1292548
7381 8465 35710
5282 3478 37544
1492 3675 733779
6219 9509 998823
8653 6081 607187
4530 1230 46506
1247 4875 555735
1368 841 481427
4049 7448 1278631
7104 1101 452741
7681 2459 704016
2916 7624 911321
3642 4760 317127
546 978 373058
4256 5716 488121
961 7245 528503
7345 5657 553065
9908 4475 527773
357 2510 893630
8320 8511 41311
7582 3143 604810
3164 9876 1550343
2017 9184 205514
4430 2558 390393
5754 8275 321275
953 6066 49411
7481 3735 487695
475 3720 641774
8914 9781 767259
7141 1077 1765375
7301 2700 620451
6416 2797 1517666
4007 732 483201
5103 1878 789695
7985 8147 974038
2607 9885 205780
2979 4385 1385089
6178 8169 1758799
8581 2340 304992
7507 7052 874210
1681 5380 165622
7329 5811 437412
5370 3737 1161763
8350 2969 287030
5426 5692 321404
3652 2210 1625970
3079 9863 1538850
2191 6186 1065964
37 1758 1708555
105 8015 1045825
1772 3003 309155
6079 634 819597
1787 8900 97830
2961 997 1505507
2844 7894 936420
8083 2347 107721
8214 49 395890
5356 6984 1203827
5042 9905 1175502
9800 3597 457777
1071 1033 714573
7738 7027 341024
6297 7474 731232
8953 4130 931833
133 4586 2225952
1030 1300 658227
7998 3974 415543
8512 8661 764004
7652 8808 754576
1096 1008 198736
4549 5720 1021194
9549 2332 812270
1955 7373 44292
9873 1277 98763
388 4771 458127
7062 9675 319964
1398 954 1422474
2539 1252 40264
2376 286 1727397
9713 2262 612981
6289 1067 254668
8568 5420 2455292
4404 5699 1418132
7871 1187 1561379
2423 7103 22926
7693 9627 518438
7946 7413 592654
9328 3935 281275
8720 5303 2115358
5099 2618 728488
8883 8227 802415
7852 495 975279
7941 4590 401388
239 3807 791976
1127 9454 94932
4533 7836 155572
1419 5829 1293710
461 1838 100119
9244 5652 849983
4935 4675 2133698
6054 731 988809
4336 3736 1881242
8639 5272 249288
1620 7084 286667
1060 2079 572111
686 4024 80699
4948 5723 2192726
7665 3707 229075
5035 7987 1784304
3976 6673 374530
7086 7717 1899986
4012 5088 377067
3920 5425 466502
7566 2743 1073867
5046 9657 587096
9204 8640 306165
9358 7555 737017
2449 1372 139692
3637 5577 316061
3747 1459 115694
6982 9993 797631
1783 628 589866
5542 6376 250302
3308 306 354950
5726 453 211162
2042 5757 243545
2958 9631 706125
3472 7114 661206
1582 9892 137453
3059 6808 14696
412 2483 17523
