192
7413 8012 296914
55 7012 833918
1963 5819 153263
4769 6909 19526
5464 7141 85124
3923 8345 222777
4217 6170 108286
7935 7379 1017277
4807 4109 105573
6973 7337 725798
4945 6288 489884
3097 6346 907158
5025 6700 649463
8003 7297 685388
5771 6426 46823
9725 6416 477566
2145 762 794872
8161 3609 246475
2861 6681 318211
9542 8379 753118
8843 3009 69279
7250 1032 72981
4232 45 327780
2349 3052 79586
8068 5598 378315
5382 1476 676147
7523 6004 591179
5620 962 147309
2646 9017 445171
5796 173 1038327
3098 7046 1553603
2418 2877 161774
7388 6968 214602
6402 9373 1338826
831 4001 1910390
7071 7450 350404
8288 3218 400007
4664 1786 783241
8491 5425 71827
9435 9351 88161
1891 7409 1176304
7640 765 174219
7699 6158 347169
9013 4556 371051
923 6336 79456
6366 2093 595061
9740 3670 12485
5958 7090 387495
9112 8073 477449
4636 1126 13117
9090 9726 20241
7679 6264 511497
6896 8104 16778
2413 989 778194
1552 8832 30456
7860 6763 303392
1618 7301 32811
8341 3980 266042
2360 262 434857
9219 9153 1398309
5457 8875 627649
2103 5375 154226
1882 9847 290652
3475 2611 77462
716 6910 1482703
4955 5172 648218
6810 7894 326153
7198 9543 388925
3964 5068 637954
6615 6922 1204113
1669 3355 820727
4371 5527 57370
5976 7142 52583
5827 5345 2015290
7752 1484 438531
966 1424 331562
1044 3849 353266
5935 8249 41847
6618 8937 484602
8419 5912 876401
6099 580 887101
9214 9570 532846
6487 6011 664612
8757 1808 1370590
3563 8369 2996
9883 8173 1437205
1452 3847 729983
6633 3556 924374
3315 7896 1305013
7519 6525 361184
5963 796 577382
9785 1308 284690
545 3470 148879
7912 1184 267857
7588 4473 9198
1563 2251 234168
5873 8965 810630
2671 5378 560789
7610 1015 1700189
4787 5079 1167730
3486 2537 627248
3742 947 702307
5027 5505 853809
8221 7394 311833
9374 7035 56079
1182 525 105277
7223 8571 36636
4409 3245 58893
778 8442 55856
443 6397 8289
8318 2656 68931
2544 3053 584026
266 9157 775089
3393 6418 194748
2104 8884 1211234
6277 2196 557171
6504 6573 94111
6835 5463 353080
6327 7608 758097
1450 6218 143146
9056 1626 140530
461 1158 1321560
6680 6893 739128
2646 6102 462956
4913 8283 232183
1455 6025 268814
8027 1533 661526
4957 2590 1031281
4962 5561 361402
2024 8090 168994
5880 2869 511955
4122 37 667315
7725 1101 10423
2036 2882 94774
6217 2350 250688
9296 8397 533879
2846 4873 619434
2145 3022 435222
383 6296 745089
9043 316 44356
731 4556 1641818
5 8793 34661
3400 1450 918127
5053 6836 288250
1545 6891 227594
8514 4744 388723
7639 8133 60553
3955 1403 316980
4728 1649 973571
3340 3256 1384456
3699 6967 650468
1419 6209 258977
3470 5841 350749
6724 5202 652843
6337 7047 533481
1277 7531 662423
1784 6780 534862
2569 3840 1971494
2729 5857 33159
7688 1843 104355
8605 4151 417844
7439 9492 3144891
3911 1013 1242783
3674 9458 397886
5889 5890 264198
4015 3722 788011
5912 9707 455172
7209 9951 504841
2485 9242 219356
6133 4816 307419
9210 1442 272908
4278 9802 79288
8310 6339 826688
1574 4100 404650
9102 7527 125610
2731 3525 423820
3530 7771 883853
5567 749 752285
4099 8422 1687460
2209 5289 111214
1975 3236 35088
7310 8223 816914
330 2287 213035
6552 717 15353
8112 654 2179607
3106 9826 801765
789 4941 107487
6590 5262 610804
5642 698 238617
1349 1822 56828
2055 4154 305466
1747 8240 113590
