192
1848 233 64244
3901 361 2033273
5534 2872 9094
5878 8732 386537
8242 5977 2008884
1190 3015 124458
8082 1947 2869858
3461 2907 37870
8670 8002 495210
6468 7387 2002900
819 9783 235737
5669 7659 36607
1808 4574 372276
8525 3690 67383
4283 2851 101845
3170 2508 26679
1952 999 665340
729 5276 848851
9668 6609 1263869
568 9520 117205
3281 4556 16969
2252 4579 120093
936 4512 1087442
7136 5526 347190
3025 7260 643563
8438 6248 247543
4913 8396 1075848
6480 3054 31410
7482 373 294844
4734 5892 69055
5510 9289 861056
8284 3488 242155
8810 684 719902
6400 5300 102208
6580 8304 237036
731 2830 43095
6265 679 10941
3758 9464 1357031
5851 5978 529063
9801 2749 90395
8057 6744 5658
7533 3621 164463
8737 4803 105324
2557 1944 142631
4925 2202 477998
1843 4971 189329
9527 5383 1073031
375 1645 307855
7230 2558 504290
8927 3 163208
1056 6561 1592766
3312 5325 516112
1138 5436 417560
8016 2389 453202
8401 5942 108324
2392 6467 209408
4276 5183 611264
1777 648 55985
2552 9435 1768758
7327 697 222885
6123 8048 411621
4551 7608 579369
7706 7469 250204
8141 8554 163508
9082 9808 3862
6542 609 418439
8697 9248 94405
4700 2903 206600
3760 4301 1661932
1078 4053 498687
2701 9029 367254
5361 7833 134458
2868 7126 649216
996 2532 105024
7168 4739 832658
4054 6725 308580
7769 6125 60666
9254 678 54131
2461 2237 601554
8005 4526 1350667
1718 8173 729798
5506 9860 975434
6737 7817 507471
5628 8567 64522
1779 9720 610831
6326 6612 88191
8385 7691 264849
5022 3550 355078
2978 713 460533
7290 8827 1268040
7266 571 43444
8880 843 937039
3389 9055 650566
9682 8001 598133
8481 6237 375655
54 6718 693769
4689 7758 693376
3238 4582 1179870
7318 920 343815
5918 392 735088
3294 9055 762517
1685 9487 859703
7298 5957 1041988
3500 3906 1323056
1495 8266 575252
9314 2732 5307
7044 9956 913096
6941 3011 50089
7831 3759 271775
342 327 275324
3304 8568 1387150
2321 516 271453
303 4901 45964
1831 3385 826572
1523 1265 196546
3109 5629 564698
3001 8482 40954
380 4323 1102373
8841 5904 943989
895 288 259150
8788 8850 613463
7793 7097 44536
2250 3298 489907
3610 980 429834
5456 2233 476043
4323 5680 483093
4201 7811 246594
5093 9389 29312
2396 584 245025
362 1694 451898
4690 341 217973
5854 1727 429228
2605 8373 15985
3588 5343 949700
5123 8083 127599
4701 8538 744433
9645 4764 1250855
2674 7451 155842
9809 6722 1493893
2199 4264 295009
2511 3726 326146
8713 1943 242490
2844 4841 344270
7194 1402 1880110
7715 4510 412394
4765 3888 1327714
3998 8700 1106326
6375 5500 446100
7863 8117 308534
7320 1506 226481
9931 7464 646735
2607 6400 177684
6320 2127 13049
7468 1621 238200
3749 5181 366781
8227 9255 1026083
5684 8681 371966
1146 9803 518842
4469 7010 254839
4215 7115 380440
3717 6778 182978
5077 651 203849
2539 696 595397
6437 2804 261717
1351 5782 608320
8448 4783 81819
8389 3274 553451
1705 3704 888942
958 1823 857096
8995 9329 658362
2973 155 302658
2464 2611 82771
2831 1204 509231
3717 3170 225474
5326 2825 413053
2945 6705 957269
5596 8101 89291
4577 5898 383334
7112 1666 403048
3072 3719 266605
7641 6335 630667
2818 5890 178196
4697 3878 177866
1572 5402 129564
7456 6541 835378
9947 9113 2408604
91 945 1387310
1740 1656 331863
8832 9697 911900
4727 164 349929
4747 7258 949093
1626 9234 349256
