192
8284 5166 1348058
3781 772 381236
8519 2221 1149165
3154 847 712264
1440 7779 168408
4069 380 6656
9508 1460 190872
9958 7900 125164
3990 7724 1517
3506 5225 127573
4525 3166 680997
5361 698 173297
6788 4620 459982
1643 246 689654
8922 5425 695388
9149 4586 234429
1529 8430 72117
7229 5174 75944
4337 4842 513788
8846 9176 1760027
6416 2840 326394
4967 1346 469201
6004 9825 9736
3291 8260 66243
5001 4782 497349
1093 2735 28232
9028 8874 21247
5884 9905 552259
3617 2253 28412
4056 9839 236515
6651 9195 12031
4669 6158 1117442
8126 9557 2353257
5452 6734 48488
4336 6770 911062
3125 2744 561315
1677 4026 99674
5666 9610 78127
937 6687 309834
6146 2052 472212
3283 3127 479886
9571 5189 32787
8369 7483 151449
7583 8584 642822
3852 6937 92776
9285 410 134757
6221 2869 70240
5429 1364 1473902
1154 641 543898
5916 9173 471551
7159 8777 50729
6917 9823 155372
8417 591 457549
8458 7111 294881
8050 5833 64460
9626 1961 405007
5032 3756 95536
2970 5005 125584
314 3098 316327
5775 9950 272668
2787 9073 1091424
5788 1818 230707
4766 3311 2113828
5807 9617 50360
5484 5104 126928
5153 473 37717
5263 5520 739739
1073 6047 77944
8629 6618 289736
1217 1824 457034
2985 2243 1129962
5214 7226 488277
3158 7175 966250
5852 3003 1888792
2319 3379 3058201
1320 6360 1330673
1675 1823 641742
1057 8933 672105
8258 4424 108014
8953 1698 258514
1661 9801 28077
9121 5887 146748
8349 6899 105478
2453 4605 12854
7315 9011 305031
8026 1863 719792
3285 4253 282803
3707 3943 535350
3863 4475 29576
4931 9304 681310
1878 6395 547246
8145 3808 86868
2579 2835 208859
8845 9617 24877
675 2971 707117
4953 541 309804
6902 7475 342260
7089 350 510190
1967 2800 168767
845 837 212719
5737 5202 87717
1314 7113 468371
7097 9186 173283
7549 9750 338132
4631 4858 253589
7762 5304 262591
5941 3947 2248927
1993 4437 178841
1716 4563 515368
1102 1385 49472
299 1271 725967
9656 8579 534347
8064 260 835282
9305 2151 1213206
9275 3155 52297
2047 6383 336137
3888 7926 205547
2565 813 575974
1632 5579 349610
1678 5771 802705
7465 7505 404930
8123 6529 512117
3191 5062 136190
8420 5314 232756
4381 6498 3085865
3323 1486 139804
6907 5478 37313
3404 3580 793830
8708 2861 1774551
9107 4501 486939
3124 967 840339
188 6245 501533
5812 9461 45103
7424 2224 1478846
6179 6698 37228
186 4698 1425582
8029 3906 1278310
3060 7277 340283
4170 723 374937
340 4569 833499
7514 3060 222906
6409 3931 1206323
8415 736 1321505
5272 4435 437276
1754 8392 299996
1046 4488 83523
2542 6216 1163737
1306 809 636061
3881 2311 126396
6194 233 36153
6388 8314 45479
7987 4916 1034911
5055 5320 236069
8830 4485 1164613
6449 6387 84178
1785 5746 822352
5589 161 103572
8079 1749 269383
3704 2450 40039
8816 1198 907134
6442 2724 1616948
9196 2042 512854
8656 4049 563492
7542 2975 402611
49 2583 749659
1646 3614 237150
4526 4680 505166
4087 3754 1598242
6651 1179 16922
5729 3220 246127
7920 4161 155988
1561 3186 1253861
5077 6386 1800248
9270 8093 509652
8068 181 197315
3700 8855 103885
5187 4529 70689
5447 5627 147181
2949 7224 2265165
8656 2536 506906
4103 1477 377066
9641 5724 45648
145 2741 1079045
1641 9368 81236
4543 5750 629037
479 3541 50348
2369 1462 249784
407 3873 843655
3124 4364 845463
520 4807 830454
59 1004 71610
767 2629 406249
