194
6756 5305 367825
1613 521 1198030
7911 6322 743477
3755 2276 1713292
2447 9277 296128
9008 3175 739129
1524 1286 1385952
1646 9366 810299
7359 9931 13664
7989 259 293471
1560 3693 334514
2109 4753 1057941
105 5869 283758
4148 2059 339530
9528 5172 1200357
9385 3908 701764
2778 2632 1501016
5221 1212 468980
23 1588 14762
775 1437 41132
1342 1463 386809
6147 3794 481132
4824 7606 172147
9153 8945 753834
9689 3430 421640
8270 6897 1601413
3133 283 15842
9571 7943 398427
7421 1124 111933
4077 2043 152083
8478 3732 939
7340 2412 503371
758 6775 400079
4551 6895 501105
9151 6523 580196
613 2476 543280
1269 6418 1225697
4323 8243 181479
5246 3500 761539
4276 1450 1331885
8091 5946 44624
1866 3437 767068
4805 8274 167018
3894 5682 894565
2299 4834 1658992
3697 6439 1062721
8729 4446 19192
1764 1717 30848
665 2406 520341
2483 631 412500
6600 5157 69850
1899 2650 414028
4499 9046 256774
3572 6170 291691
247 1282 814431
2499 9614 393302
8637 1423 112110
6784 3275 628581
1180 9563 201743
7288 8029 465015
4568 9059 167947
578 8365 564332
622 1142 791494
6065 368 408291
6541 1602 1598031
8523 572 43348
5675 1376 652447
4979 1256 81943
5724 7653 660325
2670 9824 215751
3341 656 875392
9451 1030 983740
3392 9577 145896
9991 6003 93367
6164 9572 1149438
4944 1036 384076
3088 9190 312963
3759 5733 209284
4748 5212 339147
4911 6919 217411
2113 2580 775056
5010 7867 863414
542 9162 210616
9555 1332 170790
8180 1645 461943
5513 8951 189346
5875 6293 284068
4978 3825 713965
5087 2881 91780
6664 9867 881291
1202 4340 6200
5155 3734 52338
3331 6572 459501
1852 5821 719490
8623 7586 21562
5076 932 479954
5248 7806 385513
8000 7614 1382123
9780 3911 1212345
8964 6239 63368
161 4843 802706
7655 5309 95342
9758 4507 1757165
643 4763 34980
4695 9630 133664
4578 896 242412
2587 6948 391760
9467 2599 925906
2053 367 458557
7222 7304 90943
7236 6720 302312
9987 223 332995
5770 463 1091514
5584 2526 203397
5358 9741 198731
1040 9289 233721
9841 8557 653895
8425 3252 748733
6006 6884 139585
5857 3493 79857
9375 9519 402217
4706 9815 266535
6798 2591 1373397
1392 1175 1742715
2682 8555 247039
7139 1311 158059
5426 5115 1303999
3961 6688 287687
3746 2026 1011813
3612 2386 139240
2338 5582 260863
6446 952 1032272
173 5535 86362
5100 7035 1565425
446 1308 256597
4459 8340 893681
6650 7263 40399
3614 3264 325915
204 7682 88647
6143 2640 50448
1443 1109 540953
9516 9185 445198
3048 4801 42447
1285 3409 44209
3686 1039 220925
9682 6561 1851947
5780 6156 46919
8098 5890 181663
7135 3527 47651
3392 8124 547103
6956 6671 503746
1300 2811 282008
6900 6081 87383
6439 9141 213642
9372 4428 268903
5607 8010 324409
6682 8643 125067
3466 354 163410
9030 8669 473942
4343 4931 1366843
7285 5337 1039044
6061 8171 206349
7367 9820 312869
6845 7256 98896
1325 9795 792113
8637 3325 1074304
3201 3934 1229857
1265 2100 34588
372 2877 23739
3135 1683 695307
53 2365 52704
3121 621 294009
3372 718 1514511
9665 510 181973
7397 111 52763
1999 5857 517992
5362 3013 261790
6078 7698 171669
9570 4698 567355
1360 2924 294608
2696 8041 495796
886 6358 1204184
3067 2923 1027510
3101 2789 1172748
9227 5062 9386
3579 769 200880
8694 7583 400396
7409 9036 137441
7461 6050 134773
9500 5808 300942
4051 7955 2804475
5760 7683 625541
9450 2456 210960
7193 9335 1054144
