194
7972 2650 567115
8341 8690 10671
3062 422 14626
2918 5600 16115
3491 5128 1136813
3715 6440 1869810
8642 6371 248475
3401 3104 1212928
7004 1877 1034220
6787 2457 24859
7704 3410 382401
1772 7848 14706
8869 218 39359
4063 2789 963967
4554 9941 79657
5093 8526 252355
872 6251 499506
6809 9681 250737
3835 8010 24013
9325 6646 134492
8262 7828 97757
3342 5531 63342
5939 7872 204971
1353 7052 840961
7570 8430 624535
1563 4768 514525
5231 3944 56232
6001 7744 153774
9573 960 823900
2588 9563 3270898
8655 8039 189926
8221 1255 344159
7266 2554 915959
93 3193 320925
3502 1120 436875
8693 7417 96892
4905 7761 531296
7949 3333 835177
262 5061 909946
3074 6791 28651
2526 3625 1059756
1875 3660 55056
854 3391 757650
3172 5930 98572
495 2405 452614
9826 6582 597982
8789 9334 259807
6859 1328 204307
9824 7515 552486
9655 4716 570073
3852 4009 147079
3755 2343 128482
9237 3381 124090
9992 1970 1074672
2684 5745 849420
8205 283 911234
1478 492 643569
9461 5648 212749
7249 5252 116499
1485 5098 671233
5922 9282 184892
3244 7663 3273037
1424 4090 172495
2165 435 120868
9880 4634 86629
5523 930 1513229
8110 9133 1469607
9903 5317 175247
5426 3556 2175566
3664 8723 194699
5067 6079 956114
64 1320 286393
977 6277 1766799
3356 9704 893871
5349 3859 772196
2149 1978 50508
1243 7355 150603
7310 2980 339997
5672 4577 535650
1234 3666 125375
1934 4542 243908
6615 6330 595931
191 2496 517928
1704 1712 2317282
5035 142 505160
6868 4059 144202
2218 1573 1163456
5105 3473 189980
3582 8906 13294
2601 9499 350164
9739 8936 320708
2145 4474 189932
8713 4626 1996446
1135 9578 284592
5905 3215 1368918
2272 7852 661454
513 1593 1285897
8843 938 99334
3787 8066 1196299
8084 3157 49403
852 9530 72608
9733 2647 83124
8106 437 631727
7280 58 188259
644 5826 39009
3818 9968 94546
1567 7808 20114
1371 2306 196016
9756 2882 1318420
8978 401 228234
2218 5303 45818
7657 175 83633
4612 6612 155624
7174 7652 818533
3014 1481 592082
5855 7034 323721
6985 9345 241125
9839 6220 747656
2699 2981 48755
3891 8302 132915
494 7212 347478
4801 4445 731473
7653 1862 94055
3222 4855 3026487
4609 8367 918992
1272 6642 48919
2488 9119 32400
4216 399 1022862
2391 2773 552826
807 5025 213137
7654 8903 180124
6588 3201 675757
2435 9895 653705
333 6201 1923443
806 1927 263389
8470 7327 512711
8314 2078 1145210
1452 3559 370621
483 447 39808
7869 544 28296
9625 3096 507445
7607 1523 124297
1274 9332 144465
4845 7201 637012
1686 6011 78658
6089 3777 503091
5500 9357 240387
6012 944 7525
7448 3422 157462
7488 9943 340221
9083 1005 304819
5870 2194 1129962
6543 3874 1157746
3997 1088 600426
4480 8633 285055
7203 1497 27626
4348 6034 668649
1379 6085 377009
1300 1051 371655
8691 3267 1233325
512 576 7080
6380 8634 48436
957 7124 90055
1953 6834 228082
6067 9776 89405
7869 5988 676447
1951 9253 1138412
3349 9129 210338
1372 9049 867626
7031 5602 509037
6590 9366 911216
1724 5645 383155
4935 4235 761512
4014 7706 1119018
3043 343 205158
5256 5958 788600
5160 5960 267285
1747 3870 378016
6653 4845 203572
3135 2014 432221
3099 5876 208146
1185 9308 1599312
5638 2077 108579
9784 2121 231307
7970 3959 18884
7035 517 219461
6458 294 738946
1837 3876 16510
100 2587 90346
4258 2938 412411
570 2115 103948
7736 9417 116765
5560 4040 616842
6311 6722 200506
