194
8801 2222 485498
5589 5207 469948
8741 1972 82917
7539 1349 63582
5966 8027 362693
7318 8482 264046
7347 9548 809021
8929 3645 451130
424 783 209797
634 1560 2538369
4405 4489 98260
7019 5156 185827
3172 2369 227481
6326 5276 539838
4081 6 1419183
8690 3343 928986
829 9937 968378
4695 220 50197
7214 7278 758402
1154 7506 230677
3302 5496 1398480
8632 3046 314586
2828 677 14551
1700 311 583115
4876 7602 807236
7267 1504 263125
4168 4764 611256
4513 7001 2896883
8701 2391 96038
2715 5394 513944
2241 5222 66200
6926 4651 156323
8976 8204 501333
9297 3531 39442
4414 8049 367387
4384 8916 44226
812 1169 22388
5853 9006 457357
5707 1589 514322
7364 1226 206220
6934 3855 80492
213 2590 363054
5692 423 79407
2161 4683 922919
1643 8766 655865
6503 43 680776
7782 3684 120337
3304 9152 917681
6004 7529 1193161
7918 2993 860766
6699 2449 249818
4548 6192 43194
3060 8996 241909
1758 5874 607318
4057 9632 531240
6051 374 1132901
9058 4354 5457
7919 1028 166101
4309 330 170180
5529 9356 164932
110 91 1021818
6679 7165 711934
5219 7074 445297
3331 1376 590024
9849 1491 1596957
9995 1574 156013
5361 7809 554394
2272 3897 1184399
967 5053 354627
4988 5308 1408621
2655 4594 221124
1185 227 501702
8656 7388 116231
1224 4821 1689044
3882 5002 534710
776 5731 291818
2335 9013 607560
3590 4506 606317
1903 9062 113647
3544 2477 293741
9471 8961 2064968
5762 9900 1278698
843 7238 985703
4611 853 553897
2703 6002 945872
3078 1488 40829
7708 1954 1299839
4106 57 346448
6687 859 1022782
9600 4890 455943
5747 1286 9160
5963 9891 101256
2997 6138 382999
9266 2722 1155641
9194 6560 548013
8891 6231 637161
8973 506 81997
1949 352 488282
295 4949 303575
9959 2533 140788
2806 4311 29302
8166 6954 152587
2717 4031 247791
4050 8512 501866
6799 8856 835601
2315 538 443469
4707 2077 226667
2193 3880 432143
8193 8579 202761
5646 8779 79387
4870 6748 516676
4239 8799 49661
116 2767 684833
854 2757 115735
5618 7976 23610
5346 1820 1195777
2379 6962 173654
9841 9411 775029
708 4616 14985
7535 5650 308307
8878 2696 221166
6741 7701 111482
7974 9918 416445
5149 1056 147307
5862 1177 762148
6211 9548 209241
3887 5006 489621
8220 3002 2448735
1811 871 664454
4413 1474 209033
6258 2935 463882
1261 7798 1701065
9017 6066 158459
7037 8478 739234
7511 9680 24560
1933 8247 1588341
4470 329 72601
9798 3888 514762
8824 5298 858689
2425 6771 923717
5506 1232 66143
868 4774 1199668
7413 1762 295242
4780 8865 5685
8974 4697 371656
2767 4065 2583533
1697 9482 83866
4991 4499 211487
4966 4063 1140166
6646 2810 678153
2607 5724 377603
5711 8289 335365
3924 598 93251
6379 7760 65290
7664 7710 478168
4547 4866 890637
9692 9026 110868
2397 5483 441872
8093 6237 748781
8722 3207 1000531
4180 5440 79519
2375 2808 104878
3528 1154 402430
7529 3368 115372
3947 3012 41970
4087 3723 27928
2684 4601 40113
9127 188 22442
1329 1960 675380
8485 5753 510981
7536 6806 80990
9860 5079 106682
8615 4676 451601
6282 224 333088
379 7462 1072986
6995 6825 283055
2561 7347 311749
4299 4037 92943
3225 6043 374141
5180 5830 50697
9970 5029 834471
3296 7896 221722
3320 8636 301234
1494 27 225523
2738 7713 579117
1659 3057 546480
7544 98 302559
2422 9247 221593
6471 7110 295993
7560 4300 484181
9825 4540 64812
5139 1802 548120
1060 3605 1921417
3013 58 1311106
