133
5827 8374 1676323
2940 4600 101480
7869 1128 226714
1806 2676 156807
2355 3786 1267429
3169 4872 293557
6621 8711 630953
9970 9895 543652
1052 5008 400008
3349 3262 137316
2416 6551 595256
1793 6686 139999
5927 1455 1157181
8231 2232 630027
9948 2314 177349
5173 3617 1020508
1331 1254 232455
7329 9759 358349
5531 546 304716
5131 1712 382613
1894 5758 16358
8016 2846 1014159
6407 465 1516743
971 6793 1933515
6577 753 452434
8762 3046 756195
9068 3445 564834
2786 9188 1134816
5109 8144 93303
1710 9757 1235763
2657 2882 279923
4395 5538 498592
7345 5338 108316
3338 4950 295832
3698 113 1266460
8780 7209 673894
8354 5576 275334
2965 6814 1729658
1831 1078 36978
3910 6522 17345
92 3636 316769
288 2438 353040
9827 8422 416267
778 640 804920
3483 2505 13473
2578 6311 424286
8060 3623 769047
8010 2379 678723
4161 2829 2219284
1425 1798 455444
2319 1800 153303
3845 9962 171108
7340 4097 19012
8834 9828 1157796
8857 1599 1442135
8975 8960 638843
7265 4319 4919114
9309 5469 1155795
1447 8600 1902622
6861 185 1836408
266 806 383373
4967 8257 409837
1981 4672 78251
3914 9682 645252
2685 6407 360509
2854 8175 1492741
9912 4487 1686009
6995 3930 1178818
5316 3083 1468816
7320 8738 416088
9647 9438 563681
5947 1598 6269
3892 6450 1138996
48 5390 708353
6552 8485 1333510
393 4690 1048760
9716 9361 173988
7965 1240 39723
7315 9309 745341
2064 8984 124083
3774 4437 561746
7742 8666 150253
1002 1445 1225388
3048 3443 345211
6024 3390 39799
8786 5129 470909
204 6437 894283
3054 2802 1357216
8510 7521 357576
6523 6963 1590565
6141 456 957473
361 7388 426328
4860 1396 120262
5794 3549 1522933
4353 3139 46137
7474 7579 661152
1979 5793 2567499
6901 9032 313867
592 8173 366629
7186 932 691315
8236 4678 271425
5734 1473 960562
8518 7789 2497173
8346 4463 3740444
732 3542 495017
3495 4945 2995879
5010 9992 589775
8085 7610 404036
4581 6791 1044839
8490 7549 973475
2413 8750 268825
6244 1856 322715
9258 7889 397963
4881 2763 825259
2937 9414 404252
4667 6701 319492
7491 9974 60371
5687 6772 412717
7542 8156 101966
1659 1831 1295670
5382 3063 356881
1299 4345 70247
5354 210 1048288
8151 8726 545496
6681 8928 219707
3533 2021 75320
1885 4016 1735516
4286 6858 104142
6511 5794 1299831
2637 1875 254871
5854 5102 43569
874 117 1683768
3602 3724 1331037
