190
8479 9278 208190
6465 1114 21263
3507 7976 87070
150 6981 296575
2445 7440 919197
7391 1101 42019
1972 2633 502196
9813 5339 707994
4571 9120 407991
1669 7523 1440351
302 4396 60522
1116 3646 538486
4031 8026 413994
1444 7358 176968
1200 8628 929186
8125 5193 663692
3037 8463 378760
4338 8492 394898
4370 1475 345013
3521 5357 1377327
7430 2660 865133
5342 2415 164591
9379 410 154088
2108 1225 104940
6480 4664 737772
3429 6529 791257
494 9626 1045912
6736 8102 780764
7085 9413 10658
8889 123 167356
8246 151 188465
5024 3828 882370
7692 2397 9717
7679 6354 1419282
5471 1928 370992
8333 5964 113068
2568 1902 148253
1058 2896 2051392
4180 6096 1424355
9777 8402 622558
9783 5086 274947
3381 9103 291417
9359 837 666465
6297 7693 289641
5411 7640 203230
3594 8994 360622
4146 5542 586687
1100 721 23970
2738 1130 215932
5492 7411 147115
1714 1508 83815
5500 8674 110117
1437 7370 954737
5202 9164 1223189
9540 8709 5932
532 9489 317937
5327 9922 544943
2191 8049 368289
3619 3159 251644
9452 3060 245339
5075 4141 896812
8885 8060 25522
8164 2891 1171601
4080 2778 216173
3915 292 345884
2973 6753 222459
3183 9045 1159439
7818 57 513364
5769 5350 25459
945 4864 96000
9071 6832 212126
640 466 120275
1805 3174 267795
1131 3992 689409
558 2190 1259280
6415 6399 1202260
1415 5361 302140
5920 2235 820032
1890 9466 289153
6936 4131 24721
4432 7953 523560
168 9488 1606579
5389 4319 765117
7451 8112 233621
9524 7737 159338
3980 2462 587034
101 4710 2684932
2982 8747 476883
1320 3152 510376
3618 9305 1471239
6825 3317 412399
5133 7126 243488
773 3230 2366622
2474 8326 515219
1332 7018 1000374
413 1944 556342
2086 3290 120602
6026 3353 1011159
6058 3518 347606
6313 1454 54824
8163 6474 701296
7796 9035 135459
8221 6739 69969
8812 2800 59810
4078 3243 61976
4503 3785 140959
6114 4922 170488
8962 9306 282425
5763 96 192766
852 8221 411370
6779 6150 236840
7234 6680 937058
6744 3464 129704
1315 1071 470970
6588 5467 1058629
7912 6729 21286
4163 4876 244598
2151 1966 1034039
2962 1973 455384
6993 7162 126200
6870 8991 53762
726 4487 85484
4864 5087 253894
9800 4006 1179901
3818 2459 218431
5981 1627 100474
895 1767 2497158
9246 543 786021
4616 8186 225897
4229 251 1179116
3351 712 159445
3471 7442 2384231
5083 3738 144105
5772 711 520931
5882 6027 509923
8583 7615 320327
9915 2654 18759
7068 186 164045
7899 6481 330685
8876 3957 493022
6563 6136 362898
9504 8734 678928
9174 4008 317328
9309 1694 129768
4217 1896 664848
8541 9441 53543
6352 6260 1044467
491 890 48558
1520 1276 1074363
5845 7924 1960460
8484 8333 141161
6569 2477 449994
1297 5679 440679
777 4136 1131530
94 5085 373972
2080 6196 1231
545 4638 884390
6572 1153 1027636
6439 7784 430930
1096 8222 599075
7938 6103 260733
809 242 887496
1005 2730 231909
3131 7927 614627
6754 7427 145603
3051 6485 41238
4496 5091 85718
1129 3748 214567
5793 592 49275
6514 675 567263
7418 7104 552326
4218 5930 114804
2599 8637 1243306
7568 4791 332655
4832 9169 524927
6301 213 1254698
1777 9336 128544
7885 3101 153733
5988 304 169578
2327 3646 623463
5048 7639 228996
1598 9301 1365105
8424 7144 349881
5385 9286 461401
1701 8140 104962
1425 1459 148814
1406 3073 459566
7065 3989 1117444
9134 6023 2121767
3504 4274 425204
