190
9983 2513 858519
264 7192 1051986
9504 2465 86245
475 4429 921322
1870 5459 127178
7379 3033 5872
1525 4710 10363
7345 670 1134179
5252 7249 60715
893 6163 38124
6264 5024 47708
4464 6574 617797
5076 8907 140508
6948 1698 534559
1928 601 327537
6345 6257 589291
6237 7301 489257
383 8173 676188
3724 1713 527477
7585 2646 85482
138 2626 1032280
5941 3381 202768
8471 1548 169406
8001 8034 976191
1405 6320 350473
9943 2858 541819
9201 8192 121855
1067 237 639009
4330 3505 481518
9724 4583 606580
9933 1257 59509
8886 6544 560077
1790 4050 533146
8049 2974 173933
8330 319 1476459
6764 4703 1587268
1477 391 255549
9946 4823 66168
6231 2547 3897
102 1821 20879
9516 1182 286263
5746 8079 1075294
9662 6107 356692
1093 9821 86674
5187 4007 1890095
4539 6317 172031
7170 6910 1005471
3071 5812 933625
9400 52 603604
5042 6542 391596
4010 7634 7782
3267 3518 270883
9078 5395 116343
63 7102 75835
921 9091 905661
3181 4709 81581
2639 4588 2078
6974 2452 1242880
3052 4495 534719
7894 8415 1188347
6406 7876 285792
111 24 143398
5490 7824 109471
9114 6882 47733
1350 9503 3098213
1630 6047 282834
2987 8996 50299
4468 1375 382718
2285 7682 654922
1036 6617 366349
3085 253 164214
1754 1982 79623
9338 1575 1231497
5156 1534 66349
7123 818 400000
1854 976 1770619
832 910 413214
5254 5944 158653
5558 6305 1628500
8208 2623 164351
4303 761 461936
1367 7348 47354
5790 2861 895624
5710 6828 24621
64 5662 1388597
9682 2977 212664
7635 6775 57229
8630 7010 639535
9574 555 1180447
9212 5891 269907
6309 3179 1068498
5919 4572 679249
2165 9625 363561
679 9616 185528
6082 7878 1197115
7879 5748 459838
8562 1821 3602
1972 920 197022
7156 4362 411498
2740 5321 4274
1350 2859 132751
3148 4951 165084
6469 8362 22316
3641 1217 1622605
5951 2305 772410
480 4516 678258
2826 5392 1166878
5071 2985 31782
4204 8325 14195
4456 4246 562165
4180 4418 141263
3441 9042 158173
1502 6404 891898
6277 6156 1518622
532 4936 664913
9185 9542 111498
2541 1816 375667
843 3910 453764
6902 8249 41876
8205 8450 741166
580 652 536889
5174 5960 1050630
8715 5073 666736
1709 3517 362194
1694 8219 346582
4815 7991 400397
6500 4943 962437
4433 1969 1449266
5356 8410 443754
2368 1716 2129
2590 9570 721439
4898 2426 221761
7473 1589 646774
2593 5124 767634
6294 9535 36392
7610 8998 64812
3428 5891 340753
9461 5897 590924
7849 6607 1762294
1048 4766 677
2498 7025 1382954
8509 206 236844
4488 5108 1188665
357 2597 1021139
4963 7078 263758
5620 7931 519682
611 3660 805447
5488 5747 1528152
6970 3038 1978231
2511 2768 871675
4391 8213 182486
7873 5906 101382
1842 8822 694019
9246 5091 103790
7464 8499 298582
1184 6694 713862
9003 897 171221
3987 8327 814404
3664 3349 61026
4284 8391 162265
5090 6939 395613
4558 943 453045
1385 1044 788107
8549 3102 1384705
2686 2571 2586083
6133 3523 243635
6496 1814 22482
9084 4992 491777
6709 3419 162765
7235 6638 507081
3440 6993 348366
7572 5967 185439
1910 1679 1376189
2938 440 8910
9919 6643 669682
9777 4221 321255
9724 5417 138804
6462 701 367905
7391 4723 483808
3175 2398 486878
1390 2147 74067
2299 4762 678010
3052 664 36614
2922 4432 344388
5279 7261 92617
1544 4976 188109
4266 1877 722468
2842 8838 424467
1287 1738 248776
8107 2469 363220
