186
2877 1343 50652
5656 2178 68897
9535 4979 10285
4864 3603 293922
456 5360 1212451
5294 9906 336272
4605 6770 76289
8223 5549 112718
1737 5771 159229
9104 4056 358486
7640 3325 527795
1713 9027 325842
2491 7259 91684
8074 9040 126708
2175 8534 1137319
4431 1312 229238
7260 3682 807878
4248 1265 1027957
9509 6010 1207205
1898 7716 60214
7148 5199 169272
7239 8470 62363
7005 307 1127989
705 8712 46675
3246 7437 64376
4044 4224 632452
4886 3065 870984
5866 1678 2983443
1641 2357 116037
1636 4661 297921
1125 4342 2485064
4605 2764 441608
2137 346 1528055
9086 8749 151526
4310 1993 530636
4268 5317 57840
7730 4266 352413
3085 9165 345076
4882 1819 368695
5722 8289 712460
7307 9098 351110
1114 1347 515517
4244 8969 92403
5204 5532 386339
9481 4686 140168
142 928 32306
5291 8003 11646
4563 9870 319575
4010 4577 204246
408 1479 831863
5477 5520 1730778
2442 4034 500386
1337 5158 384604
4159 5360 1431015
1448 9075 201685
173 8156 697190
2384 4498 485975
8541 438 277984
5906 348 213183
8630 760 1821120
5102 1782 183292
4821 1550 985532
5095 743 930027
115 9437 97876
7547 4724 856765
8962 1759 550536
3195 4315 189607
4248 9467 240954
845 1838 177952
7911 3070 1657451
3496 4910 380173
3229 7306 1962880
2299 6766 341078
4005 265 465743
6098 4138 185815
6948 3614 891626
8699 9038 200593
247 8828 1149161
3969 526 511287
4543 1341 1562672
1147 7130 361916
4053 34 99687
7484 8139 103414
4722 6109 596189
6756 8229 404707
3658 4780 903996
6915 9338 88571
1778 7042 222139
653 9148 442432
5989 7610 161507
2432 1911 40058
8343 8810 721745
4192 725 95031
2359 7883 675855
3724 8306 40059
8741 2176 293407
4644 5549 504145
5844 2387 319715
8217 533 162586
5815 9692 978260
9108 779 17324
8731 2876 677012
45 3987 1474956
533 1940 900565
6157 8179 526440
1723 5443 951928
4892 8967 197581
7244 7720 215399
6208 4478 29005
215 450 1225900
6515 272 275393
8919 2888 802702
3992 4536 175018
7773 637 2067342
9037 8420 55915
7712 5716 140956
8611 1069 546460
4590 5002 1563696
9406 4823 491468
6434 3086 176774
1980 3317 174638
4172 2201 697080
2032 7314 820415
8656 2412 426883
5082 1267 934289
7878 555 252802
3625 5865 508362
7978 8630 48251
7385 8190 354246
6490 5128 225004
7675 9349 983205
2033 1295 19839
4700 9112 375198
9733 6887 548854
7873 2136 75590
4025 7846 280252
708 3522 1806455
2639 7538 48522
5072 1481 480932
5624 7914 786421
8942 8262 79035
5679 9625 265866
1454 3806 12501
9505 3273 455784
6689 2508 89403
9361 6581 2102505
3155 7001 115478
6482 1498 1345713
3842 9454 319286
7169 3481 310965
4665 8707 58928
1800 2574 403117
717 9593 38340
7619 8494 1959301
5296 1827 490177
2627 3368 338425
861 6721 92978
2077 4671 320985
2236 6710 10179
9538 1512 49917
994 293 708148
5012 3438 19554
8088 3527 269776
2200 9447 894257
6906 4696 821488
293 6456 313043
7503 4597 395822
1984 9608 453086
1374 9761 521515
7382 2606 157238
6597 9590 1003416
1569 3344 1146348
5673 1191 487522
4999 7887 32778
549 1644 475462
3818 364 140782
1595 113 560956
5416 2890 3082645
7233 3621 349750
7711 6049 678303
8009 7011 553744
9888 8100 460450
6637 9589 296691
9877 5635 455428
8504 2627 776638
6607 7732 795747
