186
7190 9738 171553
1477 8241 11578
8942 7735 455786
9505 3946 546919
197 8539 655036
7594 7442 136043
5904 4112 444290
5495 321 340458
7336 9166 1290825
3354 9816 299020
7275 2503 174036
675 9562 253901
6306 8272 804910
693 4256 191826
3555 7828 677743
509 1763 1606417
5031 8538 192140
5311 9203 28274
6859 970 1340025
3484 237 26779
2429 8066 555119
4698 3454 76432
6551 4804 109370
313 1066 2485295
6896 987 71568
544 8084 463517
108 1658 1233464
1922 7245 161946
4941 1751 519914
6410 5034 294216
3153 4424 611444
3075 8442 1946684
547 1687 795111
1508 2786 905033
5079 24 942055
1416 4737 35055
3910 2700 525200
5933 4968 15394
4520 2071 277715
6398 5552 261451
799 3743 3273
1918 6749 167096
5818 21 119719
1568 6632 83441
6006 2022 197505
6388 2799 120737
6618 2132 2487397
4652 3182 371742
4061 4462 502973
2681 1592 681
4526 8060 101652
6409 457 220171
4307 5029 170784
9535 3634 139630
4611 492 702158
7803 3829 484328
3360 9358 629214
9198 7905 950699
5720 4796 841107
9172 6978 93039
9046 2159 2193839
8950 811 298532
1371 8107 92129
689 3991 68205
4314 8436 55312
7583 6099 28976
8483 8672 287434
1435 3694 2832020
7964 5276 562998
199 8254 1320486
489 2254 666564
4822 4437 292009
6669 6745 533421
9684 2360 143027
1484 3800 593354
1419 8794 700926
2704 3997 1664435
4723 4627 537737
9775 9664 220778
7887 4613 6333
226 643 711549
8780 8718 631704
5155 4786 176476
7205 2533 314471
4955 226 20066
6743 4513 1762446
4833 4852 449646
7872 8050 564597
4356 7121 126589
2150 6655 320458
9505 7054 588536
338 9515 106914
7312 5055 146174
3997 3867 261521
6375 3047 1368853
6067 8184 788645
3847 9560 630005
3853 8993 73651
4982 1251 1454125
6706 4366 74458
7012 8782 800316
2540 6514 153832
5578 3953 640417
7971 9721 47520
6283 507 576144
2009 3075 456859
3559 9425 560830
6098 3655 143011
8525 5592 212625
9630 3013 20910
4793 8268 470610
884 4581 1681380
957 7099 165544
1972 5725 1143565
1735 101 395575
4665 4347 205041
8887 9436 86190
8355 2509 553373
3584 3725 183034
3393 5284 2402711
2580 1446 683378
3797 5551 474880
7579 7119 530034
6564 6173 1335838
9104 1070 117528
4190 1957 128849
2329 3166 24337
1569 3888 2315747
4112 554 82150
5143 1217 408942
6263 8019 82604
9813 3387 323390
7289 4995 268368
4833 5620 45016
4663 7006 441397
5535 9927 859270
6844 2904 383502
4176 2247 418283
8456 1711 491208
5785 2368 86156
3395 2439 495888
2271 1304 1625175
9938 3763 1159739
9147 3819 524732
7868 2232 51053
5940 3373 311747
2760 734 202152
4192 5787 1218941
9526 4999 1231843
9206 913 10345
3142 9357 915301
766 3364 21624
7660 5526 42121
8826 2963 985035
4288 2479 1214270
6701 525 74074
978 9655 1075896
6556 8882 778208
61 4273 138715
5614 5807 1468474
3687 8786 2074441
8834 436 736172
8583 7761 316461
6779 4931 287652
9129 6652 142448
9200 1344 12932
3940 1190 402218
2552 5641 216640
7875 8753 207046
3390 6895 31740
7033 9482 652521
9904 7799 366739
2503 8626 123116
6280 9721 1379741
2351 1146 657200
7030 9467 547569
154 3685 655491
1687 4848 38332
5319 211 449918
1799 8721 948814
224 3185 2846
1084 1376 82149
7195 4126 99658
1008 79 201705
5086 8862 302090
837 7523 1128377
