186
9186 4676 443307
4106 9028 635970
3068 4952 1948145
2872 3072 738463
5291 397 112085
2053 6215 87964
1158 287 1276286
7409 335 1128607
7646 9297 402145
8744 1183 300980
2636 7836 839780
9582 8874 73228
2602 326 66691
3160 2710 452886
5346 8311 33303
6898 3141 112214
9956 8919 733660
7121 6817 7033
2602 1523 936778
9880 1929 33332
6683 1192 1224323
4818 657 20111
5984 5994 833566
9857 965 188041
4215 2916 1976109
2393 4163 750903
4884 7190 753194
6330 8841 384281
7011 2658 258584
894 6026 455201
6358 8959 561203
5327 3347 715828
1960 5642 398018
5295 5636 594480
4382 1237 521159
4004 7725 316124
1092 2812 302507
2941 2033 259511
4127 3156 85499
4808 6079 965753
8599 6405 494797
6875 2446 119980
4980 6755 184847
1443 7875 1160312
8861 786 1750455
2387 3439 2936714
4075 5715 45330
4451 6523 1775142
7975 5313 866735
9028 4344 1134052
7636 5765 1084519
7096 1585 1538725
7188 7709 273409
3042 1467 95814
2495 9571 744841
2600 1600 22878
3354 3586 318323
4674 9467 11971
4062 8065 595035
8718 4071 254355
2652 5636 64863
3052 2409 214447
2597 4393 253991
2488 7063 438248
4260 5597 127060
4367 2076 321202
5892 2575 4872
9013 505 116875
6460 940 489579
6449 648 328461
170 2527 62711
3062 7532 62134
1984 3424 6378
7739 607 76390
3348 5086 980882
9861 1955 342402
6253 6452 162953
7455 8829 28186
7017 3608 202027
6486 1247 913617
614 6251 445204
2017 2110 29705
8130 7873 133775
2668 3212 707938
113 7175 999607
1590 2675 352791
1031 8269 1259141
3014 8374 1058133
6994 9326 66695
384 2527 120893
9142 8287 483189
2362 4752 475720
6820 5940 187331
9190 3267 1054272
7260 196 377326
8294 8981 86280
4597 3649 1483008
3761 5320 247611
9303 1943 72837
5159 3125 625131
2969 6110 583538
3583 16 838470
9198 6118 416972
4789 6998 63573
8992 9328 698566
5079 2255 1435505
9029 1495 254966
5774 1521 466773
8194 557 172660
6676 282 372967
2481 3686 535663
5947 4961 2042416
9928 2407 230162
1005 2275 493102
5195 4766 363310
8752 8455 596648
6428 7186 800608
9734 3579 197016
8306 8239 288953
5144 1809 130596
5607 1466 1639436
2660 457 1138161
3793 9106 723323
5704 7125 236154
9456 4744 2611977
7309 3819 304667
4313 2508 287395
2794 6706 856671
2844 5534 685077
9204 9415 935754
5491 3198 429769
5182 9113 243850
1208 5726 1432753
8981 5304 1526427
5761 632 27604
7260 7028 1234845
1054 2027 607308
2285 6282 748749
477 4637 309422
7710 4372 15774
2987 8318 628940
7789 7257 751498
8856 4835 219659
1050 7257 619402
5578 713 198702
6239 1524 169773
1096 6847 313611
7602 2777 125090
5587 76 54106
41 4447 755062
7630 4129 188730
4144 3015 93018
2412 6702 421761
5517 2587 521747
8895 6519 580156
469 8478 44438
4686 1960 366422
5550 9546 1847644
8809 5654 503938
938 8652 138062
1733 5679 671188
3630 524 50620
1460 7190 135988
8281 7886 651019
2679 1823 429289
7450 8539 426354
850 9605 1376376
3070 4835 359745
1590 8508 336905
1948 2999 406658
5386 62 8414
4013 8456 346534
857 7582 66824
1846 2363 388311
7348 207 156867
8435 2992 612505
6617 2853 505070
659 6793 529473
418 4724 704254
6542 5049 396468
3680 8388 234700
1201 3590 909130
8796 4836 710083
7364 626 452616
873 6402 336705
3574 2858 479214
