186
725 5284 394701
1474 4291 782914
3634 8714 1053363
4794 2921 391319
3614 4262 1173058
2942 2513 1527618
2361 9320 45168
9491 2745 309940
5491 924 629114
9251 1308 72974
1864 2416 203950
1366 3636 709346
3843 9341 752816
7309 7828 2755671
9663 5411 1880627
7105 291 7091
515 3433 218036
6012 8595 315115
1234 7657 1200801
5412 4215 94417
8171 651 823690
4871 8454 236357
9985 8713 336658
690 9674 319702
9892 44 655748
113 2386 568167
4381 1935 50400
8822 4515 391405
8373 3759 182694
8471 3962 671515
3980 7150 527988
6512 9051 64679
4024 6254 1926690
6861 8816 917910
6889 688 308396
8202 5685 462292
3595 3250 497060
828 413 174836
5646 4064 138905
4977 3520 1485689
3987 2800 16338
495 3738 183967
2818 3841 27094
8513 1672 279990
9191 6868 691998
1992 3321 38315
9714 8274 663432
1333 2215 262751
2552 6501 261625
2473 4285 762759
5753 4763 160827
8955 4500 410526
3895 200 192290
3095 9018 916254
4906 619 2598977
7710 2025 439118
2380 9469 271137
6147 2734 128943
692 6956 368229
1620 6723 781924
7194 42 77129
8323 7367 688879
2495 6399 249940
7161 8078 187083
7423 5919 1392333
5931 1857 469295
9695 2787 80553
2498 939 17909
9296 3068 1061666
112 7389 2223952
9691 729 1333445
7460 7907 59871
920 9523 1080886
9672 9348 463449
1233 5152 117458
8023 3453 150623
6013 3842 5926
945 9799 762350
2020 8438 661527
6246 5225 1410460
182 2506 1589492
4998 8341 844025
3245 5211 582870
1627 6255 169233
3523 9300 61457
7006 6045 860211
9559 4228 287769
8627 9499 956594
8845 2773 620441
5700 4471 87528
9081 9601 604629
9050 6464 152162
6015 7428 567661
8717 3062 41319
8683 4915 127339
772 3230 3190
6771 2996 791322
1665 3112 227374
3749 6582 513883
2172 5549 778600
356 6882 179612
1630 3678 95785
9762 2851 938877
3734 6996 167882
2913 193 374049
8730 13 147665
5497 7330 225378
8148 4418 165349
4737 2450 306723
8518 2196 1197200
8944 7521 1088572
2422 3044 119357
155 5429 65323
5074 5990 84254
1488 2714 290788
8906 5673 425478
3441 5371 147468
8841 1228 1795508
1037 8970 513392
317 3675 812132
872 9867 132237
4308 92 46507
640 374 813791
173 2750 652221
9853 700 362454
4823 9097 970562
4741 543 1339204
8803 6651 495854
711 8202 623217
1176 6547 342063
2138 2999 612256
587 4924 813287
8365 2508 53414
9059 6705 686736
6976 6132 388813
9478 8350 552383
8992 7962 461040
4955 578 596517
5361 9642 139345
5429 7584 185782
6528 277 391165
3972 1366 1416247
7172 911 513303
1726 3347 71599
7842 1777 1301837
4656 5379 1113664
9209 2967 464401
2016 1226 729804
4444 9506 1030393
9571 1181 730076
5686 883 113594
9356 3596 17546
7064 7589 654000
4693 8931 484218
3319 7089 351663
6070 268 1083862
6511 3039 180377
6937 5508 248030
4781 3345 411258
2416 223 746215
2580 1725 117061
2874 2076 324125
6409 1908 383630
4308 2419 412370
2697 4366 342646
5022 2615 170568
3268 9293 958683
5146 5786 261251
5371 272 1204935
6828 2448 201808
583 4516 1146087
9778 2998 562474
3673 2905 105336
4727 3603 40410
9124 6533 42683
9115 7542 381565
7879 4247 380123
8668 9141 574500
749 4878 856264
2248 1976 848599
7316 1608 185799
4619 9179 91358
256 1510 463769
6199 7146 660377
416 9581 575663
7023 2093 169042
