230
6543 114 942113
7939 4108 58925
1087 2759 678277
4934 7830 660793
6935 8422 388176
2672 9457 642548
4994 800 339618
1488 462 1827800
650 313 198278
2176 1361 206172
990 5876 516306
6961 4837 734302
4409 6522 418610
4314 9865 832002
9482 8792 152242
4948 533 286262
9574 5218 105295
8712 7583 365747
8352 1248 635742
2010 9929 731210
12 4086 115000
4925 5073 296576
6292 7990 173620
9151 3195 431714
6090 7460 191564
8875 6595 53997
1797 9676 280778
9350 8440 129772
1425 5399 450943
1745 1776 216759
7568 315 97116
1606 2483 6939
557 5151 693307
6858 3832 118717
4389 5637 19257
7782 7260 488470
6445 6898 903543
5622 9939 510948
8409 9584 207777
9830 4952 793836
7604 6729 143865
1975 5639 113312
7756 8962 372592
7268 7962 44208
5867 8444 213855
3535 4438 873456
9870 1596 365806
4657 2403 89986
3536 5559 1146373
5584 4506 282927
9956 5322 173372
8022 2640 223217
8303 1808 452150
6619 6874 367680
872 358 320504
6327 7840 79888
2600 8048 799097
9294 2352 202304
461 1063 761744
4660 9844 495325
1026 9174 1243532
3677 2913 448523
9507 1875 159684
8940 1051 111347
9164 8858 287884
4699 6366 314603
5448 1450 138791
6064 8134 658709
4584 7466 744869
8955 9172 399517
180 2163 1132924
2718 6859 283905
1725 9228 590192
592 6379 166761
7574 5119 335427
3915 8522 205760
8032 9957 387793
835 6435 339565
3022 9756 451365
9577 6487 404845
8035 320 52080
8684 6882 1176621
4350 1420 1217487
3726 2207 490834
8348 4328 165278
6936 9048 1038368
7780 9431 1170881
7870 1051 285403
6180 2257 6671
9748 7230 61728
359 6165 65859
7935 5990 1557422
4667 6431 205463
5706 4197 442649
9465 3479 848418
5977 5499 329448
2697 2104 247994
4525 4569 103753
336 6588 1243567
2106 9020 102149
9795 1532 644842
1412 3323 845227
8355 353 924523
5791 3642 87403
4555 1422 20667
7627 5725 404284
2483 5080 1600940
5190 2848 107788
1265 2013 23343
2725 32 302145
9123 4763 1062503
7420 8527 368829
285 9607 67605
4957 5644 1316101
4657 5200 36382
6720 6038 831184
7798 4662 773715
4572 4822 350423
7674 8827 530538
207 9610 122431
4733 9769 264370
1549 8054 40488
6407 1334 91485
1874 4882 232279
4268 3374 120859
5300 7128 577454
9650 2744 213952
3761 3121 565551
9197 9030 204595
5791 5332 17370
7743 7674 543871
4670 1676 534631
3717 9347 155196
439 8372 1642015
5425 4545 570019
7945 1724 515965
5938 2859 363365
2354 1151 146623
7077 1234 798060
9694 2956 731376
1569 5267 1523225
2404 6172 1169950
9897 3351 399344
9638 9936 711502
9237 7318 86871
4952 2414 369894
5290 5060 181856
6428 7855 149399
1148 5050 280445
8900 8406 340283
4711 8827 24727
5857 7731 810326
1898 4786 162826
1876 5168 62350
6873 8296 581954
9703 7913 86430
5902 7459 224327
255 5578 66023
4112 7139 21465
1163 1431 74127
9377 6626 254726
8172 2228 885255
8419 1899 197895
2725 8982 556235
2189 9778 1584183
9343 9805 752487
6942 3755 351619
9270 614 327475
2917 5402 713571
4002 2440 1303468
2154 975 136199
3241 4941 210603
3302 3955 694529
1566 7664 415862
8512 9567 592353
8043 5233 2343848
5016 9795 1462828
7346 3995 300116
7873 4967 143580
5486 7011 463168
7125 1210 319152
7412 5564 105698
8374 1503 912157
1276 5298 20886
8409 2758 388675
5016 2678 1556103
1526 2333 465328
5355 9590 929922
4436 4972 253291
4249 6097 11145
164 8767 158275
1574 1584 100731
6338 2458 28628
7361 5864 383945
8638 4397 162782
5177 2096 207895
1607 7048 1073
6520 1158 310821
2975 6124 104250
515 5626 596517
1680 2003 312
7222 495 326310
101 1712 336722
8773 7364 373548
1600 8449 66908
9074 384 831900
2969 3368 952991
1090 4762 150191
600 2089 370830
7145 7977 298609
827 7615 221608
6041 7677 257429
8201 707 107411
9637 8055 191157
3542 1911 956
8272 5343 281069
6453 337 1317493
7469 4094 264691
5232 6996 192043
2098 4260 176211
9845 7867 218231
3017 2126 56285
8420 4518 572421
1935 5286 352103
4053 7260 95892
8869 9129 89477
877 8843 713376
3087 7202 103169
6904 1696 31255
7050 1871 223626
