230
9574 2080 894
6073 2801 124893
2941 4436 124518
7833 28 429502
7321 7338 38691
8689 2379 921707
3392 7414 316753
6011 4320 212227
4027 4690 444556
1225 2966 278411
2052 5218 2837528
6045 4219 88503
829 1392 609477
7784 1052 16394
1306 1691 59711
5096 7449 33015
883 306 1283475
895 3034 282519
7117 7093 613212
4896 6317 78047
8280 7450 509281
8923 1019 32418
5533 5940 177412
5750 8570 246612
5386 6627 153337
4937 7708 152603
6084 2584 320069
4232 2348 1437946
3474 5518 354847
1117 4455 240123
8077 6699 179909
9890 3670 135764
6533 1793 178011
8312 2271 346566
3725 1671 22218
1040 7376 261150
4187 4641 143244
7336 4694 221828
7320 7177 191278
3032 3080 1906417
1972 4221 72529
2168 2921 129317
740 997 69044
9612 1426 792006
3212 3423 585825
2476 2353 3111
4058 874 175014
4806 9594 402897
3088 8618 301100
8045 8160 316177
3489 3617 700663
4258 5072 145156
3028 6578 216276
8105 5118 275634
7908 1965 62202
4419 2168 76827
2737 8463 604300
856 3758 144533
1465 9610 148895
2252 7639 39859
780 6291 733362
7713 3966 1117995
3028 1932 268923
7268 5914 349380
2870 5453 193964
3952 7699 542178
5980 6438 772263
8492 6443 852779
6936 5533 84607
2020 1908 589029
8484 2177 245091
9572 7696 350989
3935 3334 23139
87 5575 1614060
1033 843 5022
3441 9915 566153
8209 5274 1209670
2470 4828 200541
5027 2162 307003
6937 87 273856
1530 2049 145185
6030 5506 145927
5337 2877 341844
2132 5614 909804
8727 8818 309039
6676 6074 168024
9704 5323 74720
5707 2125 223893
3796 3979 1242448
9044 5418 622457
3190 6301 31506
682 7778 50158
6650 9303 638376
9495 8205 319261
6744 4461 326043
3493 2073 110509
2983 5264 179525
9122 9730 17629
3211 267 954399
6626 5587 375232
1815 6563 253783
8116 9107 416357
5037 9476 358023
9523 8144 237020
1577 2109 4689
5517 1795 212254
2658 2845 431510
3819 7499 37090
988 7935 333514
4342 2483 2218883
7356 8084 5941
3144 4269 175438
1700 5773 268376
1039 9752 193070
7762 4107 460384
5795 6545 116010
3355 599 1243885
1160 4545 1324244
1361 1772 528207
5256 644 9430
3562 7514 615014
5825 1290 6070
1610 5320 407107
7796 225 114341
2447 4360 1005483
4062 2585 75651
3077 7827 96376
9273 1921 103672
8130 7396 277073
1 1539 455160
1324 5409 869456
2141 2703 732931
3913 9914 1634821
8097 2572 165563
2271 1120 40303
1133 142 81918
8255 5864 906071
5942 2307 263604
3822 1681 963294
3210 9132 706926
6113 2475 2577684
8844 1061 541665
6131 9717 842870
3169 4655 808403
899 4333 25577
5352 7312 498175
4483 2541 662747
4683 4010 696800
88 404 519357
5353 1384 177072
8074 2429 499987
337 3927 301234
5591 2130 18416
1914 2498 71918
4249 9274 586245
3707 4822 13161
3810 6697 836712
2103 2636 238437
2896 1365 185612
6903 12 139358
5107 2273 252534
2841 7708 409286
4337 4586 250368
5941 1048 1078595
4806 5308 523184
735 5859 1262250
1571 7603 208153
3526 9127 292427
1530 4279 473439
7547 2295 1334562
4588 8712 989367
6068 8476 193459
3121 4212 109511
5088 7715 750189
9167 6413 563397
386 9510 628403
8683 9863 2438698
1892 7111 2091961
3818 581 249808
2208 6576 145689
32 5684 13525
2043 86 582035
8843 2289 136465
5213 3316 990930
3640 7882 51703
6308 2713 363023
213 911 808195
9313 6586 1177216
1583 2288 1053220
5400 1031 335064
4820 1968 286798
3243 5635 17903
3497 3068 633206
1918 3368 13744
437 9030 1006411
9717 3397 397195
2249 4776 295395
1339 7725 531523
3223 9932 452563
5262 4631 119024
1000 7046 86756
6097 8153 126502
6304 3657 91913
4741 9102 32235
3834 1888 781192
2363 1981 305957
2080 2783 83047
6867 7626 337006
5795 4621 85941
8093 7099 13967
6474 8663 193914
1785 9409 463714
3908 6389 37963
9642 5292 12255
4008 3600 72868
9576 1198 502485
3991 7908 316936
4047 2346 537630
594 4731 55412
2941 7937 613811
400 3868 465448
8358 6365 137524
196 208 999086
8938 9294 225201
4657 2671 301198
9858 3438 435600
7610 7729 510850
3263 7334 830224
9475 2389 468856
5558 5500 21305
