65
35 7840 424281
6366 2462 491323
1423 2492 3807868
9062 364 788808
8714 2865 2185121
1085 7692 4182355
7416 2809 1224500
9969 9825 4264874
5913 7281 4713381
9561 8548 1308722
3119 6410 1246081
8899 3979 315050
384 5605 164135
1012 9855 3374794
168 8417 2120072
7079 915 169000
2839 465 2493556
3273 1364 695931
3882 1954 101122
4702 7849 999844
5837 1842 1784001
6264 869 1596356
1272 2496 861855
3428 8922 784714
8362 5801 489021
5944 228 751646
3818 1499 1062499
4114 141 270564
1724 4829 1603050
8747 1540 820405
9086 993 2130603
9074 585 103737
8292 6638 980232
4252 2653 546418
4224 9507 6703
1630 4300 1985186
5702 7661 446852
4909 6449 351885
2469 9254 145668
5693 2748 2806049
9988 2409 1580619
4778 5970 1126737
557 1751 4047669
7644 1118 1986329
6032 9183 1462904
7891 1732 3347939
8609 6490 2549506
9980 3985 2156128
3392 7804 462445
1949 9611 6162
5933 6112 3577682
1474 935 842369
3560 7393 619112
3369 7664 2242074
1824 6676 1698815
5391 1460 5843796
9192 3040 1075281
8428 6472 2695700
1953 5489 2550846
1423 6923 681028
8287 583 691845
2286 3775 460274
2852 2429 807739
8692 4914 2635534
1990 1451 253205
