65
6975 760 984627
6276 2779 2279
5076 48 716044
5661 7432 1168246
5456 8612 381039
942 2875 4318924
1281 3367 221388
4114 836 663808
6425 9986 5504267
7354 2423 2499309
9980 4801 831026
135 3145 5614827
4617 5889 1133927
5414 5500 330499
7726 3768 1044247
7184 2613 618939
516 4597 327463
1746 2384 2650621
2919 1977 6163790
1251 3136 36953
2863 3627 993103
392 3780 173578
1888 396 678276
379 6651 5157539
5428 8517 760755
3124 4095 1384810
4002 2462 120888
8572 3854 1177558
7873 4713 478697
6825 7667 393820
4027 5411 707349
5875 6152 1442173
1904 2313 395344
7385 2482 840326
1934 602 304467
7977 3810 1603963
9238 5239 853593
6094 2238 1362732
9108 3227 319784
2678 8947 3437740
9818 1776 103068
6429 582 719117
8576 7800 1372096
5358 9927 181796
3883 4901 12441
8547 9323 2692476
7212 7905 8526559
1757 8260 1482878
3909 685 4259314
9119 3918 2363386
4410 550 3908132
4288 5583 2984260
637 7542 571151
3751 6076 1184472
7479 8685 2496337
9084 7213 216553
8709 9332 1792525
4801 7268 120869
4638 8772 8443
7977 9657 505744
4666 3764 852429
4097 5679 333855
9109 4998 850872
3269 4973 1315719
1445 9300 3346790
