65
4407 6452 2186523
6437 7493 2734370
7814 5257 1286068
8394 5121 3194476
8715 6734 605312
5798 8087 355601
6182 2862 961543
5095 7484 2057168
4690 9710 2680142
7578 4817 1905147
8869 9408 1598391
8914 8833 841942
9625 7692 672565
4266 1658 1511553
8584 4992 335501
3725 7440 462651
9617 2117 518881
7773 13 66572
1361 3795 195522
842 3966 4103309
437 9477 820572
2694 3747 695946
4065 1423 4321755
4096 9784 1431063
3657 1595 1540520
6470 4153 2314582
1370 2667 1986457
1815 2270 571587
4093 2965 592685
314 42 1414701
3450 7313 261775
7315 3127 1128106
4097 4638 236280
2755 2143 342947
244 5432 428275
735 3251 84789
1559 4743 580075
351 4308 1735570
6788 2917 7303558
3952 5011 155840
6315 4056 47963
908 5615 110785
3911 4307 2936601
9654 5936 3412021
8526 8063 2433507
3991 7306 2711271
3515 8143 866644
4103 1638 793165
2192 8039 7450385
7792 2762 995311
8783 8981 606621
3721 2537 311113
2106 1804 1319099
7075 3122 2881168
5423 2545 1539406
5764 2826 456353
8251 6868 2079813
6118 707 749367
2903 4035 2556476
911 3127 1313920
4849 8705 1753830
5040 2380 2309437
6229 9132 1796577
9923 8882 847523
6720 6788 1501324
