65
1050 2332 4541497
580 9270 2346541
4755 8725 661299
9947 6274 1940965
9254 6598 863046
7014 9590 345551
4533 1166 2615154
9297 3070 1600867
2616 5127 4248953
6634 2875 2142646
8386 115 1841655
4912 4730 1337733
8910 2680 1475519
2637 2594 1155424
9443 8635 151354
763 7479 56129
8985 2142 2244916
8781 5809 421304
3106 7674 2789124
1167 741 487508
3988 2520 5356
8726 6749 481218
1783 7687 1791647
6460 9110 4185164
3585 8236 165566
7457 6564 1214620
1862 4104 6588829
2220 4788 2805340
5378 4602 178174
1542 9073 1458110
4400 2174 1154949
1920 480 284170
1204 3853 93434
8921 6307 2306359
5332 9975 599676
9933 8573 2516272
3478 6119 1550803
3551 1599 4375823
5317 38 1031427
4489 1005 1751367
5994 5590 537871
8732 3842 892405
2304 1011 505368
9996 1747 802671
4369 6218 1728733
8173 6506 1544286
9492 296 955828
3888 4798 1498784
1378 6882 725352
2444 6862 211814
9809 3106 386390
9951 515 396964
3817 1473 714412
3736 5636 3440516
7753 9584 492370
1312 53 627541
5339 8237 2322147
6133 3608 1486831
37 1926 1265882
9404 2435 112926
393 7209 3811865
6762 170 139899
1436 9204 3234085
1964 6051 2788398
7278 9054 1571173
