207
5725 6026 216629
5688 1852 90986
6828 7284 793924
9292 676 296721
2869 5253 137439
7871 2480 399505
5640 8498 145523
2422 5481 783229
3413 1489 115666
8121 8658 663148
3496 8335 626170
7870 5022 3650779
7369 4333 700618
8024 2635 190094
1861 187 500567
999 9102 867973
9379 2909 1012636
62 3760 274130
9731 41 247173
9841 3257 20986
3312 4585 43355
3077 15 299994
1654 252 32091
2328 4944 335998
4384 8231 82127
6186 4009 1029986
7931 4246 534241
2180 7768 507802
6396 4483 25390
529 2461 126341
1916 2849 485321
455 6336 732809
3606 1365 50827
7217 6566 319617
8364 1547 1345384
4948 2442 388574
5762 3840 88259
6689 5924 37238
6994 7614 1487029
2835 2925 227315
6468 4135 121816
5322 913 1285003
3943 4690 904203
6458 1847 635701
2543 8335 1536098
302 7328 55763
7162 9753 85401
5602 3692 443613
4792 9899 285686
6299 3646 394773
477 5005 162207
1284 6703 36288
6797 8552 170356
6613 5216 300871
5955 3192 953856
7046 8359 1884588
3213 5753 426675
4184 8801 362424
3082 3385 493322
2616 6992 47714
1574 109 577316
7706 5877 4501
1632 4192 1125824
3624 6745 298136
4084 8256 363739
660 18 387779
719 2943 690080
5193 7104 819791
7254 1548 488667
4723 5181 196349
9649 5105 265521
7438 9438 321743
9906 5509 57022
8216 7623 1565093
2475 3681 111623
9085 5763 227476
5775 5852 470560
6370 4678 175388
9179 3527 1077638
4616 1952 1244777
2199 8295 858200
2269 1460 990974
7179 2925 29938
4237 7160 81826
1864 9947 22598
4055 3457 1401018
75 8056 78856
1658 4756 429894
5318 4998 156073
6215 5477 323032
2790 6899 1064655
3643 6471 875054
3335 9630 993323
9835 580 1750110
8381 8865 53683
7800 1825 616272
7349 8046 245394
8300 5067 280284
3610 1071 82095
7791 9658 567094
7721 5570 174086
7330 5284 51482
8305 6586 546364
7289 343 640614
5835 4336 150182
8320 5820 590884
8711 8949 551472
5141 8064 278409
5056 9299 729950
9364 2499 202305
463 740 117106
6497 8949 583961
1782 5826 37182
4364 4940 679785
3507 4648 209312
5240 5191 3290509
1250 8022 210497
4542 3830 434840
6655 4219 49121
3013 8260 182651
8401 7999 49692
9752 5862 155129
3459 2934 62743
8709 5904 377180
2745 4044 314590
1620 4468 135902
9755 1929 401340
6332 6334 167714
2072 6704 568948
922 3824 930134
5068 8576 51112
2455 491 1235482
6917 8011 613813
8545 8222 655782
183 4245 157755
7397 345 70865
8401 4040 487418
4596 84 78341
8174 6723 157678
2799 4092 1128234
5687 7301 199077
7971 8764 355416
6527 8464 1207922
3455 8208 476231
6001 224 325651
6613 6365 39357
9772 9942 474969
9134 705 759385
4887 2410 523297
9198 1555 139976
1375 9022 1373599
917 3296 114166
2834 705 203141
317 6551 17752
7306 1245 200309
7996 1343 244191
6789 919 701264
8904 9337 66287
7123 1361 383504
309 1744 420413
801 7145 822574
3224 3984 1600460
7269 5215 175137
2974 3187 453676
4739 284 1284155
2273 1463 55221
9050 972 740786
2193 2932 173786
6201 2827 1145398
5748 5942 381731
603 8718 235880
594 7222 196446
667 9557 237875
2345 3003 28167
2534 9202 897743
9579 3295 8753
5108 75 702228
7747 8498 118801
4426 4889 1160565
5946 6381 86001
8490 442 333690
5711 5680 760382
3413 6122 32872
5206 9320 1199273
6384 6920 344885
9974 7129 1075549
8951 7363 73265
6375 9322 7251
2080 6168 198679
464 608 236761
9201 7375 106159
3712 6261 487691
4214 9385 256953
5670 5551 146460
9691 4054 675661
575 4381 127534
9849 8113 68016
8616 3323 1087680
9306 7592 716924
2050 2775 171731
3845 2732 263734
4092 7386 606081
1038 9521 360982
8568 5552 453649
5784 210 1670646
5820 4697 360392
5151 486 65898
