207
214 7013 1016344
5049 8692 656240
7688 3710 1938329
8683 8202 945397
8136 5879 597830
7570 1527 108587
6170 6029 72263
7367 2899 1280590
1963 8695 306543
2832 1083 584680
9613 3020 216023
5093 1886 1533764
4360 8954 384485
6934 3801 218529
5482 6693 447611
7813 7994 240001
5051 170 324899
2094 7976 200858
9719 7095 1638873
4536 2253 434200
739 3559 381220
3248 8054 458708
1912 5716 577705
7202 7852 619829
1534 995 753432
9695 5780 452496
2507 5293 72317
8595 6266 18844
1828 2862 196877
3107 3709 97037
5822 9096 788138
5396 1519 177410
9905 5876 4198
7328 8303 748511
6147 3205 279638
6275 9500 596811
4048 1635 310325
4245 1769 410240
788 2775 77135
4302 7411 2026943
7693 4819 885055
679 6815 26269
9083 8239 229857
3523 342 887449
4790 7920 70556
6114 4960 611372
8732 1314 1163764
3026 4823 709397
8955 5335 11167
3682 8484 174208
3391 4621 197
5137 9464 78683
7521 3945 540278
4705 2829 55258
8079 6352 42920
6128 8991 73291
6619 4405 288247
8606 1261 1344250
135 1813 123824
7988 6144 208594
6167 1481 399915
1106 2620 232321
5192 1855 37605
4011 6034 251538
5674 9704 375060
5019 1129 201850
5224 9848 306117
516 8120 191725
1244 7834 112849
5250 3387 462734
742 4910 396011
8551 1229 421584
5346 2444 293797
3004 3287 109301
1592 5609 459155
610 6123 93046
7587 8141 2185048
1925 4735 400291
9122 8763 679270
924 2446 139777
8529 6844 1150720
3638 8499 97098
9960 847 931378
958 962 2552
8561 1363 130841
6901 2504 783152
124 1870 1121724
3069 5336 205629
7762 7579 147982
3319 3935 418013
9059 4598 895094
1247 9095 68576
6069 4615 1143710
1847 2863 378338
2290 7828 697299
1689 854 915337
1314 5735 93754
4789 2426 434012
9605 3913 8697
735 3572 109621
8918 5221 617996
3811 2124 289778
2096 2956 21698
1107 7923 472836
9960 921 1157458
7204 5683 56813
1045 6641 658150
6007 9276 124537
7061 2258 191889
9334 9087 2511841
3839 5567 760991
4912 2799 88893
3076 8158 210435
683 2798 555621
1110 9521 615198
6397 2558 61812
7183 3648 425886
3906 5165 251094
5348 84 859509
8296 2897 673734
947 7850 199882
9158 2336 896770
9318 739 152196
9027 7054 493461
4018 4688 105054
9452 5066 85204
5714 8467 872404
3437 3258 152765
628 1006 1553360
885 101 211812
9657 4806 500637
6880 4788 739
7276 592 146106
868 8121 106694
7471 8015 361083
1625 1808 76092
3272 1658 251074
5201 2819 1298091
7575 5392 980689
1599 9515 282671
1675 7827 386381
1424 4356 387381
5683 5028 1285955
4885 8958 391168
9912 761 296101
4909 2029 1049721
9570 4316 908405
1618 6909 454436
7639 9350 539303
8744 7476 779530
793 1630 966
8956 1809 825798
3959 9622 17705
6472 7477 535457
7613 1645 879575
6774 5095 383149
8932 4819 1415916
2375 2722 386642
1105 9278 177482
7460 9570 95971
2916 1472 328119
2990 6497 187296
2019 5881 1261442
9287 5027 668817
624 7514 232385
6092 5903 423787
3730 3415 73272
5612 6325 49827
2288 7655 304034
892 3314 635349
8476 7688 304370
7804 485 780624
2325 7669 152967
5070 6035 511210
2180 1770 500106
6336 2485 317782
9600 7178 859338
3520 6793 72447
4417 7845 1239264
3901 3486 1047678
4721 7824 916134
8387 2874 1013516
8734 5874 684716
9020 9758 32501
2596 4418 758908
1104 2871 50758
1561 6234 615253
3028 678 248727
4432 6968 219412
6163 2127 142138
4166 7777 1663833
6030 9448 108691
586 9765 189048
6846 4289 886876
4645 8553 329811
2594 7752 767029
9956 5450 372780
7849 5285 257957
9477 6126 38938
2665 8856 641374
9431 1154 297071
9364 6390 282453
7429 1723 150577
4405 1210 138964
9349 5702 291971
7502 7903 378817
5213 1086 840621
