207
1942 928 258264
1940 3576 771626
5616 2679 165581
4035 1977 364929
4190 6396 125192
5170 1322 241330
4231 1081 1611931
3810 8646 175304
9452 63 1863381
8157 6324 97235
2560 8320 407098
4061 8289 699503
2441 161 241690
44 222 1234998
9546 9708 458574
5052 4166 491905
6371 1710 817026
4361 3045 66039
5670 2876 1145978
4370 5594 1301334
3098 4724 423343
6189 6183 438363
2522 1248 793071
9651 5307 437260
2466 9299 103210
9256 1420 2814180
2550 7277 817514
8318 6899 27285
5411 4173 337894
9731 680 171486
4933 7157 219128
2180 4611 154777
2240 9218 420151
6941 3154 259647
4753 2756 922933
1346 3506 292141
7054 1619 190408
7096 6984 30751
5006 5533 75973
9690 3173 974656
7574 5333 463245
5663 9177 152696
4260 7295 336547
8739 5898 353451
7528 4198 222798
884 900 396755
9510 6053 1061095
5943 54 179436
3052 8862 322501
6901 1298 16088
1082 6816 706227
948 8193 1229491
9310 8856 157956
2421 8566 414578
2034 4729 51461
4636 1609 75129
494 1844 234552
128 2977 408384
995 4120 278993
5450 2448 110705
2139 6427 259449
8609 610 425867
3586 1869 30027
2057 7918 122326
1696 1677 622313
3576 9763 339704
3901 2539 292222
5996 3611 617632
3995 6239 343859
2110 7882 127663
8288 2220 198011
4047 5145 418091
1251 652 786537
2151 577 559268
1349 8143 712841
2165 2163 186478
6705 1077 499248
3322 7634 416668
1392 7672 1087481
7362 564 1592972
6499 1340 110751
5345 3010 109592
9840 7190 173143
7760 670 507049
5250 8992 64941
6005 3793 61041
7227 9260 356416
5739 1870 1686536
1912 1420 388211
696 3150 197340
9102 1550 744386
1153 4450 1621972
5409 4410 92293
2716 1245 19854
434 677 81671
2404 7054 16443
7934 7734 410967
2802 1251 582750
3357 2761 155893
3031 1369 342533
2317 5296 332766
679 729 98782
5643 796 12325
385 8110 574834
9879 6303 1449047
801 5974 181570
1627 6962 295948
5092 8182 196724
1689 7741 131984
8836 1556 125633
4836 812 364407
3519 9511 209552
1766 8231 358164
9137 9798 491889
3837 6094 32979
4414 5813 607721
8385 3192 885557
4818 5137 359334
5521 3019 907979
4014 9694 725793
7537 6866 355823
2637 7768 768398
1619 494 146631
542 863 369421
4290 2279 22584
5810 9366 161780
8281 1951 154010
8649 5511 251726
6795 9795 297458
5128 6034 226166
2288 7652 300314
2141 2574 322921
1948 4762 256693
5491 8722 619782
9569 6199 714769
8030 5289 550654
7185 4627 61053
8801 1401 159643
1504 2556 720948
245 1298 1143788
9616 3461 6138
5667 1919 192986
5686 7726 1221918
2800 7628 20530
3827 2140 320718
5262 3910 934937
2485 5162 293440
6960 7649 560089
1984 6846 204146
3221 4377 825974
2121 551 78163
1613 4294 1086322
684 8172 249318
6056 4831 824745
6063 3835 2169192
2304 6839 1095538
298 102 87341
3444 4466 635738
6348 4818 402534
5611 8495 1003883
2289 1033 342759
7720 3290 800106
8695 9829 834797
9176 742 236263
5386 584 474560
1677 4465 312886
5085 3572 1100691
5057 9709 317736
6148 7533 13074
1275 1405 74260
1583 8688 15448
7946 8223 349272
416 519 1494707
1186 7825 381973
8935 157 102920
4000 878 669689
3024 3374 324706
5528 1398 902674
7072 8559 1756689
8620 9493 145899
3932 6657 1503253
6426 3182 549956
9827 3245 131372
9415 7612 1939762
9296 6248 1380752
9751 5273 186216
7358 7605 7662
1615 9303 124842
609 7602 59233
6255 4914 625689
3153 3567 1089543
4664 6695 170811
6863 2593 168677
8800 2131 72244
9229 7141 461948
3693 2528 970032
1656 9102 1149860
5218 3541 31135
1156 1882 183660
3599 4201 397851
9267 1026 1209844
1497 1597 244650
2630 2534 822513
2636 3886 410915
4854 3132 158128
7274 1705 98354
1164 204 61173
