135
5421 6640 428456
2322 458 94326
9468 5238 2269324
7572 4355 1968018
2880 6220 163578
4837 8839 1199905
7048 5672 760647
652 9597 37020
7031 9558 3078928
8934 562 944
6854 6011 170196
4069 1446 1160068
6717 6647 118283
9599 4448 715729
3669 323 316304
3735 4224 414373
4923 5996 741472
3857 937 596361
2738 7154 1025625
375 2160 524300
9784 6201 1545927
3967 5954 707396
5217 7341 158102
119 4481 30929
9011 794 91577
9481 9540 551393
2451 644 870252
2060 8768 1364717
6118 5454 388218
3257 4910 139796
9991 1138 645696
7655 1766 1105539
7543 1391 112769
7140 5965 936895
6013 2392 1390319
158 8473 1559111
6826 1248 110328
4928 9731 275873
3732 8358 83349
6901 3567 481373
5656 549 302418
8088 168 919298
7429 6518 757263
1789 4678 255009
8031 3149 497824
3381 539 398076
6959 8484 222987
8497 2819 177998
1086 6502 363977
7540 8872 33846
8663 752 401334
3373 4824 274547
7120 994 35160
5193 1848 928777
523 486 299171
5051 871 61541
5368 7433 1049160
733 5696 738118
3977 9745 1532362
9895 4316 39667
9805 8835 95685
5227 1532 75582
2787 4832 631090
5312 9988 136614
1917 1036 1350998
3572 4244 395739
9262 5248 596561
7394 6305 2103795
4989 4422 587537
3100 5728 38723
6024 9718 2077844
107 7698 737175
8509 7319 44804
5445 8440 152180
8356 5271 151061
2962 1796 222080
5821 5785 128339
3203 6531 501560
5664 8107 27866
1878 8287 530456
6380 3658 2208636
7444 3804 1965245
1265 5142 496676
4220 9789 2703391
5955 8500 734175
5056 5659 1564793
9829 8437 1041172
962 9989 18945
8748 8491 1530810
4152 5259 803565
1316 3514 263700
7224 7792 4289291
5919 3871 559506
2975 9523 676986
5337 9582 1389773
2724 9379 1221901
5210 738 2901
7040 4976 529758
9479 2224 54027
7178 3338 717348
3903 3114 95594
515 7663 3878893
7871 1639 526713
1977 25 540155
5398 3259 373853
3811 8538 440744
425 8477 454799
9675 444 535377
2042 4636 321395
5753 7803 670285
6676 5230 564808
9683 6049 276478
3958 1529 225442
5229 4334 1170436
8922 6982 1258890
6992 4422 544081
1993 6408 515345
9206 321 1050666
8100 6340 230073
963 5932 2536117
7009 9493 2039095
5050 5083 397461
7612 4628 664688
9 7477 719107
1939 2399 410981
7144 7603 602263
424 2103 45718
4263 1067 1695626
6382 5402 893675
6150 2909 821840
8969 4985 315589
4864 3790 1244739
3651 8797 349158
4387 2176 442313
9703 979 2167366
