168
4476 6889 80032
5617 8789 412110
9635 8521 55275
1538 4708 2143795
564 9735 2145832
4829 3095 1350532
9103 6301 72837
1538 1060 1797694
995 747 681640
4949 744 1774804
6838 1012 742286
5693 8504 882129
4147 1269 461744
7807 9220 409063
8072 2168 981778
9365 9135 244788
887 4299 226410
3267 9081 477843
2855 4333 521746
6013 4066 776768
1158 4521 159037
2834 5846 13209
9124 0 758007
9111 2002 270328
6765 1818 1177582
2356 91 412386
4784 2499 351267
9476 8110 465904
7544 1615 39932
8505 3929 105836
8848 5939 230370
2034 1967 26358
9011 6573 502295
7234 2932 30923
5905 7673 415258
5912 243 1079971
3464 8794 399273
3628 5960 33724
7793 6086 687009
6015 1324 739689
7139 6063 2113482
5285 5813 437259
3332 7683 229257
4920 6444 192303
6754 6549 361519
2065 6829 395891
3997 2995 74970
5532 5142 851592
6739 9318 81208
9367 1849 834415
6881 4897 135711
1565 1853 3447
922 4257 669372
9095 7640 42841
4448 7269 222987
7920 8643 459048
2887 676 1501174
9147 5834 146898
7823 6937 354682
1288 690 426484
4999 6024 503891
3223 6654 193088
1458 247 235541
2647 1854 235158
96 5537 60517
6465 5583 1477498
3479 9316 773206
5279 9856 1138971
2915 5083 3591
9898 6285 1222859
6972 866 256923
825 2607 303549
3928 7054 244412
4414 3126 444040
8356 1649 289573
3060 6567 2418659
9048 6724 104264
9963 2069 1186439
3692 2844 87375
3483 7322 187898
6849 4805 59904
9357 2529 513354
1178 7926 1311536
5742 9392 302411
4739 9148 50548
3080 8249 1043576
3692 7674 415288
4230 3362 1788889
1281 8330 462188
479 8394 260545
507 1605 528815
4592 4183 151159
6545 4049 521814
3159 2939 1121590
4321 7339 228131
7410 9633 28747
1659 3757 3857380
8109 8171 679180
9266 662 58824
5372 8414 22431
4030 2091 512988
2142 9642 81639
900 3969 520445
2737 9619 164365
8773 9966 354868
8012 6054 633257
9875 7505 67973
3269 9458 2264162
1462 9084 360067
1787 707 21428
5034 871 497991
5163 3404 1259227
9672 61 412981
1463 2985 1668656
5532 9185 823684
7185 8259 760382
3182 2088 1302338
5357 3273 71522
9610 7766 241844
8519 7191 30597
1625 8586 152106
7047 5561 1689335
919 6417 100476
9283 2579 838680
5146 1247 2503568
6571 243 494133
9082 728 220353
1023 726 89634
568 5301 506972
4166 2287 75583
7010 1378 314075
4685 4844 488863
4924 6847 971
3482 6017 59734
4136 4573 267299
1817 6165 139452
2656 7329 317530
7164 8683 310995
2146 9762 1301364
4384 3099 84772
2685 8941 308352
1853 6255 496172
2755 4914 1211195
9238 9915 42335
6038 3385 118584
170 2767 1843460
9952 8685 42290
7469 6043 355705
5492 4003 1103836
9962 3386 2400228
3960 7850 90652
1906 8295 1049197
8408 7266 110988
3179 354 46718
2486 7088 808686
7587 3961 88518
5817 5630 1798480
775 3875 572531
9152 3747 720839
347 8564 173526
7636 2980 465678
580 7352 1291431
3085 8671 836970
9528 7014 1270234
1281 9531 1161699
1694 2049 1037
7860 7001 692252
7623 8015 446332
