229
6657 168 12239
8315 5901 173496
5598 339 186866
2306 4631 96203
4197 4636 2351519
7175 400 285137
5064 8310 649639
1554 6655 157723
9036 1331 192285
1515 7998 181472
9282 493 1236152
7250 6685 101821
3408 1197 203931
2813 2523 665886
5833 655 851568
7879 6258 255803
1071 4037 224393
8691 8530 351334
3693 6302 137940
5272 9758 803802
1275 5919 68453
5596 4099 279818
6683 7880 41402
558 7457 250606
5907 2689 120834
1665 4843 202953
8745 8215 1744966
8891 5058 591324
7146 6310 294213
7074 1637 589426
4026 9277 78526
7084 8458 921489
5907 1349 714146
334 329 235425
2033 5931 896805
8242 7060 134456
4244 5909 378945
86 4336 1035760
906 1323 1461435
3491 48 677639
241 2006 501095
8787 6856 78241
5696 8368 619209
5626 9195 160314
9504 9348 769454
7764 4483 168639
9073 8564 37301
6966 2138 99950
1103 5704 754060
127 8606 1931588
338 8202 226067
9521 108 81259
5255 155 56577
4002 7386 949298
238 4688 106538
860 4356 1295307
3991 9297 544680
2396 8087 242515
1567 4251 43973
3677 2385 1615448
6723 8276 80470
3286 5488 82304
4581 6648 263272
1741 7202 29051
9371 7584 152013
8683 5859 376531
1969 9650 1599840
6121 7712 382672
2221 8482 875682
6762 6017 265827
3729 5432 119908
8194 264 234210
967 5058 347007
9655 6641 265150
1711 6791 1755280
3872 5033 17070
4548 9683 434373
7990 9820 285601
1803 5624 344460
1612 8266 25222
690 7879 1034148
1078 9846 166731
8682 2235 757902
458 8974 2844
9393 5800 114084
1461 8593 415868
1682 9871 889939
6810 8451 95101
3321 4206 231426
1627 8711 775258
2292 7309 149732
2702 7448 756479
418 4611 533704
1315 4090 1119929
6489 4148 333321
4652 8416 64081
3787 4874 367841
5266 7740 1238923
2912 8739 558656
53 7243 333354
2984 8445 325825
460 461 198312
4478 9853 389362
7270 1213 898683
9558 8436 843678
6185 1510 824213
9936 6199 200515
5604 9495 382376
805 1555 389913
893 2085 257588
4331 511 1412806
426 4001 582739
3876 2115 606625
244 3860 449834
815 221 220555
7572 6877 41104
3767 7152 217643
4735 8033 188430
975 7842 572180
5032 5834 141125
9485 8798 1321884
1159 5766 71603
2981 4141 394667
6005 1173 159218
8414 172 661281
6375 6274 80617
1085 3326 148599
9089 413 397637
9744 2225 30150
7547 7210 151758
7916 7294 131951
3031 2383 1913707
5343 8445 1137010
6013 7339 411563
5808 6476 106763
7666 1972 181232
664 2226 362161
5320 8377 30701
9932 4213 448475
8430 6807 521093
1 7041 43362
4822 3851 841396
6507 4270 179827
9887 5914 58662
2209 2277 575570
3024 263 81901
4549 8084 87961
1473 8078 787998
7082 4219 136167
1108 3042 547351
2520 4689 253330
4797 5938 919832
3455 4915 477077
7578 7051 163463
9747 4078 681357
5274 3282 350977
9130 7125 99249
2200 4753 376206
6478 3026 125875
2621 8142 682415
1872 3501 475864
5381 8580 220710
9419 3607 114032
3300 1398 44269
7995 116 173218
1019 4575 62369
4679 8552 492778
1784 4354 267890
53 785 506606
7725 8966 172809
4558 789 776797
8279 2316 451677
2028 9972 392525
2494 4968 375870
8785 9852 4962
6165 3027 45875
6505 2699 748591
6135 3872 97492
3391 7378 9643
7130 5430 513433
3700 2077 1293770
694 378 1777490
2505 6872 690619
9498 4464 620952
498 3917 205592
1455 2415 119200
7546 522 212520
4339 95 658683
1720 2021 438343
8501 9316 668160
1317 5994 101438
3516 3322 659055
8074 3248 625067
2234 4657 491359
9193 8277 937753
5826 9088 280233
599 8962 129890
3777 8699 72935
2635 3639 261990
7927 5536 617263
9130 3847 129235
8244 3217 314013
4545 9164 449391
2633 2273 646306
3046 43 266297
9519 5927 583636
2153 8648 169451
8043 5930 462394
4775 6254 292924
7521 9671 581297
7772 1145 56754
8185 7467 941426
1253 5531 535460
3745 6229 99047
9065 2910 643957
3407 168 82233
4063 3751 9325
5753 8156 217735
7085 1165 481955
986 4122 257181
4419 4335 240640
7499 6365 3963
4282 4255 296448
4754 4400 64962
6316 2716 318482
7479 5204 78930
5207 8442 62928
386 4358 851618
1529 6963 782131
