223
705 5362 1280474
4146 4845 503282
7807 2164 14728
4222 3156 822853
4867 2362 1411987
6604 2183 290924
938 3343 276141
8396 5185 272324
7732 3392 103154
7173 5759 40439
6783 7265 776871
9527 2215 36329
8403 7896 327732
5902 1720 152575
2161 6629 555313
6936 5164 22735
9490 3915 254480
2893 5832 639383
9306 4123 827051
4779 6486 1810616
5188 8106 66362
528 5347 1370368
4405 3413 70534
6994 1981 61766
9568 2456 127121
4821 4068 160227
7538 5104 7043
6017 837 534299
9790 6046 1832437
529 2091 296600
7568 5535 39810
3115 5744 382343
2669 1876 228294
4327 4700 265216
7347 6906 27300
4500 3785 262570
2312 877 230801
7014 8546 142621
9029 3800 394423
3687 4416 600289
4339 334 68742
2787 3363 47301
7746 2900 4696
5388 1316 39960
5523 7545 264467
3276 6465 392546
1003 4059 243509
6317 4476 1678
8612 1120 189733
4478 4671 153456
2057 7583 137730
138 4821 316928
8433 4190 327067
4017 6944 599171
536 744 1330432
3341 6806 643259
7807 3218 809592
4149 3466 69711
771 287 537932
6124 3890 324473
4026 4912 45102
5907 5315 855933
6973 4454 38803
4503 4561 1120736
1797 2426 4642
577 7483 1175306
9655 6068 45848
6127 7200 398881
6953 5563 578959
5235 7936 649223
260 7001 340907
7457 7319 119354
2876 6162 1307183
5213 8972 69055
6185 6152 9279
2581 3004 81203
978 8751 865231
5832 3011 744709
2221 8288 544911
8871 2120 712403
4078 8844 393104
3367 5958 576195
5084 9925 33016
8106 3847 230806
1320 3654 220295
689 6906 684521
8880 7303 68473
5395 3815 315709
100 376 2184163
2178 1496 136410
5035 3610 1164958
1994 5943 626441
4149 3608 348942
6804 8000 668384
2637 92 777003
9417 7328 401337
8307 2813 319462
1852 4334 674660
792 6631 361699
2967 6323 427865
7986 7855 45819
8308 6994 638464
907 9583 692
4778 7208 566470
2293 9109 340210
7251 2480 2027706
8138 8538 1275410
1267 6869 202323
9302 4714 421039
5977 5431 455354
6288 7394 895930
2621 9761 259039
4358 991 177835
6656 2425 443201
7651 755 462154
9812 6044 199198
9016 6555 304775
9691 527 561802
6174 5738 475679
628 6720 187755
3507 8596 156478
5004 3316 121819
8104 5613 29460
3366 1909 430774
7816 6532 86702
8607 1910 584012
7009 1992 500038
8630 240 16721
21 260 34881
1404 7530 852734
720 8718 808446
7705 9462 186916
2324 7598 856274
8895 2086 645793
8957 7007 514059
4753 6223 96409
6859 9483 1019012
6023 9629 249775
7458 5860 562056
236 8802 1504795
5239 7406 309035
4613 7039 50286
4065 2504 903368
4727 5738 310622
1838 4837 725273
6475 4511 216724
3733 2419 174530
8022 5265 248003
9906 7855 193613
7898 1162 485261
843 9123 227680
4037 5119 23622
3504 7026 114375
3267 4595 411415
2794 9409 1183782
5553 4542 342029
777 2219 182475
567 5546 64358
9620 143 31137
3405 2443 148286
4855 6355 1229943
9526 374 294187
7861 2127 187119
5541 1009 1629535
3321 9113 317919
6727 9653 319814
9600 9936 421967
3473 5079 33151
7323 8378 621654
7035 1766 523364
6884 5138 206684
9361 4569 366186
4681 2100 117023
8239 7452 65995
9799 7227 638004
4122 4635 730243
944 1234 1192097
6567 8051 309110
2165 6193 135010
1986 8141 129563
6042 7068 582354
7608 9640 75806
3083 4593 1020628
2370 8758 49536
402 6496 559914
7255 3566 78714
4055 2633 980566
753 147 458797
1742 6138 157123
1834 2801 333007
9353 3146 3338412
6978 9901 150897
8769 4638 403772
4891 6015 491944
7601 1073 706384
441 5424 173573
7099 2986 744114
7232 2760 632468
7273 5074 265525
5589 5588 460584
7186 9673 2242716
652 1363 326234
7866 7022 359831
1826 2238 249103
9344 1324 1066851
4254 6791 808591
7458 9821 499016
520 9753 611668
9221 2407 131899
6707 7409 107180
8605 3628 6818
3636 3195 561360
3513 267 142064
5212 4567 108281
7796 2272 25206
8830 431 81051
2544 5687 529166
9227 5146 59503
4016 6664 574034
2004 3096 12399
7849 5070 27505
7696 3875 297284
5875 316 152362
