223
2723 1518 389676
2351 5891 404295
9899 4920 502085
6530 6984 105775
6692 285 29966
7207 31 237631
997 9636 33007
9423 750 1552588
5891 387 1102580
3409 5217 295524
4969 5364 735126
4138 4487 145567
9500 6804 57011
5977 7321 224133
2458 6027 1787133
4362 5770 427329
9101 2008 199335
4487 2152 1004551
6893 4440 535261
3254 6406 868604
9580 5290 510892
5522 3037 312552
3499 7523 214359
8524 3706 707505
4326 1118 179217
5402 1260 496745
8369 5887 878356
5023 246 81302
3630 7504 242773
7749 50 218358
4347 178 23010
888 7169 773998
2123 4717 221171
4789 3609 192068
5050 250 150630
8267 6056 183003
8468 333 172632
9475 3628 563452
2342 184 81652
927 1326 365749
5702 5736 528931
9696 6557 607071
8095 8705 367297
2199 8989 188032
731 3748 1077413
5934 3538 550694
7095 7559 1221446
3435 7559 678168
3692 6319 167925
3346 1762 248765
7160 8353 371111
5099 2161 82157
8658 11 166104
4704 2900 336520
2341 5718 249074
6417 3712 352177
3273 9179 1366839
5994 7753 1236218
2713 8687 64998
3113 8239 72628
9830 3717 676210
3677 2811 466541
3428 3936 517270
5010 7672 705990
6577 2036 185215
8738 354 116685
4540 7016 416552
2337 6012 1264722
1803 6475 119563
3300 7256 346229
3464 3269 183371
5893 372 94839
9929 6663 363146
7733 5346 290115
5505 34 99963
7566 3987 815813
2440 4762 273350
4946 6989 93042
492 5299 225151
983 4913 1469339
3545 4290 1214497
2636 8256 237317
5705 6168 267967
8402 8020 344529
9251 5910 733968
4354 9188 89147
7374 1559 1542856
2244 834 606784
2280 8675 735051
7800 9628 292448
4039 5635 182139
4342 5963 228353
2655 9504 381601
7559 9965 475108
8794 3477 607554
9370 3048 188677
6928 2151 277326
5981 1524 225952
9509 4117 129978
3224 1767 612015
9575 7534 3401
2439 7526 141757
9953 9131 254182
8471 4283 214236
8961 4839 79622
9521 1527 397538
4689 8690 799107
396 3188 347754
9193 3536 756007
3705 8386 60877
2628 3693 755083
9632 6640 146851
703 7733 530867
5391 9194 378206
3688 8640 475420
3627 4562 608052
5932 6912 193133
4346 2547 171885
3170 2171 459280
2317 1125 481239
7078 6314 105419
5078 2160 97467
3056 1562 5162
3044 3964 1095434
8652 5769 787838
1033 7873 641831
6539 151 56210
8476 4240 243388
2572 1912 92680
7842 2851 942680
2843 5278 614982
2762 7896 483504
290 1437 1326086
6038 6836 524403
6584 2220 133084
4489 1421 49036
5703 9317 1953730
2356 4846 780722
6185 3074 373186
4292 8930 396752
5510 6248 92038
1064 7689 107327
4790 9145 265492
3027 1202 45753
5290 4242 27530
4997 4877 362216
4097 9193 843143
6903 9229 532626
5619 2814 1038754
2361 613 961333
3699 9407 474864
4844 2447 580641
9694 1361 102679
7330 2004 447321
9322 9338 621608
5101 4134 229057
9743 8373 191592
7024 546 58088
6195 7343 819240
5588 1132 688002
887 6173 612127
7295 3543 2309
5465 5976 373021
3891 4668 250068
9114 7703 150068
240 7281 1073059
1528 7188 277818
2531 7248 40141
7911 9492 926659
3156 8004 1690511
2643 7309 229954
9646 2321 44683
6007 5116 456657
3416 1443 787334
1287 4092 8024
4453 8595 219692
2456 9574 561762
8152 4884 459392
7280 9431 233308
4253 7922 163562
7033 4716 303136
8660 99 206156
5195 1575 1248415
741 5544 4702
4391 5646 313631
2873 2870 13647
629 1362 138399
6196 7175 854047
7928 9001 283183
8778 1723 621235
875 4808 282340
588 5374 648710
3198 6891 67538
7740 5407 198755
6341 4093 108754
195 6627 90319
3797 1919 984410
4163 9563 417761
4958 5466 1318919
6903 4327 643503
4051 6455 588392
2142 6893 91348
4744 2892 606684
5613 819 198311
3927 9795 153705
6630 9595 2715
4672 6928 104753
227 1621 724821
5180 1830 1845997
6553 1076 23750
5113 9853 691400
9878 3482 429603
8967 5877 1158
8856 9729 38658
4698 343 2127477
8503 801 619742
7877 4683 705489
6281 9912 29253
626 63 695633
1058 6951 134684
432 2709 482434
8663 6949 115542
4640 8965 596805
