145
8816 9384 273845
1706 7320 36260
737 9337 223901
602 4272 513436
4848 4817 441811
3931 7710 402747
1212 5018 169986
7044 4035 2914798
4935 7855 18910
3447 2895 1177223
5412 632 297855
6352 5326 1446947
3841 2990 1056321
9588 6767 314108
6165 7246 1125477
4660 1721 524262
9595 5006 998115
9255 6262 464203
1156 6316 316153
9732 7001 233675
6707 8538 929477
9193 6632 75309
2746 1295 1528824
1944 6214 1416106
7207 2510 195159
6088 202 605820
5089 1154 1517102
1086 9307 2056208
8385 7990 429049
7946 5707 1014446
5064 9212 64069
961 3561 187264
6483 2372 218705
1523 8586 2708221
8045 3951 48344
3947 7803 238270
5853 183 408843
1223 501 662656
1363 996 84303
3974 1276 3085184
4589 4745 849133
9630 1434 754619
4623 4002 608508
9112 563 411485
330 6294 53926
868 399 1572735
8855 5788 566380
4449 2958 1048928
4447 1014 317727
8030 3645 354717
66 6823 512228
3407 851 652925
3112 146 597738
9446 9207 1015460
8234 6676 1235869
661 4360 21610
1061 6320 1821500
1238 8921 789426
9395 8457 470904
8986 5812 71270
5901 2827 462493
1192 9757 195903
3199 9474 1090390
6029 6861 72600
7406 5356 315653
9298 1978 1552896
7315 502 563648
61 2174 470084
2936 6115 1010041
1556 4738 663728
2129 284 382760
5359 667 2671291
3708 9712 394764
7011 4365 1066683
9125 5358 318001
8178 6187 79867
3284 8977 1665802
4687 7000 753785
4661 6984 339323
5997 527 280715
3855 210 2348379
7922 4215 236225
825 361 64492
2488 1436 1289288
8289 8312 124446
3724 1351 229270
1295 4848 990323
3181 3580 235980
3348 7072 443887
1052 7444 833938
647 5568 984499
8422 4818 419607
1870 5096 420089
6443 6571 1665573
6361 8800 52708
6730 7604 172097
7472 9677 407709
2865 7630 573019
1394 6773 92655
2540 5157 639983
2614 7550 609892
1258 6249 245265
5501 4669 222786
7005 7310 385703
9219 5946 159741
7026 2765 962658
2210 6528 1237785
1283 1906 240026
4916 2707 746056
6379 4625 1722281
6211 7489 716417
3009 8532 94817
2051 5082 319340
7603 4788 699261
1691 7078 743850
1794 7556 537875
5604 7129 359674
3785 6434 333154
9619 8533 511092
5343 1707 1389602
8003 3813 1996433
1119 6033 697509
7763 8373 690449
5814 1110 60467
8972 3158 145575
1867 3339 1713418
7304 5606 736200
8269 2814 291823
2772 4215 31012
3465 7011 1428990
9021 8041 975383
5298 7741 186599
512 3408 1647001
1332 5063 71277
2825 4144 668430
2766 3642 113022
1084 8008 2655471
4443 2813 167838
8407 3187 319842
8822 424 541077
6963 4971 67037
373 4202 131310
3856 6228 486934
5776 7216 29856
326 5178 1184698
