224
5403 5220 76440
3280 1313 476811
8995 1104 8205
6246 7976 1838
3213 9880 684375
2501 4938 338228
5360 4371 44530
7916 91 1461944
7210 834 98712
1483 7867 491492
8776 4075 170352
5740 7074 42983
6437 9593 65774
4589 1648 109119
9538 6159 615255
5850 566 326454
3095 7060 291914
4155 4768 42385
1515 7763 109712
3451 8924 115181
9706 617 1008011
3324 7393 264644
8913 5851 512856
9382 4716 881363
832 6070 532242
8663 5096 4523
8596 2870 565428
8341 3344 262572
3192 9598 356077
7373 7673 348446
8876 2347 310535
6432 1099 310617
9954 4009 474021
7565 960 46638
2989 8980 286495
1437 8605 107487
8307 2928 720370
7382 9543 27598
387 4403 177743
3896 8036 72384
4108 3300 632414
6962 4046 251082
8481 6491 3772
7982 5338 143763
3373 6374 914427
777 5418 154304
6656 6362 206030
8466 8233 407767
2756 1378 270334
3362 6099 108538
8545 3840 1658133
1394 4214 178576
8867 7747 558254
7444 6707 663580
9820 5333 157150
2528 2077 628791
5481 2804 116012
636 7343 797084
2416 4880 238632
6431 363 567699
1328 2261 79951
1463 4245 212691
1079 5171 781323
7776 4543 113834
4246 1956 116240
2370 565 1591331
9455 1845 90108
1458 5660 153532
1336 947 65767
6062 8175 120744
18 2851 269454
6947 5981 451154
5662 6136 351178
7994 5262 805469
3167 5242 321245
8101 5646 164280
2983 6523 589325
8195 4988 59058
923 284 625706
1104 8854 836079
5845 7181 4783
798 1078 32749
4397 1238 62014
3568 4549 47502
206 4095 347293
4424 9331 73813
2763 7886 373785
95 7315 198728
8278 3875 713543
8325 2630 102725
3445 5578 228382
4913 9383 1687154
2206 5271 408644
5481 9913 256109
7209 1424 925451
9136 1371 909031
9551 6484 554653
2484 411 1473738
4852 6756 240191
5801 3516 77293
2559 7092 1481967
4366 6023 729812
7230 1857 363841
4443 2279 93857
2997 4682 876352
2982 9228 138903
8725 6305 385225
6817 6788 386307
749 9432 19014
3071 2169 384052
8243 4735 318805
7533 9071 597116
1918 9127 1382329
4023 4042 345562
3125 3978 531348
605 9070 27323
799 2786 112165
5259 4986 399151
133 9982 26870
1462 3302 323891
9448 804 658837
552 7981 145428
6162 2930 17529
7749 1712 104665
7225 4750 148328
1247 8186 633042
7805 5597 108847
1880 5732 231446
2955 6817 651492
4364 1911 605477
9651 1779 535912
5186 7606 548740
8816 125 385033
6551 9896 60457
658 2773 284186
5093 4907 860380
8018 2210 270949
7927 4510 35681
5302 8866 156979
6650 1343 1816550
3076 1730 504567
423 7108 89600
5581 1504 784396
8672 44 1540014
3201 2222 381224
6516 2289 639467
4412 5169 757904
5862 7228 38699
9989 5611 84944
6243 4893 394969
4646 5964 506164
7324 17 459484
9544 8555 412638
9424 9826 388972
2265 5988 217254
8068 6965 556889
8825 7686 1684345
8171 4198 473538
9620 3921 678691
1621 1327 1142961
6835 5281 705496
2367 3230 1975278
6663 9677 385700
3950 2174 286498
466 9106 109113
2133 3080 1767739
5027 3039 1019171
1265 5851 349616
8790 3306 189103
7767 6765 44960
388 6993 29731
9650 1005 466439
950 3524 312268
4113 8179 370284
9847 6703 1741522
1158 6871 125861
8248 454 261241
4138 7907 151750
1315 7553 227940
773 3262 62542
2556 4998 486905
2033 4180 917387
7710 4007 759209
5142 5523 27928
5897 2904 455263
7336 2388 437891
556 4368 267726
2791 8940 81314
616 5937 135281
9674 1186 2052275
5796 8076 301933
6711 4287 461941
1806 48 526849
3559 7931 196813
9990 1693 295685
3726 8832 552254
2010 2141 294582
3176 7678 303236
9846 9038 595272
5595 7731 213164
4104 4774 1156420
6992 36 350493
1345 2827 1555651
441 2287 128594
6681 2573 370301
4899 6915 624783
344 7964 891352
2475 226 2040267
5889 7295 336083
2913 2852 246443
9131 1611 883412
5501 7226 5311
5142 8090 3711
9812 8905 788528
8954 8566 453932
245 4817 70347
6922 2410 873217
6002 4123 236918
6134 8955 194044
6147 5798 583010
3689 2576 224046
1584 4936 14528
4711 2736 923055
74 2753 165680
