224
4090 981 858219
3714 9473 133590
5988 8586 952405
5874 1673 258210
2740 874 40912
1700 133 536230
9699 3077 23566
468 3825 438502
9411 1012 864424
3371 3297 176869
9181 2596 640205
5950 8078 234934
8543 6114 389658
233 7094 604396
1897 9546 878928
3913 8 1167268
4706 2863 580042
3800 6862 27950
7635 6847 187779
3320 7034 669188
8365 4676 198691
1056 565 532648
9867 2884 2112229
6341 4865 299329
4728 7189 120063
6186 947 198667
1545 6866 327995
4177 7742 645591
9876 1554 1048039
610 6336 75149
8058 8077 327621
9871 7033 54126
9802 4489 120809
1608 5391 28486
3966 9837 644437
235 909 355275
6415 2518 589822
8524 9567 56287
1933 3403 348879
7467 7330 170620
3067 3275 202270
5965 8347 606157
6527 5063 101875
8518 3756 55860
3625 3308 268763
142 6289 402704
9580 1753 331207
9692 9633 83254
1567 6677 15393
2208 1240 26071
536 931 27968
826 1775 539048
3032 7296 1645232
6858 4304 2363468
491 3335 1389435
6131 4972 387546
927 4089 68568
2988 6278 103587
673 8018 100277
104 2322 387972
6516 288 847013
2495 6457 549337
5194 1436 347419
8344 8669 146253
5733 5517 49781
266 7293 1019253
1662 159 199560
6889 6245 414452
5822 7399 971807
4092 3355 6264
3344 1894 438271
493 8997 282507
4077 6543 244729
2847 8160 889227
7284 6783 986912
967 897 217896
1256 3921 205553
8608 5499 284839
5082 1919 477692
6156 3445 97014
7893 2938 1106292
4301 2672 289412
2037 5703 427454
7028 9459 14463
8949 3878 282309
9183 1935 336661
9074 6531 40970
3407 4737 232368
5643 8347 31653
359 8300 233610
993 5043 2649764
9343 2388 845275
1260 4810 383448
9256 931 322839
4650 4026 50573
6975 2077 159287
3635 4420 82498
3346 5121 334533
6653 5246 661041
1172 1187 129642
8812 7234 362539
6171 6559 74759
6308 6749 171333
2734 8887 641985
7237 8628 272
3734 4725 197170
6490 5359 553366
976 847 1737707
1634 1872 186878
8558 7747 44200
6203 8565 680239
9805 7576 2399674
4304 6137 314806
4937 4861 600011
4160 1393 430546
9882 5590 434142
5065 1000 884119
2867 2709 568444
7399 5588 553928
8030 3050 328785
7173 4280 944548
3560 4769 197386
4043 7086 218756
6888 36 918492
8350 6845 222695
8954 433 363261
8528 8068 343418
2661 4486 252391
381 2553 70388
481 3157 144
3478 5386 698901
7574 5979 152025
7163 1726 520055
3446 4582 204566
7094 8639 73607
5822 9574 179827
1782 9963 249580
7574 742 1483404
5509 8729 258043
8338 7253 12726
5035 6988 447294
986 5418 111307
5152 9920 182918
1499 6863 532257
979 1446 1050956
4072 3438 368958
2611 9190 22828
3755 9001 101555
6847 3923 49290
4252 8254 492003
1551 8300 670206
8433 1037 52468
9592 997 12160
7894 710 283694
2468 4153 355631
4376 9985 348257
3437 4021 9810
9899 7734 356376
6951 5350 662150
2923 1472 92670
9998 70 825940
8342 7698 26487
3483 2840 193865
2814 172 202971
6223 6529 496679
7390 3840 127468
7130 3308 905954
7027 8919 481755
9138 812 266151
8856 4227 863513
3711 1707 128445
8119 3132 152132
8200 608 371060
907 9790 128632
851 9374 86319
9261 9074 985713
3909 6408 565267
6130 3138 708158
5915 2464 486467
1848 7514 533040
6576 8968 534790
8527 7592 810716
9229 5609 586578
6289 7260 74992
8384 4309 125848
1695 5122 194414
2595 9256 395005
3872 5252 689451
6295 7780 1435966
5967 5798 235652
9271 3497 226247
2288 5124 1009209
2989 125 152123
2160 8792 773060
6189 179 221458
7394 709 436442
9187 9038 42124
3968 8223 464824
4738 3579 362196
3372 5096 339336
63 5397 125955
705 7195 284987
7333 4204 352167
9014 6724 158682
7552 5039 1128629
4662 4596 678540
830 2866 54364
5562 8284 26867
133 2088 244999
3025 331 63351
4086 4736 404975
8799 1496 106088
1861 5845 624763
8335 8990 147914
6609 7637 421200
3624 6417 2344274
4113 3791 416955
5419 8711 188983
9521 4336 596015
6305 4594 3839589
9550 2625 46184
5990 530 447276
2158 2732 554370
2052 5497 49958
