167
1110 8497 627394
8410 1046 2724868
324 4000 1004445
9854 4456 655873
2304 1779 833272
9475 2630 766713
7308 450 264229
646 6125 437543
5953 8878 224526
1381 4825 971948
267 6713 1322853
7149 2840 77184
4221 9354 579012
4563 512 863494
3056 1902 248223
7436 6286 188983
4710 3062 352347
4399 242 32199
4861 4935 1309923
3156 6690 775408
5149 8634 478126
1709 8730 298772
3453 9816 483191
8935 7093 604895
4820 5949 261991
9307 1187 205496
441 6498 451170
13 6275 1397180
2502 3008 532612
9872 1876 19446
1936 8610 1697556
4505 8279 675830
2852 8219 415990
1986 7805 260265
5660 8162 787297
1577 6027 380115
6872 8305 1282505
5705 1489 661849
5571 1778 1238638
4081 1851 202685
7182 8902 178067
4503 6850 498922
3018 1374 310208
1555 5654 697800
1268 7538 331665
6075 8309 396097
2023 5545 27071
8250 2454 797661
8974 1261 908314
9039 3003 377150
8174 2472 113304
6911 8698 147046
5063 7242 281493
5336 2510 995099
8648 6397 619910
2412 8246 1373044
4894 9360 710996
5346 4554 421682
6685 3785 589476
5964 338 1641141
5600 3953 329463
6486 9792 434022
4880 3063 220711
7479 8711 905518
928 8420 965709
1166 3699 1121325
4313 7731 1630936
1530 7618 983276
5908 905 125910
2745 3649 486881
8299 5414 1178161
6013 6022 330545
7923 2707 668635
2879 9595 162929
5892 2304 47130
5071 9752 5222
3619 8973 422947
253 2428 466998
477 5466 765098
2671 4241 3272081
7221 7388 350452
1087 855 249955
7290 9529 97726
3352 6806 742740
5169 4757 1059138
6903 2911 145941
4450 3544 905304
3609 9028 141752
2382 2938 40210
5876 6088 712749
1885 2900 438602
477 8912 131637
4418 5074 26678
9389 8595 467373
8715 2490 680022
8312 6615 1484678
3707 7075 532032
8896 9102 60576
9083 1677 243943
1783 671 164949
3188 576 835702
761 9764 482775
7110 2720 307374
1645 9844 15718
497 9697 42837
4693 9626 120970
6840 3766 150316
5216 4941 3373626
4744 5190 108601
5067 6008 1373572
2337 2611 206677
9859 3844 42212
241 186 173523
3048 2978 2337285
9831 6928 471719
5302 5263 497458
4325 4815 1227499
4480 1654 403410
1475 2899 358652
3276 8399 478899
4525 3940 291064
8570 6802 712373
9761 1984 72138
6992 6822 1333119
2332 3195 4736
1836 5157 302029
2618 3926 593455
853 4314 154483
6102 1688 366739
1676 8567 345355
2619 7305 29702
4849 5841 96394
4258 6174 498347
144 475 512677
8670 8788 362192
627 1234 272047
7138 5732 2612666
5246 7538 405055
7210 4356 36208
8649 9103 128955
4468 7522 1189598
1790 1303 967606
5723 7168 1188450
5939 789 29656
7961 5055 644988
4364 3246 177156
9876 5759 204156
4058 304 1274535
7505 8981 8137
6045 1830 201445
268 1214 682522
8603 2814 38641
8544 2390 996494
5379 3850 29024
8213 7336 340371
7503 7100 1105264
7815 583 557949
4804 2273 1341831
1894 5290 909602
2326 5532 563146
9904 4161 44587
3975 4468 400214
7216 5831 604651
5448 4333 772717
7104 6104 1720112
7430 7097 426414
8966 2690 230029
