167
7350 2591 342612
1236 8543 624612
7680 3567 40414
4485 5327 37291
5110 3300 855995
1941 9752 606268
241 6568 2974586
3385 5263 1109064
2440 1468 210332
2291 3224 414634
9728 3032 492440
7259 7297 283437
2652 8789 27353
5354 2291 436287
5397 5602 1741788
566 5966 467356
9012 1490 1621547
8077 2106 2094443
2182 426 962933
75 2173 470374
101 7673 1198407
5634 6450 2444731
5053 9974 895735
2536 3802 1101300
7796 8594 235721
5045 6569 1295823
3860 3311 432720
5051 3509 21321
6088 1900 68566
6361 1327 55566
1123 4319 593472
514 8987 259439
6052 4029 93311
5420 9625 509065
5085 5168 578501
2563 9139 1515974
8337 7707 848028
4347 4395 917069
1548 9470 1163127
3474 8528 59976
402 3174 135950
1217 8219 243229
6132 7521 313558
2134 8571 786404
4065 3239 538675
6947 5448 132171
2338 4660 348997
5226 1530 335060
3923 2333 87615
6009 2323 27565
273 4286 1178415
4117 4981 2190413
90 9837 30753
1413 9823 494026
8936 1742 246772
2951 7101 304777
4598 2475 1453968
9464 3440 53807
4563 601 476896
2936 1892 310746
1691 2723 889467
8403 5673 87392
2320 2098 617928
5739 7656 978459
9618 1749 9755
7462 1631 29655
8441 8623 68719
8133 9606 338742
6891 7607 535896
783 5923 255711
8962 447 1007120
2878 6657 627649
3170 7629 3463653
4999 5604 17757
459 3148 124231
7758 4019 123300
489 7469 705513
9897 4862 144637
3345 2548 152233
4011 3225 1082662
2081 2573 2488707
8591 6055 484511
4246 6097 208243
7969 8107 1920322
1892 6889 405746
5820 7987 351149
2055 7868 498297
4049 2154 378272
8295 1269 592185
2352 4507 213258
4725 572 57971
5581 7892 113086
8860 3649 116525
3207 9754 1250492
3832 9666 1795270
5465 5034 598887
3237 2945 177886
1695 7114 795193
3215 2798 337690
4733 4135 814790
2323 4361 492220
4810 8220 163468
5130 9140 670006
1325 7053 400274
5163 7951 944646
7331 5526 83711
4314 8281 241278
9736 5297 710427
9685 1387 221012
5346 8948 1253863
5224 493 223091
7126 9185 68192
8069 112 588790
7482 4464 502203
6436 9713 416976
133 8567 111520
953 3479 1194800
3979 6792 416774
2828 486 442037
9502 2678 231552
522 2427 2564906
6377 392 321760
8600 4518 631682
1562 8660 374026
3008 8659 653867
9696 8209 353346
1628 66 296266
7053 3323 393469
1102 6641 287768
6586 5021 1260620
1935 4690 166306
6019 7121 272061
453 1337 885267
9957 111 693058
2040 4434 101949
4530 364 657203
1103 8018 785644
2907 843 125385
7068 4884 833907
1576 4220 242894
3723 6496 1097690
24 2738 165052
2528 7456 1288711
5538 3050 887284
9486 4473 37481
701 7688 75969
4044 1997 286438
4419 9538 592314
8639 6525 260119
5732 89 222802
4207 6797 529347
414 1361 2415834
3182 925 184244
5116 9992 221242
626 7346 774054
7252 5053 273243
2168 7988 438287
5446 1101 779126
5408 9196 797372
6422 9033 234470
388 1426 78819
9753 1447 97645
9268 8891 6280
8970 2837 134404
4678 702 503956
9840 7620 1632198
8404 9777 57021
