167
3568 8367 1518079
1170 4580 651213
5061 8142 27852
8539 9373 380702
397 2593 512220
7547 5633 976454
5060 5651 473672
8347 5000 183844
1386 7111 577270
676 8060 248012
1442 2246 215179
3148 7753 49177
6012 9606 858376
3646 5132 40028
1228 1909 865776
1159 9989 92799
2185 5821 448700
1648 917 548083
6712 4191 292120
507 715 1582952
2877 5530 276642
3104 6846 623579
3084 9987 145492
1873 3922 161722
7520 523 162434
7423 9718 217965
7786 6523 62135
5539 4465 439730
6720 44 1444114
4867 9798 337224
7032 5805 1214332
9318 2672 145940
1350 6250 122037
6798 7725 322636
7646 9250 146284
6244 1467 599203
7188 1076 455428
7968 4939 533842
8405 1852 175369
8625 6523 175435
3225 8938 1019006
3682 2315 254907
1669 5982 51492
5692 7286 400443
7907 2655 1961342
8848 4661 207892
9257 4352 558161
7579 325 1132919
4138 3900 648664
8345 9490 239944
4799 8893 1344780
8531 3869 490622
9028 9119 549878
1116 8335 56290
5757 1146 331384
5001 9655 1257283
4394 7520 293475
8290 8453 133226
7184 9480 452572
3831 8728 1095702
1691 3479 689304
7547 1849 36463
1417 7315 210168
4953 5709 628559
1589 5233 841497
3946 6636 403461
4568 5325 693673
2011 5449 651409
1585 846 778114
1756 484 65254
2497 3494 739071
9748 1472 3727
2786 64 853253
8002 4045 2394237
5982 2767 451790
9041 90 1309937
5006 3951 339777
7096 3237 81526
8786 5975 476661
8985 4755 1027511
7100 2338 54383
4932 5137 402675
7247 7469 1279642
463 4141 613751
340 3304 158331
6936 7617 155686
2322 7100 415942
2758 7996 759013
7244 7199 1789436
9889 2433 187907
1824 339 2133363
936 5999 152512
3935 5285 793125
9115 3359 254142
859 6877 92669
4245 3394 1076399
5918 1339 1832064
7118 1400 308039
9313 9501 1214738
5113 9907 139311
8300 5330 838199
4057 1933 53061
3831 9272 414469
4830 8008 115154
4556 989 433729
8594 8185 50595
2636 8052 1025353
6152 8396 1257519
5144 3289 1612679
9769 8413 1073040
9493 6507 1476267
5910 1234 389422
1058 5921 394117
5355 6486 974072
3286 1788 2412561
1831 456 328928
2390 3930 299754
7514 1906 1978642
7652 3234 400509
7520 5361 980603
8413 3106 1519282
7760 7774 392835
3995 4488 50155
7247 7568 263457
7161 655 93256
8865 6557 748507
7048 2407 171848
691 5389 332381
5105 4901 931386
7887 1875 910548
5751 4824 11714
4198 5855 380036
464 8528 571209
4831 8055 192412
6414 9444 1123731
7238 7526 174873
3737 7698 968018
1547 2229 59361
4943 1684 3441
9834 1096 118458
3066 6633 207213
5002 8863 430679
60 7062 478531
183 3353 260473
5564 7586 77421
7166 7354 844432
8706 3771 660806
5700 8442 756647
5372 9481 789331
9052 6912 722815
9909 9471 213465
8013 1749 344306
4627 8612 290202
3900 9313 532305
9988 4631 1387736
7921 776 457321
9910 7453 837789
3272 1398 86112
387 3070 355787
8867 2092 861533
9548 1308 431944
9703 5209 2557164
9719 4236 416682
3978 3153 1096360
2927 9433 20314
9273 9048 479675
894 5781 1604823
