167
941 8249 240496
9137 7793 832406
9764 7729 1157195
2318 2757 66696
7201 6947 119433
2943 7125 242241
1765 2584 333350
7076 1179 578287
2563 464 2143257
4693 3418 976797
5379 9309 259356
3598 9252 578627
354 8966 355495
5180 2254 1184967
4782 3006 39519
3782 3244 654675
6104 1294 1017191
3009 5694 79020
3159 1719 1307511
1228 7495 170973
507 5425 876343
989 6224 914558
9515 2404 176815
5061 9127 315008
2115 1994 138998
2024 3735 37451
4556 6289 1814630
3798 2985 343361
4084 7226 1767086
2809 8267 411636
4553 8884 1629540
9872 5134 44947
4628 2135 743822
5690 8945 1208790
6502 1921 1104174
746 1043 817511
3143 8804 403880
5684 829 217031
3231 913 1556474
1972 2101 961252
9273 887 1070425
8405 2039 1737458
5055 2050 156155
5434 4801 192072
2696 2641 766010
1097 687 956009
5733 9125 482077
450 9937 327804
2125 8134 238930
6398 8071 924617
6450 4797 381316
2571 3542 372128
2185 7410 677162
7485 8901 1973979
8006 1360 41068
5569 3037 169143
7200 1176 749131
2217 1000 597923
8755 6895 315352
5644 8041 46767
2596 4146 1388403
1797 8162 608899
9261 1055 271106
5782 6593 375164
2872 6213 1159928
460 1529 911356
2040 304 672791
9526 3130 276848
3923 7748 478377
6164 355 274616
6257 787 1477660
7067 5438 253078
6861 9415 663288
3354 8968 640391
3826 6957 162837
4763 7478 157774
4104 8518 313891
7306 4651 421936
1275 4170 402790
488 3227 363485
4615 9065 28158
3884 1393 394696
9303 4598 464031
6081 6278 127232
6279 7933 559161
136 6726 1186905
493 8895 225941
5195 4807 543797
8012 8229 7083
7784 4904 249788
140 4957 38746
6344 9697 313371
3938 702 866758
3424 7054 631043
5155 5198 13419
8382 8031 60610
9465 2591 50958
6941 8567 371681
295 3006 125443
7453 6989 138703
6000 6155 553975
5031 1542 713573
9241 3491 988621
7547 4858 322699
338 5853 375905
6246 5529 114054
2505 7002 1700594
8037 9077 23664
5889 9171 947498
5655 4609 716160
7084 5710 1289475
2045 4054 266777
7048 4579 509788
30 3194 581493
8300 6249 551204
1767 7384 191740
4904 747 1933320
8647 976 86921
6819 6094 565356
2192 1349 2474755
4168 9892 134650
4397 8110 187958
7333 6640 878858
9064 4420 876069
6837 9819 1007550
2218 6009 1207654
8841 3425 116914
1044 476 589615
5965 3678 1842415
3001 4906 1130685
1214 7436 134962
5232 7536 861405
8735 2119 1172250
6624 8590 281921
1538 7685 285874
8459 8913 207160
9331 6019 1329746
231 5658 711744
2147 2578 140192
1940 5283 224478
3429 6648 324205
5279 3129 393864
621 5107 1015049
67 6565 415508
5264 3174 1099525
6579 9442 1017710
750 7825 233676
7061 8495 492607
8620 5658 659086
6468 2086 7261
1073 375 755878
4669 7549 562566
6665 4426 290013
626 3487 14088
9853 7215 494212
4008 4138 488758
6405 9717 871541
9860 4500 411942
9516 8574 354007
3971 1524 1189763
998 868 262965
9301 6709 733472
1578 6065 330530
8241 918 419557
4063 2884 86780
9324 2604 122565
5887 2303 1054733
