167
3860 9034 77257
3081 8674 179661
937 8336 226413
5147 2810 809979
2946 4212 521614
4674 1228 1885100
4257 4625 1073053
9307 6650 4841
6034 567 866226
7446 2543 25456
4731 9962 292890
8698 6394 70121
4453 5020 270170
8466 2620 1938820
7811 9568 843874
9905 6315 2256290
8593 6570 803157
1876 8688 64788
9340 7141 43850
1751 2313 504279
9827 5830 342323
1 475 16085
7546 8974 536640
1985 3708 71731
1497 3013 326234
346 7281 1671963
5519 2199 335226
4900 7097 2279051
9331 210 2186399
1063 4674 564677
6611 2762 932148
1696 5781 537947
7083 8124 21085
9493 2333 148122
9650 3155 627618
5487 6050 550243
402 3467 1161479
5156 1036 555353
5217 3225 876708
620 8064 165707
2747 4540 79362
2289 4732 83823
5540 8859 1041306
826 5036 2016193
2598 6551 713041
2879 6675 137685
5574 5623 1246242
8043 8596 1484847
6613 7903 677092
2904 5877 326676
7350 1280 131480
5956 421 253066
3594 743 182906
629 9508 1367596
2572 6438 510910
4662 1356 670501
2534 5876 273910
4623 8548 1261151
5361 6285 367323
351 2287 99129
1961 5539 183196
1450 9324 2078781
116 6558 92994
8542 5265 421071
8836 1112 2312
6535 9552 32126
7960 9667 76941
8361 4709 258551
8326 5430 1191902
4090 7965 699589
7523 586 8299
9002 1455 853331
375 9260 1325535
680 552 691213
1881 3729 1537220
4438 7001 983745
3161 5639 1358004
3939 4006 464054
422 9677 402751
3085 7571 261491
562 4113 300542
7724 5584 861795
5682 2458 162595
2491 1209 2439062
5336 7270 397922
8022 6398 322866
1983 8931 295487
7413 8408 728957
1467 8503 1391691
1134 6101 196918
3850 7794 550249
5753 9560 16855
2240 903 36015
7445 1645 88412
7680 6910 65212
2081 6232 482650
625 9453 186256
258 7836 734028
95 3085 177289
6155 2200 1674442
5735 6575 47398
9443 2789 416496
2036 7485 2131289
8855 7744 987049
1869 4850 200677
1894 1973 1061851
4515 8332 262616
676 7380 7080
4578 6853 135157
6631 3731 633248
4222 1952 1950
2894 922 784946
5898 2918 184510
9872 8282 522103
6501 1897 193157
3231 4442 193529
6202 2108 714739
9605 2089 954785
2391 412 410709
5060 8300 1017645
7422 3449 432455
8857 2316 381263
4299 6076 1629056
7068 4320 1091719
9180 5555 1387023
1131 7581 544241
8143 7011 173801
6587 1108 8287
6459 466 557606
8116 2047 463678
3346 3508 262634
4745 1938 177015
4127 9684 568995
9777 6174 586215
4224 3779 183815
5605 822 829028
3960 4301 667956
9600 5060 93098
3760 615 555208
8213 864 39081
81 4441 8529
4409 253 516367
7732 3316 117898
5564 6463 258829
9394 8452 771904
9866 5413 69631
6881 7428 104775
7168 3591 260439
15 1105 335798
6846 6565 1259792
2257 6280 39798
6653 1025 59837
8254 8525 640713
2302 6355 641007
3076 6283 2097990
4379 5127 10537
2830 9429 1239127
9218 4962 495429
8710 1181 815083
938 407 697199
7486 5161 605872
2847 5225 264528
4574 1700 2323866
9269 8702 211359
4562 8984 291356
3853 9601 427435
2639 3015 320628
