167
4043 6915 168553
7617 1165 632074
9155 2734 824299
3914 9827 232549
5190 8764 116582
3879 7745 371704
4025 4976 54475
3738 6817 1916566
9274 1861 117553
8536 2982 648088
1116 3919 1168923
4196 4042 1114806
3400 5262 69677
7781 4636 185919
8040 2638 1548587
1918 9298 595250
9012 5942 309413
7779 7096 384065
1114 656 5990
6054 3169 596585
1178 8359 124738
8031 8341 8775
4297 9258 517635
4830 6505 472621
6897 1303 393351
9885 8192 70023
9134 7275 1644430
4262 6241 901878
399 1643 217212
1389 5195 509196
7245 489 97899
970 9934 691492
1734 4259 557591
4228 8986 324573
6726 613 440647
4044 1624 32236
4837 9450 1423221
9707 6937 167714
5899 5600 935340
8302 4011 850600
3177 8029 79907
9424 3450 218560
5760 3106 633434
7231 2603 1313409
6183 2328 241973
6671 4277 1691910
5420 26 101327
8264 2112 248057
8793 9422 1102363
5343 1519 117940
2124 6710 532562
3870 5547 378372
1096 2019 216314
644 4609 854017
5540 7403 582334
4232 6539 281590
4770 7923 1434324
2632 6075 160421
5306 6221 555109
5829 5323 3216863
6954 6140 406828
9081 8804 1215399
6071 1958 2131235
1618 1435 221656
4779 3828 687416
2883 2781 236956
6642 9168 1172784
5545 1099 665792
9682 7593 1664611
6811 924 294517
4592 7066 1855593
7134 5123 13218
846 5202 500050
413 6962 337238
8618 484 834156
4079 4880 681335
1017 9360 954446
5710 8969 907212
2120 6641 372291
4270 4490 263099
7625 4853 315625
2984 781 719035
5099 9402 477786
9398 365 239814
1307 228 1108538
5462 6109 1297121
8311 3586 661333
4989 5140 75112
1107 3420 903236
2885 8074 593696
4482 3411 351009
1466 1612 1226918
5643 5407 924762
9428 4779 640608
8600 226 207229
1459 4488 1268386
3766 201 885420
4025 5230 623489
7318 1266 161299
8021 3707 625759
5364 8245 2213627
8158 3158 1313082
2476 8642 1584438
3013 8893 101584
7090 6360 401703
8727 7870 131722
6126 2241 692969
1650 6604 1476273
5385 3797 1112243
3745 3940 156274
5415 6691 69236
9623 1181 567969
8785 3110 150256
93 3966 1705796
1145 9442 448587
5287 6609 311860
5665 130 1064268
7160 8236 204995
9552 8791 1201273
2575 5888 355685
4341 1478 592008
891 8586 649303
6294 7316 541694
4817 3115 1890
4860 8534 5282
3277 962 83968
3808 8470 362469
1992 6090 162162
5127 8844 514718
2342 202 138262
6466 6884 804562
7986 8980 599784
9266 7904 732933
4279 3426 344807
7756 4848 439694
8742 6328 365194
3883 6245 483718
6066 6088 608895
9769 8382 323979
3135 3813 237660
9676 8920 358116
3094 4583 445808
4735 970 946108
126 2572 426197
49 5795 100528
6823 5382 2568531
4084 9565 653837
6309 561 429383
2929 7182 104641
3715 1503 75681
6803 3824 136720
1203 5818 2852224
4127 8514 667197
8724 5813 157514
9537 101 45453
4370 2384 14458
5241 544 417035
8943 4253 588513
7652 3791 339713
2294 7747 152132
7247 9457 360862
4444 985 147085
5466 6969 152679
4284 9960 91298
3527 1422 272166
8539 4357 1341
783 9909 112335
