167
8485 9114 1087309
2503 9711 2661626
5120 2258 938653
7679 1501 323894
3444 583 2538994
8138 1004 1854964
3321 4305 398270
2721 9726 62074
2504 7513 372797
6805 9757 807983
8779 9294 369451
2349 5198 521460
5149 2104 678234
8177 351 131408
1693 4006 402320
9744 351 556918
1939 9 727786
780 928 508832
6448 3321 695686
8619 8153 1739630
8055 2493 348347
4465 5315 583973
2481 1068 337655
8614 5553 443107
7205 7780 364970
1130 8970 379369
2937 4920 730636
9447 5838 264875
8819 7170 59149
4897 6555 271843
4392 955 339800
9205 2168 2445733
4202 6737 933727
7517 4911 499485
4358 7022 466680
7242 4289 123081
9983 70 19602
4919 2468 182637
6861 1122 917705
489 2661 281948
6993 8768 434734
297 3079 513949
5883 6313 809905
7567 4920 493788
4860 7454 82885
9603 6986 29793
1086 3441 369912
8337 1411 139892
8038 2348 577166
9405 941 256433
1289 7317 205791
6202 141 747192
782 2577 1812488
2584 7775 1734910
6318 8484 657161
9092 1430 851657
4185 4691 987335
6655 8705 248265
6362 1480 635311
7719 9812 540562
7291 7125 224537
6750 1959 1105470
9115 1992 168641
4949 1915 137698
4287 6351 970263
4793 2833 6589
5230 1793 202566
9293 1099 469025
685 2834 1691131
7254 390 422378
452 2617 622850
1556 2724 45828
6960 1370 381060
386 2639 259664
4226 1816 472381
7134 5725 601236
1110 4927 631506
1229 4263 229850
9536 4832 1780063
2960 4231 138621
1304 8950 505057
9753 2700 1817076
3128 2207 738964
6793 1008 160575
3397 229 685605
4016 9256 634166
8892 4979 2520556
6577 1530 84499
538 6485 957499
3341 9627 972237
5037 5823 545115
4264 597 361535
4908 6508 590098
6956 1942 312355
8858 8980 141213
160 4850 344689
139 2520 1275806
9793 4111 525979
1856 6238 796485
8035 7801 812927
2345 7012 227497
4423 8725 734940
3520 8717 4276
1925 4804 1515368
3325 532 227608
7621 2243 329034
1334 3645 417241
4742 2181 901216
7279 5679 115490
395 1908 582195
8035 3593 1775183
4991 9813 201088
8429 629 108791
2685 960 8068
9139 7492 54211
2961 4923 337916
2201 8584 1673645
8753 9125 107512
3521 8007 534347
5618 8898 214220
142 3600 648048
5626 745 105181
682 5185 595683
9013 2297 265932
2931 2330 55211
8402 7923 552167
5088 6124 10529
702 327 897042
3880 3686 968698
3372 2258 27140
2917 5824 25572
8957 7216 744342
959 8919 35528
3535 1740 1847408
4614 8804 886570
3854 7763 193589
748 590 52115
2179 3437 201592
2869 2390 1106142
5259 1017 959509
7818 7900 1207365
1072 1463 1340100
4729 4984 179594
4975 7834 662940
6920 1679 362090
20 7603 206167
9740 1640 443078
7264 5076 641527
73 3239 436130
7449 2991 525769
5885 7632 1307150
1419 4365 374541
2500 3006 808619
5092 9566 1384589
636 9886 156648
2014 3196 597819
8415 4929 213107
5 5267 128652
7498 3806 370943
6082 2507 81012
1746 680 1348953
2690 5064 1050237
5433 948 71526
5091 9605 371584
777 5298 54917
5559 1467 385541
9823 9104 196025
