167
4264 5130 508048
3932 6632 577353
5187 7747 230011
8891 4215 37904
9468 4723 39259
3517 5889 581100
6017 7253 2226544
6864 8540 333786
887 6783 900593
1196 1582 1447197
7816 8123 59184
5617 9668 150676
8610 3684 1910359
1097 2729 1521313
4527 888 379967
7060 3838 35380
793 7421 2294050
6096 2010 19922
2568 7478 758588
499 6081 60792
910 9722 63394
502 8354 36411
2969 2356 730175
8665 1984 69498
1732 3864 251741
820 5082 78770
527 7302 1082944
4469 770 1236044
6841 13 1763705
7086 6900 571701
843 1597 4744
3738 459 157539
191 1859 258263
8370 6709 87814
1919 9563 261642
3108 9905 1216917
665 1997 274212
2511 7767 164063
5522 8921 86222
6827 7319 78896
1992 6298 361439
5129 1634 100952
5986 751 1097608
6820 7596 823707
6496 6469 1128524
5389 6376 170075
8601 1339 1096836
842 1812 398724
7951 8580 716923
428 4979 58139
8443 9657 267492
332 3750 1256456
1127 6870 1311971
9359 2852 1919777
5694 8634 336935
8869 8840 303991
6816 4131 219448
1143 3084 1129486
3071 7102 156443
3540 5325 1658451
8887 2409 81401
1438 4264 994056
8209 6182 238639
2731 6905 228173
4016 5105 854719
2303 6093 327136
2896 2554 358333
3391 2002 200225
9139 4902 422891
9817 558 84163
1280 4225 136846
3563 4925 440607
3910 8342 169523
8155 8580 57916
1293 5162 422960
1252 354 950833
2088 4090 798794
6060 6734 986726
6579 8112 14876
612 6681 591099
2503 7874 60393
7219 7823 804488
7006 8997 759705
1851 18 970705
6145 7022 268764
9752 4321 1118077
8807 8880 256219
4374 5845 681723
3941 607 463954
4160 4334 181150
6041 2020 607294
5770 2139 1579955
8148 5191 504815
6448 3617 206665
8111 1592 396603
604 1398 184512
7754 2873 236284
6079 2545 881691
3086 2055 689832
9200 3422 1899741
9439 351 391386
4508 7119 1112198
3686 2432 115945
2641 1619 41921
5932 3032 1023432
3976 5519 1904398
5682 7540 1004436
8525 5558 307140
3821 6327 199792
2094 8680 2635576
2514 5697 1277330
6148 7274 184116
6587 6731 1450112
9227 9764 51987
6869 469 1065716
625 6543 21990
5373 5608 285169
8298 9792 380935
7205 993 789242
3990 1121 310356
6608 4730 882908
9461 3359 230152
5906 7187 448727
7002 4437 1338096
8867 9613 79827
6588 2969 371078
304 476 315390
8887 2122 402724
2473 9586 590197
5101 7738 870371
9460 9361 802732
4390 503 535188
9873 2129 756775
7152 4478 479730
3549 5231 1032657
3282 1630 1126669
3210 7783 32208
3165 7104 362744
7842 6153 66574
2766 75 200717
1684 4659 778810
1291 3863 113934
6530 4916 270599
2697 1539 1351828
6705 4882 138592
7742 4286 1288222
2289 8128 787652
749 2101 2393521
3710 4100 85419
8712 1011 12106
3682 245 267475
2007 2985 14724
8742 4091 974848
3259 2614 151545
4494 3307 691154
5938 1404 132220
738 3659 371508
3088 3098 1121397
5071 7218 1838859
4963 5428 421710
7001 4972 472989
653 5146 14247
9920 8641 779651
2606 1732 823910
6131 8773 396591
8106 8457 278274
5008 7969 376990
