127
1881 4674 267634
3431 2383 42617
1662 9872 726912
6256 2365 346820
5368 4363 1965965
2707 5895 466760
276 6367 683940
2140 792 492781
8863 2100 239069
2793 2232 937538
1199 1053 883783
8691 6582 1526146
2294 2071 226949
5989 9177 67448
6967 2756 200461
3603 790 68656
1806 3889 1727426
2522 9890 1781759
3279 2664 768805
5695 7193 197638
9428 7020 547170
9184 9243 814560
4713 4585 938544
580 6922 292116
7360 3049 101369
1119 196 252162
3448 924 1816539
2717 2856 154771
9186 4723 309741
3167 4239 268225
8877 837 2525053
8910 2366 658722
5409 1196 323491
4087 1920 562914
5504 1406 233717
387 3317 214167
1073 8069 1175749
3009 4900 1529690
9494 5269 1148194
9443 9366 91597
2092 7820 959724
2378 2839 498058
9191 663 318362
1060 511 259913
7191 6711 4096622
1641 8151 303790
684 6931 1195608
7975 1324 2287521
6001 6683 537382
9950 6164 182390
2466 9652 235472
6830 3532 396838
3396 3080 346474
6562 203 219791
8145 2311 69565
1770 7009 283647
2661 8578 461212
3292 3982 935885
969 8127 749436
6226 173 121825
9054 3789 1336927
497 3434 427215
5467 917 353079
4102 3029 1840845
9080 9816 852308
1843 8684 441882
8584 3550 16495
1755 2065 771093
5491 1060 260506
2796 9268 289588
2552 2266 149496
8629 8007 1461671
3047 5416 476898
6586 9381 414575
9140 4459 2146640
7033 8838 519322
3368 1450 194398
4294 1251 984806
4433 8892 671632
8643 3273 136833
4109 3759 902432
9599 5428 472658
6286 1155 193368
6074 804 742844
8939 4047 1271734
6678 8990 59527
8383 4170 1304423
6948 6689 542471
961 7458 94006
3545 7694 408255
9860 1452 338260
1773 9684 266540
8303 3848 1129201
5798 1971 979995
5870 6110 327103
3065 9116 1074870
8183 7986 1245023
6197 378 883969
6720 4955 3596023
2839 6507 7673
8624 6285 2414313
9929 3411 1103232
7256 7047 1347455
9878 6452 3075837
8653 2775 709819
9531 4182 433145
1608 3460 129487
9714 8558 269354
1908 7132 717418
9654 3787 3233736
8711 5602 739668
9683 7880 2269936
6412 4746 2064366
9653 6237 395756
8870 1046 635438
2805 4225 1131448
1162 1995 1299649
4932 1050 239964
8201 6997 156185
6120 9515 403154
1841 7422 201400
1648 8480 628175
6744 1800 1554867
2553 7271 2473887
7593 3254 64053
2176 4091 115768
7369 398 568793
