116
6007 4290 560137
2821 17 859377
5774 2061 548336
2882 8038 218546
621 7176 517430
2689 5279 460033
2427 5040 747441
399 4760 1511893
6232 454 788352
3421 1168 410151
7896 4982 2465795
6915 6621 155911
9680 4386 165294
5748 5788 74626
8481 208 1212344
7906 3165 473268
8055 8462 898154
4663 2557 1362158
272 2363 612219
5910 5097 2811908
8604 4876 2258383
9941 4595 694059
2922 4565 2818788
7047 1168 174244
8713 257 319707
4478 6796 973408
4344 6758 266155
1275 9282 395754
5233 5152 908389
5948 3140 218039
8098 4908 830890
129 2929 1779799
4977 4607 294404
8127 5371 127306
1246 2608 107274
2657 8855 29680
7442 8115 4366907
8670 8387 384861
261 6502 792702
1130 6298 432867
539 2623 144470
5678 4055 1546932
9525 6770 772774
8939 6641 1576285
4287 1565 1355783
7450 3302 834293
6696 3172 751187
5611 229 1061586
1610 4768 1322774
3581 9811 865811
2375 8856 1878998
2563 1279 3093036
2970 1429 217756
3271 7974 429680
1525 3367 2080038
5909 2877 152217
8250 1053 1192918
9354 4638 959745
0 6924 576503
4041 8159 137992
3184 7685 344376
5083 4338 537238
4698 5071 332219
3395 1085 260557
41 2764 204121
4449 589 348993
6654 2426 429153
5621 8019 148560
990 9290 507480
1339 8012 3176125
4958 226 1172351
8210 9921 3225478
9833 1379 692599
4655 1212 829650
2764 1714 1398866
9011 7874 542746
3892 4006 620791
7143 8913 1722043
7887 1044 570111
1018 3853 275874
7133 1476 1827645
9784 9508 587228
1245 4416 120114
5886 5133 211955
9800 53 45251
4478 6469 2511420
1759 1276 459378
5247 2420 1429460
4723 6738 453560
4344 3276 1100859
9164 7164 652971
809 9307 508645
7033 3399 47875
4401 4433 117328
8019 4266 989004
8316 8190 336719
8523 392 487635
8902 364 1892785
2967 3912 186313
6460 6728 891854
3583 9605 480952
9485 9361 2391512
4311 6594 1202943
7653 9188 196748
7598 1706 332534
6402 4110 30144
9382 6422 655858
1878 4650 137871
190 8630 1604181
7401 3376 706453
690 1022 1753532
4553 559 621598
7687 9156 850245
139 6543 695538
3035 5377 96343
7907 1823 68451
