126
195 6945 1348145
295 5913 769624
9658 4105 2609611
6286 6478 159856
7113 8232 3440055
5879 8778 403614
6677 9835 84225
1822 2486 948336
2733 3157 526173
1313 8701 1658540
6658 7768 541529
615 7111 753211
6613 2179 374393
1293 6751 155818
3691 8226 1003572
1730 9463 337451
5783 2324 444736
7779 4295 1184533
8528 9451 317795
1308 6587 414278
8156 454 1897135
1754 8090 599742
2496 1382 645913
2477 749 714946
5724 1111 192636
2833 8277 228324
5378 5279 1574580
7555 7964 255685
651 2146 314065
721 5893 151720
3253 191 436791
7043 2196 2668301
9479 2727 232925
8835 7881 29324
1986 3355 135138
8301 6803 674485
6782 6650 362390
6669 6957 906739
1855 8008 3203862
8192 9773 407114
1915 9950 784155
965 5985 1056935
666 4620 83181
4510 2370 1147246
745 1218 85973
4942 4395 1716601
9885 5079 98392
6940 4539 508393
7576 1811 161024
3974 6562 362569
5152 8633 698509
4663 9751 407879
7400 3555 138010
9156 4207 22721
6460 9382 738444
6436 1005 547772
9953 2732 16469
8927 7155 1828954
2088 8019 322519
2830 4223 94493
4931 6688 787617
6288 7514 2600739
223 957 1027332
3686 1134 1380986
3871 4779 749908
4424 1213 441005
7935 9628 806659
9365 7578 1651029
8008 993 101622
3025 5574 836258
4537 1873 58006
9775 1780 330626
7029 2963 26084
1712 5924 759404
7072 6225 319989
4539 9859 326763
1964 5485 293684
90 3979 297457
3425 3065 896272
6687 1706 340718
2209 3639 22666
2459 4134 811828
2265 8450 139268
6358 6275 312958
2096 4032 3259517
9206 8636 826929
7279 9427 3809904
5479 842 3830548
3205 6433 190821
9391 900 2882224
734 2128 1253309
6914 9182 424692
3812 2490 50622
6432 4800 1112305
5075 9367 995607
2551 3398 249024
8693 426 15637
7436 2658 1326471
70 9737 1531617
9554 2874 392553
8752 3532 533302
5872 2703 926903
6851 2787 161789
3208 1545 1356002
5679 5405 1473077
7752 7770 639910
3569 6622 663250
7208 8410 86581
4663 2951 520323
685 8614 464607
1865 3018 51543
617 3885 851775
9278 5098 1069648
930 6775 437422
8927 1420 3530471
8616 4347 1935755
4579 6670 272227
4469 2796 275795
5618 1014 50657
6053 265 317019
4149 5728 721879
9448 7599 254811
9402 117 363174
6863 2967 589456
5750 7758 476595
8310 2585 577822
