147
6137 3552 1423593
6423 4376 61521
7020 6980 1389523
947 5210 772290
3321 9704 133246
5907 7347 883900
1519 8416 235270
8686 8603 165139
6769 2548 1033495
9501 5621 957742
5966 4214 387342
9142 7636 448570
4854 8656 440676
934 8942 135156
6841 4263 137331
9297 6775 1646634
4576 214 1139674
6795 6829 810099
3555 8868 184490
8440 7831 1889082
8432 4224 1882463
5760 7972 272571
8049 394 28944
6044 5330 521237
1463 4228 141
9517 3027 130640
9158 2049 11316
7240 8155 388264
4923 7628 556741
3868 6447 1209671
4215 1385 145838
803 7534 481524
5424 7301 141996
6464 7200 236880
1136 7575 39674
9174 8295 76014
1574 2647 647371
6772 6708 479107
3108 1751 373239
1368 111 1364727
1083 8021 3598558
1349 4134 2319585
5862 82 481035
1950 8335 2998973
8229 3320 2035
7266 5972 402129
4328 1183 1259948
3423 4092 195424
7926 6472 382591
3654 372 209347
1654 3497 323962
7301 3459 581857
7362 6806 1143181
6544 6925 37332
8711 7064 270956
7131 4962 507103
6306 4536 1207949
1051 5 1190508
2199 4986 336304
184 6722 1421791
9133 3930 360378
2114 6293 1363135
9704 3910 564751
9553 9330 154342
9672 5755 736807
5221 6126 638952
4764 5638 207171
7388 6877 1178513
460 3490 566529
6231 2688 913386
1637 526 52434
3529 4098 364630
6405 5776 185716
6443 6537 1180099
9201 8729 979809
7675 5904 1197502
9119 9247 161250
1905 4818 560997
2678 4695 790557
6318 9254 728923
8089 3316 2443
1799 5035 191994
3232 3578 472322
7315 787 551747
3412 2729 458073
2275 4940 76493
3754 9590 423135
8091 9977 396472
6489 1704 1457593
4373 6473 1081441
8075 636 1167231
4581 4941 1430745
5343 3235 247489
1857 6460 357437
9039 837 1019704
4412 6696 968024
6501 539 777267
9140 9144 3080553
8417 6530 1083958
6989 364 364712
7478 947 1138294
6578 8162 373455
8269 2619 295749
2563 2299 751382
1860 7405 151676
6602 4312 1039821
8962 2328 221163
4779 480 492709
8118 1353 1003116
7595 8753 604009
9352 6440 451736
3667 6868 98261
9625 3858 72411
9318 5746 923603
8818 3287 910579
9473 635 1367983
7080 8966 234131
169 2559 374974
4857 9125 1000253
1796 3004 982346
5403 1541 1090715
8366 1572 410555
2444 8026 167219
5117 8056 440831
909 7927 1735184
8506 1275 1611532
734 188 78800
8033 419 516642
2558 201 324842
9178 4104 1226954
4037 6303 40371
8804 5574 944421
8988 6079 69516
2744 8711 259694
5021 5790 649446
1794 8380 674544
8935 7476 1096078
1076 5532 352420
7747 2597 484786
8054 2131 506711
932 5155 1990348
7326 1189 15698
613 9746 53308
2003 4190 687925
2204 9957 974358
5899 5426 213174
7726 3614 267864
