147
7790 5846 2834521
1424 1402 2085037
3787 9375 1517694
7836 9623 23326
2976 5230 254909
4616 3560 1078795
9419 6640 1108197
6727 7947 1063051
3641 9761 602194
4615 3027 899880
7975 6895 1236397
1624 1119 1778474
5950 876 208437
8898 8831 100469
3615 3350 104884
1292 8944 101848
5320 8079 939394
7434 2213 312059
4222 6413 548933
9238 7483 1778431
7119 8326 90607
9029 2531 177919
5144 9459 1133406
4849 5312 315288
2318 5472 63095
7225 1790 755370
6041 7266 75250
2708 2732 492214
5782 9498 128269
643 3252 823188
1947 1573 322589
6790 6226 58117
4791 4279 120987
5506 3597 625486
7125 3238 189991
4099 7665 352233
8913 8084 652667
7709 3406 1224263
5630 9278 2365591
4957 9131 341148
3748 3914 62333
3420 5789 1444028
3821 6946 203695
1399 2613 397963
6176 6573 689400
1857 849 189657
9243 5745 49347
4615 2204 230019
2118 3251 246797
9695 190 576621
9847 5331 913611
7737 335 462912
5575 6402 871807
9455 6714 1381255
3705 3724 162263
9555 9518 969520
3699 5376 1395677
6752 2989 1430420
7560 5266 2243703
4389 8242 1056641
2368 4423 74588
1702 5854 1127394
4691 9961 102003
507 814 2313592
8409 8213 1125260
1239 6592 55856
3318 987 493473
8736 7404 1672859
2415 5722 380894
8710 4723 133595
9463 308 80098
9049 7070 1955912
4386 6023 786375
1912 5407 519506
722 3455 15352
996 9204 959866
7256 563 1365820
5313 2151 585984
3110 4445 1314105
2359 2733 1008871
3832 2843 1290153
2635 7881 181494
407 3395 202106
2113 2646 86810
9197 8929 835571
3249 6838 794436
1365 3933 192687
7072 5277 3682420
9965 8379 102201
9662 8921 804292
3544 6974 498635
7146 7760 3049676
5034 3259 291616
2164 3109 269192
9035 5230 388827
4757 4227 68930
4106 4328 1241388
2408 3647 241194
2981 1390 263768
8598 3141 240387
4221 7954 860365
302 1978 251912
3479 6015 637149
2469 6021 1052146
8707 6211 832075
6502 5300 1886371
7693 329 316655
2011 4705 622774
9600 7183 372102
953 2901 2015158
9146 3493 634124
3011 3910 691963
7021 745 521995
7960 4912 54383
5593 602 80020
4015 1613 291106
7338 2990 455303
5221 9342 1335907
4814 7278 426683
2954 6579 857810
4931 6618 474225
6589 783 433029
3195 7392 32485
71 3158 428116
4569 733 176165
1037 6268 33506
7578 2000 596135
8692 519 29788
8018 7633 361888
3645 3271 1887830
6109 90 754520
2851 233 6792
2844 4856 3987
1108 9474 11396
5610 5638 468048
5262 7084 940684
3880 7161 111891
5853 6212 123443
1463 6197 1200192
5786 2259 193686
5206 4720 32199
503 6733 799419
9530 4160 478771
834 6747 704727
6095 8782 68806
7142 6937 733055
6134 5980 59753
