227
5105 3303 176401
5016 1914 42839
539 5349 711221
5384 3912 116015
3418 2197 398298
5599 5369 150452
1848 8040 257058
3438 6040 27311
4359 3242 253268
8889 4865 662717
2934 3140 847
73 2788 605733
7386 1687 353910
360 9153 935564
6094 3100 13263
9036 3826 1054873
2933 9379 123234
7559 1874 7004
4586 5703 720914
2294 8286 242888
1309 5756 93724
9350 5929 52546
6671 5679 95119
3686 7523 317277
7423 5652 79696
394 6359 663704
7766 8091 119522
344 2023 1445192
2865 2545 179705
6427 6472 332623
296 5260 172361
5674 6642 99632
4602 2571 387811
446 7324 844090
4638 3953 756210
3726 5825 73120
3916 5380 1026645
6169 6607 1077607
3732 5242 23194
796 5350 1108987
6713 6926 139603
7919 7519 316888
6927 1374 150188
1287 597 647055
9268 5585 868157
1362 3743 63768
1846 356 1417396
1240 4209 39181
4988 5443 34468
723 8954 41468
7324 3095 682131
7698 3746 136066
2525 5368 605979
3275 5853 642298
2036 5748 27082
1840 6705 16360
3126 40 362942
3674 5250 248739
4828 2242 246466
2160 7033 123433
1663 388 423390
7292 6556 431384
6457 4391 345518
9152 6794 654430
1940 277 1014684
7511 7380 1359988
3027 3112 311353
3450 3046 591701
6132 8640 376298
2870 98 1268081
197 7665 406847
7389 5766 1087168
1949 3079 571755
4670 2500 601244
2760 931 202280
9312 6561 576631
6956 5661 364813
3086 6650 658731
5355 6222 487385
7334 9705 660508
4021 842 1244673
7806 9291 75159
1 8976 245221
7100 7818 22770
147 5119 97358
5425 436 79013
834 5400 435973
7720 9476 277142
7153 5395 399362
2527 868 1051348
3395 3320 45439
1373 8288 22779
380 7510 679612
7204 8960 15177
561 5376 1136431
105 8844 172094
7773 265 5982
4825 9165 186302
8449 5041 397566
1957 1117 710188
5771 6371 744581
3896 1956 563338
199 1393 717361
1799 5926 918932
8107 4663 324863
2626 5596 1734756
9768 4417 240408
4726 9809 183824
5713 5375 306916
1678 5291 614741
7931 7107 794310
826 8443 380150
5837 4234 179274
3212 7924 220735
4078 6384 1131077
336 3610 188837
8110 1111 212441
5232 9581 661200
4507 4587 207945
5205 7168 10426
6391 3585 306677
4514 8367 6242
5316 4992 391111
2472 2868 413735
8643 8112 9029
3939 1422 79277
1132 5916 183330
7250 3978 501728
651 670 158405
2389 9731 190278
8551 156 45141
5761 5908 1911831
7841 6007 127818
8232 4426 1441108
1204 2739 83918
4016 7771 54500
9724 6267 241829
8943 4251 1025426
5836 8671 83229
9361 8672 322310
4439 9834 113114
4266 7287 166095
2457 9995 336478
4076 9149 231666
6926 5963 628408
2108 4240 522906
7655 4553 307108
1713 5606 431906
7398 5874 139663
4152 135 12778
7157 7096 719297
4177 4039 47070
4474 4082 466473
1798 271 52225
3275 3652 246665
3187 4435 56415
5541 5719 95236
2640 1888 182543
8086 3210 358852
7995 6624 432361
3580 846 994470
1671 4008 1421669
5146 8312 214715
3 3038 740426
2638 5392 200352
4710 3664 540034
2489 6254 504169
9267 258 447635
3042 3318 104154
8880 2894 642501
5164 5929 303210
6636 8548 463198
1915 182 291271
8100 6959 112383
1052 5668 955041
6731 3925 549585
4987 3161 1218850
2949 7433 594337
2546 3607 137247
8623 378 229056
5842 4577 164632
9438 7005 2114247
1726 3613 128877
1703 5262 3108326
4903 4822 511792
3470 2394 72639
989 687 391803
7713 7396 1284960
3723 650 185875
244 9937 429028
1503 1492 43720
2250 1562 196205
8412 2063 1333180
4406 6295 117963
5467 8266 114135
2028 5736 820736
384 1017 191354
2597 8424 104627
4367 7695 1673151
1737 690 284697
6571 9278 78597
5270 692 197143
2768 2972 162546
5492 3760 339658
1545 4359 704105
1421 3126 368512
4929 7933 52156
3306 6956 201033
8660 4774 14868
8084 9742 2285265
5748 2175 33173
8150 5210 273748
5689 1281 229792
6018 3491 188234
1171 503 369086
243 4481 703262
2374 6625 271170
5474 4509 132806
9531 484 183812
723 3142 1350431
8149 3249 506679
9218 87 55685
5399 9076 399549
8073 3761 462870
3127 3204 28714
5544 2231 396407
2705 2409 308132
