227
9875 8096 1250194
4679 8609 528688
4766 4338 248861
3851 9894 186687
1413 2222 243402
6484 1309 1053429
3948 7290 577351
9766 2766 203045
7828 785 488577
2220 5699 234343
4599 561 182885
1026 7588 71682
3975 1985 111039
2876 8713 342521
3162 397 1023757
4155 4792 160523
8020 3235 183418
6627 3341 51402
1192 1086 133845
1512 3318 190262
4448 1756 429324
6788 754 538792
9680 4855 908603
9276 2529 890300
114 4376 91218
7934 8899 13288
6960 7234 394013
4368 9605 728770
6346 1852 4220
5945 1560 309013
4956 831 324066
6899 2778 1738450
3756 1465 145709
1874 6199 633900
975 7710 161904
5500 2309 281537
9005 1091 725429
3756 6462 1096414
4024 6385 1562803
7823 179 374872
8535 4941 371727
5927 5342 262185
4665 1325 737341
9303 8310 68722
9494 9134 12845
1784 8019 72111
4713 3601 27791
8894 717 607280
92 248 333421
3190 5715 197904
4555 115 109453
1022 258 687089
7408 7663 297849
1296 3082 418391
7729 1871 9061
1566 1780 370342
9177 1832 170632
950 9762 139311
6575 267 337755
73 62 319790
2566 6640 112599
4387 8204 1107264
3380 6057 276144
9919 4401 225120
6175 4394 134084
4077 4920 73910
5725 8801 9122
1187 4927 457370
5270 2401 380818
9357 4143 4131
4285 2101 146663
7536 9712 129717
8901 7703 306090
3081 5681 158016
4889 3461 300111
2824 6956 100625
5889 1388 749121
1986 6703 1071830
5425 3854 319527
3601 1115 529125
1342 324 752879
4269 9383 338623
5854 228 1109554
5443 5957 376594
9613 7318 25632
5234 5243 795170
8735 9884 928490
8467 7254 1237131
4257 5411 81283
9996 3827 641383
1772 3477 1454730
1478 349 800293
831 283 110101
6024 2850 117707
2066 9628 255545
926 2830 103090
1372 7113 266313
6975 2889 227037
9560 8380 178064
4837 8866 141984
8709 5409 182159
2086 2086 91667
7309 5525 386543
894 5666 902025
2628 8375 79932
7888 4013 78861
3786 2743 408229
1494 3983 156158
8376 1533 619150
4443 8876 24013
685 273 81859
1393 1265 181057
2571 4276 1170456
249 2500 210634
4606 4971 496099
998 2901 52166
1626 4872 552935
713 3771 206588
4412 5870 270386
7994 9810 218766
1907 1000 627354
8053 8177 398802
2354 4849 26074
4763 4081 1134683
9518 8379 422375
4502 2179 1518079
5918 931 115702
2660 1153 882609
7460 9359 738564
3764 9084 37421
5923 1692 277982
1851 2030 275905
5159 5156 379522
2657 3425 53011
3004 5365 771061
286 2570 262166
7809 6636 13518
6273 1006 328246
841 1178 1260509
518 2918 1024459
3097 2503 296392
8714 1121 1329888
2330 4851 139328
4274 4157 525127
5713 6994 1096523
3835 5451 68968
206 3435 488104
8471 8319 111838
6006 3864 517176
5698 9286 233825
9467 8815 288437
2832 4353 133908
6835 2395 249510
3475 5344 1075103
3759 50 455473
969 1758 3286105
3301 4314 1187050
6592 234 321819
4093 9598 726972
6992 5604 129356
7103 9262 914702
2836 9191 838246
8971 8371 87390
380 497 803104
8169 9756 101420
4118 5052 632975
5852 5602 449763
9236 5659 52582
4167 9443 79343
2079 2592 936148
1682 321 1170183
2534 1617 1010957
8646 4981 1172706
1462 3535 748072
3671 3358 653343
3509 4972 775497
2447 4062 174008
1405 7227 212231
6470 1801 1644389
7068 8446 1051125
1213 1163 289914
4004 2509 464406
22 8125 41570
2467 4176 174016
2637 3906 593650
9238 69 606785
5082 2168 253292
3249 2540 143874
3280 6145 170300
2502 1219 1001509
6252 3856 890620
3723 2005 101897
7858 411 42040
4793 4731 50540
4650 4374 441920
2172 2143 258489
4417 8245 218096
6484 7581 1104214
278 6913 238834
2736 7661 172448
6183 2576 406101
64 7697 10793
8157 4787 529623
511 7959 547438
1279 4483 418845
3148 7801 357635
7150 4388 182672
6232 8835 936179
2006 8034 701477
4581 7592 51852
6536 310 220885
9666 6084 30840
4864 7257 646705
2654 2868 412444
3016 5669 237092
7750 9495 161077
7335 9767 431128
3092 4060 262698
93 7693 167455
2833 8339 275266
5715 3305 446203
2511 2310 77878
9377 7125 307388
5134 712 58641
7744 1953 138987
7483 5882 200970
8283 9858 533977
