149
2761 1695 291527
346 2000 611387
7102 9960 18614
6540 30 903254
8583 8080 206069
5669 829 788907
8193 7644 252769
7109 6759 41753
8262 5616 421169
8187 7692 1824904
9064 575 35242
5564 7165 741439
3799 2464 395557
2706 9617 705869
9776 4807 632901
2637 3916 476641
9103 1020 40309
3779 4668 1017033
1273 6061 655896
4738 8836 1084163
3489 2080 614789
6789 5297 507529
4699 2277 1313492
5896 5675 366818
6403 1300 478200
6910 9377 12310
7713 7138 283375
6190 9009 165759
2392 443 83237
9148 644 122609
5526 6720 501909
8599 276 601029
2857 1542 10437
200 2975 34155
1297 4593 113684
31 1419 1033658
3607 4193 548844
2127 4396 400372
5692 9214 816755
7168 6253 68013
2401 5315 3419881
4353 5903 183777
125 4494 2731996
4609 4758 1060592
2717 4712 2283693
5619 3907 1149821
6355 3198 262019
6127 6804 189923
3355 5750 1480299
8615 2200 547961
4708 2029 648656
4610 9432 1164691
9148 7618 57883
5577 3203 304257
4059 7706 94512
7680 5476 304653
5284 4203 844081
6850 9297 502860
6864 4058 197951
2971 6227 1346876
885 8311 1444701
2095 2098 26666
5866 7987 75300
3301 9797 184147
6399 9076 534652
4908 4008 157555
836 5944 636866
8653 6550 1477835
7706 1173 259251
6758 1609 460546
2777 528 447683
407 5740 1553988
719 1086 2112053
949 5944 97298
3047 3941 2130434
7238 302 1175659
6096 3559 768928
8581 7009 2682918
3350 3499 1447403
4276 3632 1620982
3598 6411 398212
5882 3745 111945
8386 9806 994514
3329 5852 1625548
2376 9868 1663134
3193 1177 340270
4912 7444 538402
3602 5953 325311
953 2941 837218
1290 6686 254754
4119 554 890757
1095 8124 536955
8731 4071 441155
6031 7550 41536
2056 9152 610008
3629 5546 540672
3134 319 296062
9166 9769 890952
6244 6937 1766905
5803 3117 294651
4604 7030 103619
8581 649 942826
3676 7135 312283
6248 4943 1828685
6302 2051 2470
1117 2295 1174195
7017 8457 949319
6637 7048 1103106
2237 4581 28529
2802 6268 1326066
4329 8236 130957
4619 3451 2472875
8472 3461 655919
710 5984 266186
7615 5042 214481
8401 2355 165668
5849 7779 136559
3888 4206 1855010
2960 8306 68032
737 979 109662
5844 4371 465758
900 8255 51680
3940 853 595648
2297 9394 853048
103 7024 821422
1169 788 1329463
2314 7250 149233
7676 9112 580388
4063 8563 302305
8765 6288 659508
3985 5580 199798
1291 1382 2112247
9154 6168 466759
928 7459 388992
7883 7465 52696
6419 3424 143063
1290 9004 1195587
1689 2951 149103
4998 2160 404309
8330 7903 1528771
2478 3602 446475
6851 3112 149666
8789 6456 40014
4509 9114 278879
3869 7535 23736
7333 5957 340373
1662 1789 601446
2903 2033 397088
3015 5066 733513
