149
4892 6674 191152
7472 4481 13042
6250 5999 138682
2685 6290 62825
4005 2632 4479945
2521 734 742229
8863 6895 239344
7420 8745 233733
2292 2703 57292
1884 6426 1328287
9104 9261 227434
3213 2295 812534
9324 6377 224497
187 1179 1635302
8916 8625 323994
40 1659 323125
301 9824 123799
3475 7679 976427
734 1194 871390
7771 6866 410342
4674 130 95271
1878 3200 653054
6795 3800 884343
1563 3625 641058
114 8449 348201
5675 188 673512
9372 3768 1052556
4214 5844 121876
6655 3969 492088
9763 5697 378617
2831 4834 39403
2618 2137 1082401
7869 3939 482598
4580 1335 310208
5544 2924 772903
6254 3412 2126996
6095 4479 130151
9660 6354 1693941
1633 3159 5817
3014 8419 256131
4481 9711 188022
3111 5502 109385
6140 6089 1490874
7591 4619 1517837
6421 938 242627
729 2141 492486
575 2141 305380
9718 3048 1514578
8624 3473 2316767
4812 1809 944351
1589 9303 1572834
2553 8425 2767875
4794 890 838139
8046 8200 128965
271 1364 32124
3784 9651 2093803
2062 2154 410332
7003 3785 1879205
9175 4372 690793
2559 6733 1342265
2339 3511 15710
7621 7337 205362
3260 3783 1041349
163 9383 695368
6402 9528 205437
6028 7542 53245
5171 1398 143954
9359 8043 374645
9306 6433 253055
971 5921 529605
7981 7144 210189
1286 2236 160406
4131 6132 113676
976 8688 354423
5744 4730 70450
6653 5707 342583
6313 9647 314735
9217 4699 246021
7511 9259 19339
3785 2049 341747
9925 368 813445
4064 3390 793736
7663 7033 1147992
8858 214 2501988
8165 7585 1162651
410 4483 43183
4003 5620 766442
981 6388 1629344
4095 3974 1014370
883 2586 200916
928 9555 38619
9293 3307 127816
5828 838 1430169
5277 6243 569347
2409 1195 147636
6509 696 398573
2224 5227 317196
2221 1976 1524325
7604 5579 145509
2895 4280 39835
9800 2253 70042
9032 5375 233572
4263 594 944262
5110 5265 493542
8701 3888 825307
54 7880 530723
7554 2633 192376
1809 408 916416
5048 2943 400842
9738 1650 1406358
7258 6411 107022
6682 7901 78793
5814 99 341262
8267 6890 257164
6169 5065 231839
4417 5943 61213
1051 9922 473652
6136 4916 1259319
156 2183 1240672
6122 3414 847024
7797 1916 134862
8639 3330 252492
1537 2046 620397
4360 8340 340328
1790 6113 2063391
366 8684 1218379
9078 3542 202495
7884 5139 526270
2107 6054 1032212
4160 4132 1325651
4882 4669 356887
6129 4226 543056
552 9532 259620
7923 5797 672946
6031 8116 38836
5418 3495 627276
6432 3681 166718
6342 1786 163075
6049 3492 948756
5481 644 2031153
1258 1779 1026024
900 3122 1685483
7328 6007 9559
3300 7385 1068467
2674 3822 103072
2023 9239 823106
4766 2742 1197159
3470 4696 683068
9796 4889 1928329
