149
969 6617 869224
3404 7471 334932
5201 8461 1138640
6032 3425 391525
3283 1003 704245
7308 8259 506336
5612 4343 695307
7712 8535 332380
8825 7466 153146
5084 3251 902846
2762 8145 156206
5445 6088 926591
1505 1958 287268
4600 5556 501592
4672 1341 468954
891 5344 811770
4739 3870 94912
3013 2864 66790
9646 5497 81745
8550 2679 307777
3566 1268 643852
5626 9549 2198881
431 3723 223073
2874 1184 326809
519 3313 619895
1408 5137 2222718
9582 2064 127255
2818 4534 317851
2311 7184 166061
4869 4008 1333194
7863 1460 218317
2091 4181 175883
6787 9399 492648
1975 1715 2626223
8543 4355 548515
5713 9281 1505211
4652 2786 129950
3854 9859 363161
5605 4285 64673
8648 6846 7811
8796 9881 23124
7377 9441 544552
4407 4187 992455
7691 647 1239343
4549 3939 117973
3311 7414 52626
2484 1898 1649825
9627 2279 224540
6808 1493 1062288
4565 9172 339175
6745 5661 101484
7026 2616 1250461
9952 4703 158628
1411 1910 135260
4876 9012 329313
4647 2505 1751924
8463 215 584426
2646 6371 178858
2526 5147 318434
1708 2733 374766
2813 4211 482700
1317 7511 790091
3664 2823 751217
2068 3275 717414
8293 3452 389257
2202 5675 115754
7083 2899 60195
6109 990 132075
900 9604 187654
5705 1074 967045
2330 5195 805486
2030 2628 188849
9102 6498 959169
4070 625 220645
5924 2617 598347
5012 8068 1129085
1326 4611 1212746
5625 679 326939
6010 4107 911243
1168 4429 60357
5595 4152 336561
5867 4245 2990449
9711 7700 348863
5288 2550 904203
6272 9316 834299
4090 8726 3613233
9962 7345 406494
8507 1772 1069903
6664 5972 1188721
8401 3690 183830
8150 2699 1249703
4070 2537 752266
2650 9598 764438
9117 2555 397749
5078 4688 219480
8595 5415 1807581
6561 5873 1015213
1917 8568 933433
4471 2432 314880
6381 1402 59765
2175 8602 694979
6070 559 584052
2756 8330 345850
139 59 286711
4257 808 522250
8780 6258 79831
2216 5047 526982
103 3842 982283
4450 5683 738701
201 8019 878313
8751 8416 14340
2557 8004 2872180
6122 3750 439999
929 8055 920981
3779 3468 3742697
6384 1528 129832
3332 3472 376649
4428 4799 1692988
8330 8712 236999
4330 620 1568804
3414 7622 1025314
5192 7915 356710
9100 1800 789379
1947 8022 1229
9754 6164 84199
943 5324 147840
4227 7462 355953
4424 9773 94600
8800 6660 988295
1076 1058 317940
5210 2990 446439
5200 6027 165654
6278 160 1435607
5237 421 651404
7521 8269 114972
1463 806 633027
7363 6341 350692
1533 7532 251450
3989 899 308322
5334 1324 1055332
7220 1930 1179539
1582 5397 1271223
6098 9518 1734076
7120 5316 1416353
6852 1093 76440
4866 3921 476091
6662 9845 70519
9793 2550 438664
7824 4031 256362
