149
6803 2822 634743
2755 8770 291694
4750 5657 435940
7376 151 3104516
3630 9464 275796
2063 6361 140644
3600 9473 1351494
1591 7995 3582091
1760 2658 74354
4593 366 339188
6100 4361 6943
1288 6142 304934
5389 4333 400038
410 2935 582766
4844 8994 28212
307 8032 3478301
744 4275 196371
7733 5378 769599
515 5938 200265
5074 5835 91777
5161 1799 888529
2340 2141 126947
73 8077 166455
2222 3119 403317
9269 6353 2026065
8597 1835 96409
5326 4491 341056
4238 362 1153195
3826 9410 537888
8799 1092 1077141
8162 6914 458175
4317 1391 597720
4233 495 176368
2576 1226 1406720
5108 8241 811588
9190 5328 1227182
5503 273 573533
8024 376 1239787
8393 6080 165505
1193 5276 942524
4104 7234 484044
1146 8403 123295
1650 1715 66598
8130 2224 966507
9921 8279 1397622
4235 5223 80382
1859 6330 343207
1361 9853 340545
8377 6058 126354
7791 5083 194499
2419 6624 991705
5989 7957 502655
2967 563 1363270
3832 4325 1783635
803 4673 282582
8583 1262 693801
9487 215 34495
6100 1699 77224
1530 1935 565592
6902 5438 839619
4976 4282 106490
6112 1975 144277
7368 6585 597480
2075 1266 873298
4064 1859 406590
8004 609 450534
8297 1614 1513660
637 6858 156437
3587 8786 460101
9770 9520 485378
5056 8251 1287077
9462 5148 349456
8907 5850 39406
7610 6277 220001
3416 8483 180003
8893 1971 262305
1374 4571 870264
3254 1697 190218
1721 5366 423086
8885 968 1186609
5503 8972 364599
9031 5307 497353
5757 3443 664402
3762 7752 64026
2214 4089 712598
2142 6711 210526
8595 4248 1637117
8213 4009 215987
6865 1683 625168
6574 7366 548693
2851 8856 1621073
3987 6264 1114300
776 4294 497498
533 7353 1081178
2821 8937 795241
7913 6326 321635
1681 8712 2397360
950 9708 1138159
9319 6096 1027343
541 812 456769
8640 3052 1769578
608 3851 622584
4234 9067 287640
8125 908 151044
2884 6035 350191
8278 3149 1088669
5292 1491 4664
2862 2475 143415
1969 6031 681655
8709 4022 271077
9259 6301 242576
4363 1657 300766
271 4379 863497
5721 4069 118988
4452 6137 231259
6209 5297 230404
3328 2362 410411
7040 7087 799997
6990 8611 54357
2226 1004 579082
5470 5783 674396
6323 7267 2199816
6574 6335 84864
9747 6466 203869
5959 419 191547
9273 1652 81428
7472 7682 1564864
4667 9799 290182
6034 9523 712438
4087 7389 1393835
6120 7135 366433
7300 7042 3195378
6123 9892 134751
5110 2190 336608
2452 4694 507456
8593 8614 2365233
5856 4059 50216
6506 4193 1056322
8984 8977 752304
1925 9292 479342
6243 3039 549921
5858 2175 64857
9097 3706 90024
2854 2837 780351
7599 3801 138594
3430 2031 354375
985 2851 1407887
4853 3761 1837719
2125 9760 776040
