76
6675 2063 1121236
1044 3224 107726
6104 707 3758393
874 3245 2231176
6328 6697 1560136
6493 2142 9750
8837 4722 2140685
4653 6562 173945
2076 8420 1567158
8509 1404 1570271
3462 9024 373781
9071 4711 996163
5393 826 543988
5784 6713 411926
3816 8286 2659233
7861 7846 1600037
7809 6431 1274174
620 7623 1494750
7670 4715 296764
6524 1639 186294
1914 6637 892381
7643 6955 2016635
2533 4312 378268
6092 4672 784689
4499 4576 2952601
6974 6925 2153627
5888 4123 1665205
8963 2419 189399
1663 7423 1124729
8083 6665 2217476
7368 8897 321065
8716 6366 219313
8175 9872 324463
5388 3758 1638829
4232 2649 275947
4262 3386 327099
8972 1725 57003
914 4853 2190514
5187 5882 41678
4020 7507 1272648
4180 6732 1241483
3609 4491 24258
4975 7625 2218434
97 5971 1919715
6469 4721 2010001
3325 7771 1130454
3732 2521 99634
9194 4091 238341
63 8155 544897
4035 4849 203273
2766 9080 601626
2168 2776 1353292
2074 4082 2091720
9881 4014 401616
2771 9712 342637
6861 6804 963435
3198 7677 2429513
3580 6407 922274
4320 5645 144086
2134 1368 3314087
1823 8967 4768821
8818 7512 544184
5014 9255 1670428
6793 6270 88175
4408 5424 2756067
8053 5197 678347
2896 2402 594690
4770 2498 2472959
614 1898 4104218
7717 1729 816904
7636 431 699188
5292 3931 4275478
9786 83 1371912
9882 6913 1610705
9032 3967 576203
395 1012 5655790
