76
4920 9100 1147642
6509 8329 618468
9397 7403 994955
9332 879 3659884
9218 8028 1702405
2115 7062 346937
7488 868 602170
4165 2318 1515601
7357 216 173947
17 2017 579617
4774 2283 1370960
1082 7344 85279
488 3336 1900254
91 9124 1448904
7694 1795 1690240
5535 1786 6224480
407 4366 653937
2389 3499 212393
4236 8238 4390198
5015 1592 2237507
4614 1712 1802216
7898 8603 729878
2223 2160 1839499
524 9192 418009
9515 5962 570696
5229 9478 1806136
4963 881 283841
7439 2807 1219485
659 7889 404750
8789 3900 1439711
1610 6686 264185
5796 2377 369323
6063 7777 2035016
2057 2663 1648857
3208 508 303828
8100 305 717291
6788 8624 521403
1350 5402 865467
5266 8243 546673
4449 8827 523128
2401 6813 1327173
1331 25 1019789
3794 110 1236135
9836 6688 2302634
5990 3553 2423076
2998 958 2528372
7910 477 481810
2045 9275 1101387
5966 870 2100615
2011 4537 81548
1208 9032 79885
3247 7881 467186
3623 4877 144943
2539 6938 3545839
9972 4597 264109
7220 4079 4682084
6550 1984 943659
3295 4130 655331
8364 4353 1222518
24 9750 1185865
4745 8655 1091760
6592 97 1273038
5881 8391 1806422
8847 7196 2310005
8686 7773 3117479
9223 1055 1473790
648 2340 399348
5632 1672 262287
9746 8348 2281271
2760 8182 99588
9415 7444 461819
1733 1786 1028775
8962 7862 5690491
486 4894 394907
617 8787 513788
7487 1717 136104
