76
6748 1902 3670640
3692 2127 357769
4911 4809 1381500
881 2755 1079245
3110 9012 1028210
287 3201 478738
8861 9464 61748
1443 309 43170
239 3959 113532
3121 8631 245999
8689 3665 362090
3132 8708 3246746
4360 5840 16669
4671 1260 887118
9975 5332 3023285
5954 4628 4736629
5127 8136 1490814
9408 1606 355026
3585 3975 1811569
7106 7402 185718
9325 8294 249618
4314 3150 2551393
2795 684 1510818
6028 14 1217642
5545 1898 829158
5569 7348 736134
1394 8520 1511196
2458 4052 1100512
4130 5217 451683
5933 5841 866391
1991 2511 2348446
7056 5777 1494737
1523 9306 505727
3099 8900 584712
9002 2863 5072432
5253 3297 577301
3934 596 2919279
3526 4129 520733
5377 892 1316565
2596 7401 2173344
3283 3402 1162690
4654 1092 1076091
6340 1552 792897
1289 290 689618
9087 2461 3100014
2423 1152 296082
9591 1293 42972
4627 5043 1365160
8244 4659 314470
1131 2863 2076892
4569 3087 384172
8909 1705 341998
4034 4948 78158
1740 2914 1130740
1075 1174 1415165
4488 6121 1043806
6493 2605 265911
877 8608 4880251
4927 394 136970
9090 2342 81663
3204 145 2458364
415 5528 1019259
4438 5589 401171
6485 5099 1199304
1408 4564 307331
7819 8471 903212
3511 2425 1029659
7335 1675 1148801
168 1914 355376
1265 3547 240545
5790 7171 1397262
896 5119 9479265
1605 8474 2939983
4163 525 1028422
8390 792 2057109
863 3132 245181
