247
1087 2162 373056
6952 8163 212990
8821 894 854648
7722 3510 56013
5809 768 123749
7194 549 92850
801 171 521834
3463 7498 650624
6147 6572 381271
2672 1602 73762
4483 2755 542118
4942 587 22423
220 3042 166991
9087 1218 821846
5336 6347 796652
5889 4130 376483
5471 4876 694429
5468 8077 68267
45 4682 2612674
5678 3461 303248
1175 5336 538585
7974 9220 85433
8741 8117 752454
571 8777 432191
9 674 918855
2566 6982 14670
7256 1539 1634327
4689 8773 511130
9671 6858 878626
5823 7014 287447
5480 8605 148631
2935 1069 190565
4405 6156 618459
494 1154 167190
9863 3512 456879
9761 9206 319994
6962 3120 231993
7888 1460 1921116
3662 2322 237434
2483 5617 989696
5100 5077 222186
265 8724 473601
3905 4034 34794
8625 6173 236214
6762 7208 694025
5867 7074 217149
7910 388 182457
2106 3811 1297844
2754 4686 275798
3404 7194 1220043
8658 6989 199822
3147 585 612094
3957 7595 430264
9278 4604 5710
4067 2193 431378
4041 3425 484470
9194 9545 836277
419 5607 74205
1560 4360 374288
7501 5415 556412
1548 8965 6831
6326 3692 412920
793 7699 267631
1572 613 40180
1039 746 180431
8533 6005 143440
2157 7879 114073
4360 7064 118782
8641 5446 213894
1468 6130 392121
3916 8124 250280
1352 9267 919005
1486 7303 1272392
4715 7231 281526
5408 7551 1819595
5036 5241 195583
9486 6794 93178
6894 6043 1191799
9315 4837 804764
9392 1362 507505
486 2496 223005
1460 2580 93814
6720 4322 24113
4188 1973 127563
2102 2325 481887
3941 5659 105711
1336 5898 239353
5517 7177 50287
9048 6181 484608
9923 9602 460032
3256 5187 46735
4568 8347 219819
8253 8323 947755
6722 9163 125738
1933 5775 120142
1835 2176 71369
6158 1672 76347
5449 3350 147064
939 9450 339720
9112 6823 74284
1159 3788 1941
7861 3762 87977
6915 995 529898
1973 7976 257961
283 6327 469416
2068 2995 115373
3223 9909 974736
4287 5004 1087690
5874 9890 209634
2112 3955 298142
4772 899 59058
4415 7805 28197
9434 8366 20728
819 7846 478646
6912 9234 193641
8841 8053 887196
2455 4208 742081
1716 2069 52225
3001 6341 124405
4012 9389 53649
9588 7345 12307
4341 714 182144
7932 8473 38401
7891 4314 119802
9744 8391 778742
6937 4308 263581
3156 7244 38778
1708 5440 41730
5271 3735 545319
5414 7 279948
4571 1364 28369
3289 8311 676995
724 8128 734462
9529 4762 478552
5331 8677 116311
6232 2292 851410
9842 1931 423223
5951 873 921591
871 5816 1182116
2578 4473 943625
6479 2650 111266
3778 1036 88857
9971 4610 83430
8796 5945 206059
9589 8372 106910
8463 7660 173548
945 3531 1999
9057 1774 531802
5850 7163 828590
5861 7588 307178
2673 5786 680480
5878 4714 330972
4952 6974 615873
6770 7262 343544
748 2027 217021
6616 8332 250762
9559 5507 63732
6980 941 455189
5977 367 316236
963 9821 262452
2177 4548 163185
6554 6037 414217
8763 5006 11174
6880 104 127496
7432 2523 219699
5302 9006 251052
4267 2547 205367
1685 2253 666
1746 160 1736595
3439 1015 115347
7174 3623 75011
9738 7353 1368363
8474 6484 229264
5699 4206 404438
1807 8172 302086
5677 5173 172724
8753 763 1605802
4942 429 54262
4432 9450 144642
4083 4251 342224
916 7935 1028638
5914 225 21495
1106 7640 139830
5598 9764 477759
5381 1267 100084
8832 6527 523926
1035 3552 90039
1165 3336 19824
8427 3172 341585
6974 9524 974786
2673 7959 770872
3404 5058 397870
6636 3407 177845
2278 1453 125172
8099 6586 2106024
8992 688 418915
826 4322 47390
6984 2516 177279
3290 9783 476737
5355 4501 68896
3806 447 139529
2006 2749 476540
7936 1593 2339379
2666 89 833340
7733 8848 1243793
8013 9417 141457
7721 1369 135642
2671 3528 448611
6529 647 36318
3973 8404 237409
3699 2000 292609
8697 1471 251470
5364 8837 1199491
1605 2670 430608
8038 497 953927
2641 798 384167
5830 4683 298572
5988 6505 81354
9662 7988 60394
3488 4112 186116
382 4529 249605
4491 2070 35773
9187 3027 1055316
3766 2314 251585
1967 9752 319210
904 4815 166005
2959 2945 101002
7320 8719 1059196
7577 7497 67992
7715 7269 713076
8421 2618 457374
381 7418 84562
5990 3784 525497
8460 3947 310456
1981 6510 737611
1899 1776 50558
7791 9205 301741
7804 1677 126332
1195 9225 429520
5787 218 184313
3405 2101 446287
5620 3712 116772
5120 4411 337879
6232 8793 15712
1300 21 83248
7601 5509 173066
9276 1363 69196
