247
3454 9371 32984
6569 5796 418798
4378 3655 195186
2700 1489 564631
2228 8993 525235
5820 3830 227541
3029 5939 471960
7445 315 646835
6550 9153 166846
2183 2511 110018
5715 7738 524429
5859 3093 180492
4357 1711 1585479
2351 683 88182
3830 1403 700727
6343 9304 410715
6445 574 37305
5999 1806 1779284
8416 7781 61205
8316 3168 49464
8526 7318 599920
5464 5808 135655
2469 9194 384876
7177 6536 101180
730 1373 398649
8334 7944 353315
4441 5190 539726
9543 3362 391044
3697 6459 196829
1264 751 1463495
2725 8726 382441
8981 5673 165793
427 2031 74876
413 6416 1087913
4857 7094 332415
4420 4603 594945
3035 3863 135233
9982 763 617124
4069 2946 222249
4631 9572 50660
636 6981 1619652
9853 9965 35948
9219 3249 1103888
8652 2489 164915
583 6986 672418
6914 6557 377583
1993 879 163683
1390 1369 253809
7732 5178 686783
7843 1118 102705
9885 3979 224304
9787 916 670776
9654 2920 256157
7212 4683 94107
5595 4172 1174930
8919 1816 71926
391 2115 33439
5308 5233 1019827
1714 7753 206062
1135 4286 425137
1596 8992 103673
9287 2444 409145
6473 4163 23988
8940 1511 655155
7256 5414 2034340
6004 7402 194683
9772 120 336255
871 8909 42913
8433 5443 701663
3834 2185 78387
4260 6546 345945
3521 9129 225633
4122 9688 621436
143 6534 79032
6037 4692 130103
5371 8936 1678876
9941 7479 373527
1378 4919 88506
5881 7534 66193
8637 2522 925861
1606 8562 176043
5274 3453 117947
1379 247 1583686
6471 4559 7190
4746 1603 6582
6556 189 145047
2693 4865 361422
6281 4358 83154
828 6456 214656
426 7191 3932
5265 127 459550
1629 5600 394695
7628 901 5315
4822 9822 286599
8249 5467 10802
5606 8902 307181
390 8485 249236
8231 5504 74513
4620 1411 442015
8521 5806 27730
7957 3383 109956
4321 8889 29943
569 8102 247302
5045 488 355366
6978 6399 128771
8647 202 839677
6432 7631 479627
3910 6708 810574
3275 9416 157809
8921 7657 361931
15 2318 789456
8203 6725 44799
6134 3716 575674
6126 6384 124611
5545 9456 426421
2334 1999 348219
7293 2841 492937
2129 1581 1276827
534 2592 448054
261 5451 429358
7976 1269 544579
8673 4839 424377
6660 7709 328955
9742 9661 97614
502 9765 745205
1326 3910 5929
2764 6516 28502
7773 1255 601120
6146 9713 59643
4186 1761 524045
9997 5806 981650
4341 2156 614708
3621 3493 195312
2881 9028 463484
5529 4029 404331
870 4057 33034
6389 2684 340504
195 7844 213426
1293 6565 497130
4146 1193 736502
4728 9696 157335
4565 4300 511815
2188 3596 189815
4188 5617 337601
7684 9757 319259
7760 1558 53838
1244 5305 284505
4034 3574 709460
9038 3915 317256
2518 2974 433739
9837 15 689647
907 2821 382305
7121 894 359402
2114 1865 391620
3630 7049 163415
7274 7077 148895
6192 6319 199246
9434 4937 332374
8025 5130 281893
5595 515 12183
447 4106 28582
8943 6075 234838
6190 4207 128592
5937 5154 1183355
6268 4177 43882
8879 487 212122
8413 4880 410532
7638 9402 316236
5273 5600 1447484
282 2826 166589
6768 9995 598786
4960 1472 526080
9433 424 362181
4743 7466 542812
5363 103 307570
8090 8961 13699
5846 6037 423807
4356 3033 510708
4897 8115 13794
13 1581 6657
8696 7937 370793
5563 8921 638410
2172 7685 1264330
362 1356 388566
385 3499 263402
3722 6004 279005
2960 8021 378654
7616 3028 530435
5907 5190 1130263
9047 4124 536735
9679 1263 159925
3018 1442 117230
7374 66 820774
5815 3347 553884
9864 8364 358560
329 4711 76307
4795 7525 558316
6099 858 98806
9683 4097 55831
9030 8794 351686
3574 8117 212023
2327 3323 530990
3788 3506 1325526
548 1574 1032477
6616 1741 159442
6404 7888 1375229
3358 7931 126219
8504 2434 1247651
8456 6758 539452
7376 5836 196896
3841 6062 1164730
4740 374 871475
8624 8689 414863
1782 5832 27030
8092 7948 13316
4218 8401 104628
7307 6432 95960
7003 7544 2186080
848 7086 415513
9522 3332 206148
3803 1954 89484
6332 7235 485030
1570 3954 296302
1053 4210 263063
644 9994 35774
3297 409 213942
8636 8078 31410
1639 1559 10239
1043 4126 353759
1171 8030 350770
8312 5681 589471
6338 5291 138575
4759 3145 81070
1543 2901 39408
5400 7526 41412
7105 3858 491342
6183 9081 103136
7056 6206 442432
1819 5914 14070
3255 5606 462489
8823 2368 1577383
714 6201 667154
2182 3621 628453
3821 2623 373925
3668 2731 244703
5764 3959 134529
3049 6445 155532
