247
9251 2660 349004
1400 9184 1912234
7911 5121 513716
3598 6224 229626
2047 8070 672097
5273 3083 176410
1008 2226 2476990
9352 5342 480218
5906 6867 64992
374 3930 197260
6936 1824 543801
5949 3503 38920
9985 8655 243252
4293 264 267016
5215 8858 596080
7126 1604 62943
1695 9966 228133
5618 8827 720086
3491 3303 247817
2054 2610 73544
7601 2193 25847
3681 6020 78196
198 3509 1041514
7058 7003 493987
9956 182 138305
329 6283 468899
8611 19 301531
7121 9228 25127
7045 4553 47371
925 9738 227392
1019 9505 262235
816 6854 354651
361 1185 353178
592 9260 304708
1460 4670 136100
3586 936 351734
88 4128 128527
3909 161 1261427
4300 318 2198522
7787 4303 549751
7140 4848 118692
1287 3965 29596
6961 2268 357945
4949 2921 25982
9939 7854 1312620
2568 167 191700
4883 3653 364874
1614 4562 208790
8310 385 563791
6505 5016 82788
8066 4501 300085
7550 1094 178065
7646 4429 975263
9184 6634 549833
8123 8594 475143
2534 1062 236345
2746 8708 7782
1412 7244 964940
7282 5699 126368
768 3955 619917
4096 930 113313
838 6620 177714
567 9108 237071
5280 4792 356292
4035 3060 805012
9965 3774 686679
960 8260 382891
9426 3055 98323
8625 4466 111508
434 8062 411075
1417 6709 262097
5735 293 458554
3752 6896 656226
5586 2527 508545
7488 8383 757294
3593 7093 122826
8894 3974 95203
315 1507 535740
7758 2288 143286
2323 4824 74172
408 8144 650464
674 7788 284197
1620 354 870332
1798 6319 69755
9517 268 40057
2463 747 138212
1430 5619 429192
1025 7339 208388
1931 4761 111231
3619 5143 1694952
7155 8663 96156
7662 1835 479620
8037 3008 461656
7170 1053 39580
5124 6784 194362
8334 7475 1725880
5447 5843 284632
1069 6686 302565
3110 5625 977550
2929 7630 242569
8481 9293 3493
2209 4526 192942
1747 6888 1130902
1271 8492 171140
7392 71 987613
5226 7949 8433
9553 2053 148276
2521 6801 318892
647 9654 25724
3659 1325 1077737
1162 1378 157932
5480 2905 706591
5566 1096 59722
3519 3648 119234
4485 7431 165798
4654 2889 270590
9460 4232 98420
3873 402 266437
584 569 5328
3946 9203 84981
3582 4043 182653
9306 6581 417462
9528 6201 505233
6171 6840 866578
2778 3807 1241533
1217 7949 628937
7524 6486 302152
8022 708 543445
4858 929 796808
9781 8926 521502
906 365 1677
9839 7847 588141
7892 5141 742755
9685 2231 358086
1644 1354 270476
3063 9043 97168
5371 2356 1113517
1053 181 1263862
9749 8187 357021
2447 9875 920888
618 0 106145
5027 7079 78807
633 567 377441
5811 4224 155309
2139 7203 160121
9400 2556 375402
9695 3371 219403
1841 2937 403156
3434 299 858270
8192 502 125179
6404 6335 146146
4207 7966 50610
9220 792 504931
5440 2470 116641
7586 3290 386580
3682 8049 201528
6677 9943 980
8670 6915 390909
5197 4846 241034
4620 3660 967829
277 5307 734737
7391 6161 2911
4043 6930 138254
5528 8397 241332
3214 8914 1182844
1034 7824 88520
4533 7713 409405
3343 9339 382578
1899 4655 846618
2344 1147 2375
959 4214 410272
8654 6517 180483
4275 7895 56776
446 4984 34351
9066 8870 440686
7029 6189 541352
1442 4725 186902
8006 1693 106182
2581 1291 303404
6015 9309 107386
4145 5777 118905
6330 3759 274889
7106 4095 478950
7706 6395 79766
6355 6654 574925
7322 1108 951728
6214 2376 364089
422 5451 148195
7698 3228 36097
3208 9248 327542
3247 3874 459991
5594 6717 516420
8190 6570 292875
1814 5017 225758
549 3714 92401
2068 2026 314545
8571 7790 114498
1764 3772 11151
472 1305 523765
5149 8416 95806
9776 6642 132672
8739 8461 203283
7830 5571 538193
4371 5610 21788
213 4779 126962
5292 7074 455910
1760 2811 36358
464 1266 444205
1489 7715 9672
1816 3606 361482
4180 1571 844295
115 7931 22239
7149 8748 1286666
5438 1352 209799
7949 5232 350495
7460 1636 13005
3527 4907 303073
7494 2421 1164165
8804 6845 94699
696 2629 337889
4302 7429 50760
4998 903 126275
1308 3560 192457
3267 2313 542844
3903 3124 80902
3415 4448 165965
7495 6866 32429
2305 9812 197989
693 2581 353140
982 6849 415793
6865 8678 787163
2628 2994 241166
7903 9352 1027032
8722 8572 1982676
4735 8887 1723370
9978 6935 747829
4195 2109 53818
8061 3716 312576
6978 7161 467206
3959 4101 39394
5019 2719 313869
6006 9994 304190
8809 3557 67882
820 6564 2612320
3866 4903 402227
2035 4112 589292
6084 7615 397591
