247
1914 3658 83970
6144 3939 29136
6078 3608 1523
9879 4043 1012393
8537 4554 441247
4892 2946 44682
1513 1693 77527
2846 851 718327
8130 3726 259025
8523 9557 224682
2876 7724 685798
3726 5213 419335
5751 1403 557389
8337 3109 575569
2699 8655 704991
7906 8019 301668
3151 3827 86752
7485 781 231647
4384 9106 253297
1022 9081 502677
8371 5180 130439
5838 2560 787869
16 156 2385763
9596 1040 109896
8918 6967 506177
5950 8912 328369
4555 4458 994787
5482 7214 421835
3604 2009 354761
3645 6748 293235
4838 7547 618040
5884 8920 303443
3607 6847 236879
9952 7055 830610
4562 3559 1121532
9202 1612 885964
4976 5044 835145
748 9156 40410
7932 164 114780
5876 5212 743925
9597 4381 448530
3241 9734 194390
2142 7467 786757
5064 6480 360911
537 8932 587773
5614 2603 54210
271 5447 75422
7797 3540 268974
9066 825 482057
1956 4847 4276
8440 199 167785
8274 9367 337510
2698 7864 59471
3612 8924 168315
7860 3774 136343
7555 333 136016
7810 6870 288170
181 7809 893318
5487 5373 354402
1077 4255 190499
132 6802 438659
652 4059 271299
1016 6653 14000
7810 1399 139454
7444 1562 390741
8614 5684 341205
4898 8495 909784
2505 5957 94890
7583 3204 109243
1718 7540 1579018
5032 6183 1126763
2893 7931 489509
9351 5183 640202
4494 6064 321403
6740 7002 1577687
4632 5670 16702
767 1899 160893
8480 7196 97333
2003 2615 181117
1647 1625 18011
2755 4412 17774
41 9949 622567
399 790 7303
1298 550 771865
9932 9260 16874
1880 5664 532904
6924 4589 26975
4300 8047 799779
7242 3580 624287
6628 6796 553763
5603 6608 1762
3454 2759 48039
1690 2898 478086
1985 1033 308318
5255 3608 3253
6712 7227 617514
3628 2361 434965
4312 9776 54440
6627 6904 22993
4123 1377 118841
1382 8337 19502
7017 4699 287820
7310 8993 672622
5587 3850 240388
7021 7620 283482
641 5742 78392
1317 1836 994320
5286 4248 929004
4187 6318 335412
8669 8879 515569
5768 4516 890237
1430 5327 414379
8257 9173 3025
1674 4846 118484
9619 5673 353540
2914 2223 1443501
2514 2174 208483
9390 5062 741019
6421 5590 162197
6927 7641 161231
7522 616 1085955
8490 5794 87573
2944 2868 839193
3432 4315 424075
9159 9326 247141
8918 4006 169167
5494 9670 609010
6806 9198 143991
7686 3979 319867
6410 7723 542645
310 8835 405393
1267 9501 536004
3751 3748 9167
8324 3137 761132
1224 3504 304344
4714 1968 234723
3540 3841 737061
7787 2683 94
4997 5085 386343
3960 4309 1174445
7490 1381 935961
8478 5849 687389
5451 4303 82189
6725 842 280738
2797 8047 1189592
7478 2890 695718
2782 9926 646999
3676 792 350321
5553 9277 42448
651 4889 486524
9915 4280 135711
9417 1263 504677
119 4023 812915
5433 8025 42322
9658 8218 212182
1556 2961 546281
7849 8034 133581
7873 2881 206946
6111 2367 7959
6941 1051 104850
3173 6875 330384
5152 9897 505231
5038 915 27395
5204 4636 203974
4402 9960 944076
8321 1967 69499
7940 5150 131525
8282 5680 8535
4001 2916 609583
9144 6658 207731
9134 2799 145962
1837 5816 347648
4467 8413 310619
7119 8199 727771
9047 6903 1232572
8338 9371 332737
5448 4103 91472
4165 8033 229864
4894 1 191607
8302 8469 432646
5591 2524 1247761
9240 9780 1223995
2704 4221 774532
5988 6829 277035
8145 9611 281139
7282 5123 749668
6951 1778 1210855
4814 8563 738752
5938 4276 196888
6733 6981 67747
5952 9699 110608
2357 3749 5776
1102 7607 437355
6174 6487 317790
7972 3715 1638
7468 8556 196097
9766 1083 121581
5775 5090 305402
5432 6143 55203
7605 4047 22232
597 6251 83737
7938 4728 213562
7515 3578 391919
8432 7779 340361
2551 1437 79331
8166 9745 348758
2658 4019 358635
7221 3262 40424
4679 7732 70763
363 7967 455372
7299 2926 6279
9633 2779 494250
9399 8359 153193
2429 1975 22269
4036 2148 171387
8575 8258 1506213
6890 2502 182757
1518 8705 232133
3029 5633 344674
2677 75 754907
1865 5791 516470
5534 2821 292753
5106 2164 504510
2727 8281 750469
9284 8581 98170
4640 1215 164436
2074 7854 1261094
8087 2705 629097
6649 4915 194700
7883 518 216141
707 5456 517645
7615 9908 282361
1056 6733 209969
294 4264 321881
8674 8330 9981
7564 3364 1297841
7401 7272 483492
5681 2383 41608
3743 1611 232633
1107 1215 520815
6265 6426 501704
7281 6825 966665
862 6627 1146000
7052 7204 735177
2203 8675 101142
7224 7262 103974
7199 1527 19392
