75
1449 1426 743853
9189 4877 1405155
1161 6229 635175
9671 2849 415285
5765 8420 2553583
7419 3964 847571
8613 6375 1510013
5450 5202 1030327
2566 6101 706834
4295 9206 433358
165 3295 171435
7047 9851 1027855
9127 5933 1035195
7134 8167 53348
7651 4313 949052
7386 6698 200435
8083 7042 1842243
8998 5510 520518
8494 8887 2160169
1324 2578 6054500
9317 5645 700715
1031 8335 1865030
7703 109 1566564
5628 4683 245738
3538 1268 111700
7664 3651 1893380
2290 6638 1246174
5631 9203 3007265
2444 9251 178217
2188 1245 35544
2254 2932 521331
8674 3738 1023148
9502 4016 266330
1832 6671 1091127
7161 7610 1239379
7766 4186 3044036
3162 7658 2000810
633 1120 1170158
8407 4296 110832
8433 1826 2169302
6951 4477 123471
103 4337 2877268
8878 394 1161490
6577 3751 312709
4682 5579 4410494
1593 4536 2339155
9797 4119 2786004
9423 2069 3139579
5929 7657 904747
1241 4918 364444
4822 8838 262031
8134 6270 671880
7645 1789 4630337
9955 9023 907117
7402 6073 2277727
8906 6804 391096
719 785 1079609
8089 9998 372962
4753 7644 461583
4110 4879 3013211
8526 1013 996022
1958 100 3941182
3864 6641 512543
8488 1838 367224
3318 5128 360450
163 7340 978230
256 2793 1239932
4512 2585 91749
3772 8270 1730668
4378 6984 43205
4125 6887 3556992
5747 4980 2638559
1927 4035 500903
8516 6694 1838101
1452 1126 934642
