75
8410 1623 323701
6297 7375 144298
9124 3675 1539484
7477 5245 5379300
6670 4870 234552
6545 5549 822563
8236 2368 543227
9690 483 1437277
7016 2714 2195906
8285 113 1304996
4179 6112 2271623
1251 3958 2072430
8535 8808 403870
8447 6863 1457847
6416 7123 2759887
7895 805 1044818
2484 725 284252
6519 4158 799437
8810 898 446426
7829 8553 222104
1350 6603 4783183
570 9151 520682
994 3265 555070
9482 3157 1167163
8785 2827 1938114
3688 3276 694195
6659 3371 5453961
2004 7976 1209387
29 7475 924153
4240 5262 18983
3605 270 2138435
3210 1208 203393
3721 3544 1668064
1896 1166 2545536
9410 4646 584043
2227 8221 1901949
8936 296 604537
8044 8502 943276
4401 8937 202820
4587 1703 2241076
9359 1092 820658
9290 8318 1658992
5053 9743 432079
4457 5414 1182542
3134 4563 525200
7726 9920 890255
4362 5793 375247
5481 2575 1370647
8604 6314 1672722
3738 9670 2330668
2212 2787 668121
6080 1479 1529765
2405 3373 1319990
8959 2060 1420656
1731 9249 234450
2055 6385 2444015
1470 9168 1427201
7970 4797 511341
3756 162 743563
7628 6995 1163290
3950 7326 3659003
628 9814 376376
6035 8752 7778089
367 5402 61047
2117 3151 831411
4431 9945 236772
9419 2158 976875
4227 5368 2641586
7449 698 615052
7515 2120 1409849
7348 8651 617221
5767 3810 511659
3038 9777 21785
9371 2796 671511
9622 4896 884344
