149
8748 9552 282369
8498 7888 87931
9488 7567 152007
5923 6683 263588
4266 7990 232843
3944 2843 292681
6674 2535 209777
7319 604 194989
8378 692 174045
2039 3074 1327222
3343 9046 471428
3364 3146 1061938
1149 8625 1248828
9525 8504 227985
8627 1836 1010706
8266 3850 1880161
7334 9174 237258
3629 3609 330780
269 1395 123062
41 1122 379132
6652 2060 321206
7619 9099 1039932
5275 4362 781167
928 1180 451126
5191 9602 924530
9954 7586 430472
5525 4502 2676509
6388 6651 31026
6381 4475 481152
7663 5165 545702
6856 9829 146660
852 8989 149412
9048 4801 396206
6628 7750 412818
1101 8132 3923986
2369 939 471678
1716 6817 38646
6997 7875 205537
2599 9973 596311
1053 2564 1048488
155 5032 72630
6439 5393 617253
496 1536 471014
2042 17 1034744
989 4347 202924
8224 3037 559489
2235 9246 97502
719 7594 1616748
4007 1611 909248
2810 4255 231290
6468 2503 746436
8420 9654 410708
2316 3992 413643
5364 6749 178796
566 2256 1182684
577 8219 1193980
9549 2361 406375
4411 6376 56693
5286 1015 482368
4687 4348 130267
2693 5905 923880
8193 4801 239366
7409 4866 1018
1503 2680 443948
5998 3940 28105
7225 7076 1089287
7139 5288 1999605
924 4642 505964
9860 2950 378118
157 4111 216930
9827 1691 62699
4977 993 4994522
2198 5613 1624511
2676 9657 758491
2366 4872 682582
5472 4989 11952
1 6492 132031
6095 6477 79200
7508 2500 1425605
3576 7357 2071632
204 4627 951687
819 5334 556956
5255 958 1988
1028 3307 1163376
3062 3765 919609
4409 8691 142466
4651 1861 263785
9695 6889 1283795
730 551 55798
9915 2583 481885
8176 4343 254946
3578 8753 465274
8664 1324 819121
1005 6831 317565
8472 4488 710170
4441 2213 2064999
2623 3363 271518
9509 3913 774926
6021 1624 281865
9441 6230 160019
1765 6371 201920
5989 5433 167809
2399 4549 419255
9080 8725 16299
7028 9080 244275
9891 4099 317091
725 8960 750613
1135 3839 1051106
1947 693 666981
5437 5968 1445911
2696 1911 2100932
5737 1199 113528
9469 4232 2492491
7369 8408 178840
1870 1182 198514
4387 6366 225478
3263 5236 1657301
9943 1971 946270
7196 2111 1061988
68 7653 587402
7463 3927 21456
50 4546 1448308
4370 7259 503580
3796 9871 50954
5816 1357 203699
7988 3857 180254
4974 7185 1683428
1189 5467 696463
4053 9870 1682461
6024 2490 1572975
4654 8860 1522898
7996 6313 284196
3709 7075 818684
8293 5456 106223
967 9833 1411359
3307 2359 176817
2714 4488 1010877
8411 989 158177
3709 6753 92386
2596 7118 31572
571 6292 479728
6104 8839 2537
8728 2520 574546
5086 1966 328361
3274 6169 656911
3878 663 2039388
9816 1820 521097
209 2649 544159
894 6465 465222
