172
7809 235 250451
2624 3032 2169218
9353 5925 701682
9063 1354 550694
958 4139 147536
2228 4437 342334
5125 7214 120181
8821 8741 92040
6768 3964 552462
4528 4767 478300
3159 7499 170687
8931 6205 316906
7769 4392 1269477
4357 5582 18427
1641 9868 1138683
4754 1476 341309
6770 7158 567355
1492 5433 335452
1766 1816 93643
511 8537 532200
8839 7857 1982158
1659 2711 954244
8970 8810 996533
7236 511 1535576
8993 7826 1241388
2345 4623 154076
2933 8682 274310
1553 907 1039925
4916 3312 11858
1081 9933 331800
9080 6502 104443
9497 1452 92791
5068 7929 772690
7285 50 364021
2608 4346 614601
9125 573 93884
418 826 344784
8537 6896 725927
6809 9500 274288
4686 260 691470
7401 2063 538245
8600 542 156876
4111 6739 909204
1379 4670 1572843
2243 8677 668117
2214 6741 420500
1664 748 82523
6655 3976 677194
1186 6761 976950
8183 3289 352770
7557 2420 16857
3827 5212 1094037
4252 7385 616883
4485 2563 410291
4805 1431 974126
44 7177 530703
5418 4402 877336
2830 7751 483900
3515 6698 187092
4825 512 354192
3464 1824 1528516
5234 9967 95174
9031 4863 396181
3954 5823 1469881
869 1006 1340782
2219 7072 160055
4146 3984 841516
1994 5733 789425
4992 1548 272644
860 2551 326457
6705 1121 364167
7429 1041 29539
7948 5224 352954
7039 8379 1717650
7737 8386 617029
3714 7429 178474
2602 5154 610158
3278 3410 1000217
2477 1340 109014
8760 6239 1184567
3548 9857 1202
6591 6781 301468
9212 4987 963891
430 2298 915652
3696 1235 753631
5385 4342 853718
7345 7304 220006
9750 1181 1729699
5880 788 29100
509 6469 1128062
8654 8974 699270
1351 4959 537380
7751 6652 275426
2408 7342 227710
8059 1677 161623
4641 9161 86822
1172 6495 8920
6223 8870 150845
3775 83 118591
9920 3108 477997
9403 3371 38191
5992 2427 1605668
5250 2369 728188
5202 9654 243125
4229 397 417073
2299 3916 515769
4936 9202 120470
3772 284 881818
7015 1287 187357
4769 3590 212319
3149 4104 138523
7780 1402 543734
3665 9496 939351
5965 8428 2002037
3618 2784 148565
3566 3203 622386
4735 407 1079675
1959 5861 459108
1360 8149 954920
6952 9106 332485
9924 4949 169913
8073 9261 170954
1219 1815 312196
2224 2224 122307
9189 2020 220300
487 7436 273644
8753 5905 29412
9259 5070 20915
8628 2128 590404
257 6196 746997
9201 2475 583567
5509 2596 823519
8050 5730 763680
7794 2302 1435285
133 2689 483677
2093 1546 1248943
242 2649 67418
5196 8341 1189671
8934 2747 533634
1864 5546 175973
2541 6897 53746
3617 6184 630377
1028 5392 654132
8207 2717 235147
1325 5939 583982
5719 8047 271840
907 6134 20433
3771 7923 488875
4195 3743 21617
6825 2981 359226
1347 9293 307957
6726 3922 1619117
4812 5012 609016
3301 3621 281332
8893 6157 935607
9575 8392 956655
1800 9661 1464484
873 2825 670032
2563 550 1844895
280 702 356990
2168 2357 1692536
8372 7990 589461
3873 695 1356644
348 9775 777060
5241 5543 132403
1465 3189 434249
4692 2823 12448
3971 4454 569120
7640 5201 185224
5634 9926 972132
3991 7508 722714
724 6584 341522
