172
5503 8900 602916
4299 6751 141434
4166 1750 73881
4679 4782 292036
5788 113 148550
6398 4699 265346
9445 2263 116807
9464 1748 270928
2704 8726 367825
2982 3383 581725
912 1132 110097
6815 3909 1029851
6352 4517 68737
9931 5487 299550
6400 5852 1381662
1491 8271 558041
5163 2550 1040280
4908 6685 520368
5006 251 633742
9629 5592 812782
707 3899 63046
2210 7821 24608
4545 6900 666807
8768 8600 434944
5688 6061 733314
4427 8382 51220
4377 9202 1513270
6112 7509 1361823
8255 2598 343556
430 5082 78652
6964 7301 845163
7178 1848 260231
5027 716 546735
6194 4795 8035
4362 9508 1917880
5009 4047 60850
2742 9040 394120
6556 9444 941366
58 873 574020
8320 6596 825023
1315 8717 42220
5547 5108 92470
2397 8369 75632
2576 1013 158698
5309 3014 910439
1002 8907 126948
3987 3324 18278
1497 7921 512548
8362 9684 1510855
6959 4244 34379
3545 4697 36713
5431 9892 1548681
7524 627 1196647
8556 8158 1268537
9291 7330 539300
9079 7294 1780490
6785 8427 465882
3860 9234 1033190
4319 8369 104359
1933 6786 372254
8786 4613 125896
8870 7908 185984
2237 4544 251425
2642 6342 786106
4563 8620 1648489
9457 8663 1214162
3499 6824 1911719
2699 834 975728
1739 8959 145478
5599 4137 838748
8704 7617 1322628
3042 3172 789724
7644 5929 198107
8606 3154 252295
5660 1770 464062
1529 9251 1127911
8555 7859 1178397
9631 9139 259692
7135 6407 332075
2062 4436 133513
2349 1811 347257
8658 7325 356793
6144 2562 86885
7694 923 277029
1966 2925 722238
3224 1784 18776
5771 8149 325725
6938 9266 41370
1095 174 230737
1877 9219 34923
727 5789 102555
5747 442 415968
5020 7589 80087
9928 444 272338
3213 4816 348177
9057 9486 900600
3566 9804 621022
2199 8298 224893
2325 3034 226248
3484 2696 657348
7496 9502 658935
3779 5253 372763
9987 2803 1415533
9635 8939 1832385
3385 8209 1114597
4746 1876 1015577
213 1199 298206
4500 3133 320464
6218 8545 352690
4536 1914 175042
2266 4135 1145902
9487 6183 594386
6086 6649 6416
109 6583 51088
8334 8122 725525
1675 7309 978672
9088 4118 2080197
9475 2117 328687
5647 7618 926910
3228 3668 549277
7951 3992 488425
9477 9224 192085
8914 5259 273906
1498 6053 1251
9702 6818 2349587
9269 219 18425
8070 9080 619472
4636 818 378753
2777 914 1167815
5494 3869 134814
7032 7525 528844
1861 2880 153074
3060 7615 185418
5603 5439 1465386
6302 6096 393851
1753 8509 670279
9234 2649 246863
3785 6850 249910
2398 6569 706757
3024 6680 459142
3654 5446 664587
6949 5038 1045516
7277 1974 774299
1061 4087 324946
9306 5167 1101792
7428 2176 179648
611 2825 410519
8147 30 1195372
4512 5615 2275487
2971 1859 581860
2613 4197 851721
8829 8890 253882
3154 3316 371534
8026 5598 5116
9203 5978 347154
373 6952 1054592
4680 7339 1325166
5961 1221 793456
3059 2459 308689
4416 8857 620465
3747 8269 1698270
9181 5814 319866
6442 5716 1064690
7322 2501 645701
7477 7964 83536
8847 8734 90678
5418 3272 191563
569 327 41641
9227 7972 93736
9373 3843 1708948
4628 7452 566520
9186 3054 158892
