172
9393 9065 16993
9802 7864 269050
848 7165 814
9504 1288 889081
5985 4921 760708
4707 3717 352225
4700 2689 181688
3608 7465 1678412
4035 1085 640793
2683 2811 65361
6271 6146 122615
8874 6593 1516023
2099 1621 796710
4229 1032 35329
3498 9269 641223
9366 3964 1269228
8622 646 643840
2502 766 358396
5024 6924 1834483
5787 2809 1227524
3685 3244 1250678
8709 6913 160942
6440 7043 528407
8827 9472 190977
8460 2141 18547
8785 376 3083347
297 3654 175638
457 2797 811276
5292 506 82760
5152 613 432791
2171 6705 325257
3034 3985 454919
333 8757 10780
1748 6350 22069
6606 7550 72501
563 9131 362391
9514 761 332873
7308 3155 243046
3172 8920 95229
8499 684 1038864
785 7288 133084
9312 9765 620558
3405 4626 142759
6421 2130 422469
3361 4069 411711
9939 1394 419654
1433 4459 117647
9050 5394 898441
4879 1241 1088849
7496 7054 1406214
611 1492 9693
4602 5207 117492
39 7106 2194
4323 6175 690550
8851 1402 366166
6164 3126 3571
7846 4546 375589
2060 1382 2381129
1982 7307 210222
9576 3269 2554020
5659 705 287429
4313 1434 762927
6323 5936 326904
6101 927 300003
2705 8973 1620235
5513 4022 1583674
9151 939 1964891
8281 8857 554302
7645 9027 390688
906 2527 1009449
338 633 63215
4528 1145 37808
1255 7893 281895
7336 5281 200032
7763 2257 1360067
6342 5743 1367456
3424 7152 105697
5765 2290 633543
6763 6815 43551
3985 6719 123761
4544 2749 69967
5467 3786 495336
2296 9125 230764
6200 9998 186416
7775 9233 223981
6770 3703 291660
7389 4162 145630
5449 6545 109435
5846 7364 351132
8060 9358 1030164
496 2859 361054
6139 7311 424523
6453 5822 3174172
1813 6439 593658
8334 8046 40516
2899 1081 95095
7240 5692 667664
912 4445 17431
7215 3497 322354
988 9745 487164
1425 9977 2175348
7012 8718 2222986
3924 6144 807391
6331 8332 85165
2668 8858 105165
2358 4036 662132
742 2612 265530
1363 9395 127771
6114 7947 6016
8860 8611 43887
4969 8957 2689956
1394 3950 683013
1400 6087 1274014
5473 6364 884786
5457 3318 137932
9510 2919 1176146
1998 3968 503072
8292 1054 591838
350 4369 1133660
8024 7673 726007
5880 7594 609144
9058 3696 249929
8825 6022 70555
2753 5443 648845
6371 2606 2021402
5087 6634 322347
8338 1774 1127886
6773 5220 975919
3426 6650 1763536
929 5122 314515
2749 1910 498884
3277 2683 341132
6324 4920 1478176
4334 6115 60919
7159 6631 156876
9260 5146 30261
8157 400 1670337
2747 8833 363437
1045 3729 728834
255 253 371408
5115 2729 533954
3141 6292 436409
8922 6576 116529
7586 6576 254217
4147 9598 147095
9748 6935 276790
7446 6494 208626
5717 130 576040
6810 8258 321788
922 1557 506358
5522 1198 186275
5396 8151 48369
6500 2635 264640
7287 556 86299
9670 6686 506114
6984 3717 612754
8242 8004 531054
8881 7537 425289
671 6970 145631
7383 847 39424
7500 6939 372666
9023 9484 423305
7701 7536 187523
1723 477 20685
9823 8806 178532
6560 831 453591
6367 5936 638755
140 3801 208143
8606 5170 629303
8597 8542 869028
2809 5731 1653978
1407 2825 333236
