172
3840 6137 989285
1452 1496 147698
6685 5799 1538230
7243 9727 1133921
3881 3587 873225
9613 1089 317989
5547 1974 1801294
8894 302 1407509
8692 8784 450130
4152 9239 369704
1603 7848 233680
8407 6643 281999
9996 6346 84831
8750 168 359028
8682 7094 551358
6947 1139 96707
1772 3729 647511
5610 4417 142491
7204 5906 783191
3244 4894 163889
4242 3739 193776
6616 3374 17437
2079 3812 1463468
6278 6822 985834
3045 6270 128771
8484 5145 438602
9142 6268 2121299
4354 4508 1420662
6650 5842 444109
5382 524 628026
1086 2823 712940
2366 3474 1647193
4159 5971 125542
1082 6924 77245
8068 7121 188471
2092 6201 187332
8546 2096 1295101
1922 3526 687376
9806 4526 172518
8430 7656 20505
1213 7677 676358
7949 6805 88857
9442 5647 246304
1822 6016 911729
3562 7346 1482754
8269 6988 114671
6193 6353 187
3764 4479 450741
2710 3401 282325
4365 1595 761206
6837 8159 646693
5777 8320 349618
8466 4640 46148
3397 2435 2217452
3699 1934 133001
9761 6442 54942
3689 7879 261066
8745 9208 223872
8316 9970 130773
187 7362 147794
5572 3574 69242
3299 3645 144509
3267 5895 453008
6688 9747 1358347
6106 9987 135939
7859 5999 166259
110 2124 529198
4179 7795 275882
170 3668 554793
7605 5740 29134
3107 3318 924245
8126 2766 312537
943 2633 280433
3041 5003 301491
5441 8912 433839
6245 375 1923822
8525 651 636399
7211 6957 1459998
2038 3311 239586
4525 5929 4106
1662 6151 150151
9755 7980 1148324
7492 1628 131476
147 5040 113345
9640 7046 3104121
3685 8324 1057221
9926 2524 264568
2811 7882 247704
5106 2001 442744
5436 7522 27487
9537 2874 183826
5855 5893 639174
4026 3467 360368
575 990 309211
1891 2611 2019798
1893 1763 1121247
8976 7637 2655275
7387 4682 2321006
4398 2282 47453
5894 3496 932994
2361 9194 3913
3615 7496 657983
1213 255 2465771
2900 7407 127771
1764 1027 970668
8543 4192 548478
4790 4356 653008
9620 139 455745
7377 1479 708776
2777 4440 587
8945 6867 908160
9278 5751 32166
6161 9454 74273
9472 8487 1378830
531 8315 272541
7142 4634 949620
8320 3846 258800
8854 8790 325980
3831 1793 499656
7663 6146 162786
9198 9504 1491
2324 3953 244736
9663 4487 16138
5837 5736 900435
7927 4662 227052
5010 3926 590281
1076 8258 93011
9071 5898 1341368
334 9785 599052
1304 6667 295447
1024 6597 67003
9593 4410 81795
7314 5849 180
6645 7833 156966
949 9916 399453
4914 6646 259080
3693 325 279000
3125 426 490219
2018 8262 1181768
7069 296 509236
6276 4340 309187
8832 9777 108910
9865 9674 849727
9420 6995 23718
9918 5908 233409
371 4435 893193
4267 7918 631618
7722 4698 654314
323 2956 356022
210 9033 708362
6939 9732 440014
1202 4456 483021
9714 8678 781331
7779 6017 166797
7072 6611 895366
4298 2379 453125
6920 4938 441801
9066 7060 77458
4902 1801 182025
1634 2612 208694
3520 4016 1600009
8484 692 237429
3372 3394 90576
257 5790 410157
9899 540 685870
6887 9866 516528
1980 5647 126181
3332 1113 2943647
6480 8454 361689
3662 7080 336655
2178 9898 2372408
1822 5293 164908
