199
2969 9472 730243
4558 1053 876218
7477 719 2384697
2241 2508 69409
1426 4126 49168
798 4765 38019
460 4201 33003
5852 9521 437686
8945 1514 165778
5263 6100 2355675
8926 7126 129618
5361 4294 307534
2423 1876 566578
7129 5802 923009
7846 3773 595581
9557 3334 2501441
3226 1635 866050
4391 6332 356566
8050 1375 522315
8060 8402 191604
7236 4741 57383
5348 299 64838
7948 7421 104694
9488 1445 1339521
3792 3476 331654
5071 8671 71766
1597 2167 335785
5975 8311 321659
425 9886 346065
5194 258 61307
5521 566 250953
4558 1857 213064
948 1991 703664
8689 1576 39885
4222 4172 141470
3112 1859 283705
6204 7568 1087955
6560 8526 88621
8123 7752 795947
7499 3952 444042
7938 6556 13499
1296 202 307177
9594 3514 87954
5062 3249 1002231
9485 5757 75870
1430 7708 825583
9186 1532 215251
456 8468 221311
6571 6174 140042
8046 4359 28831
2527 1632 1545937
6101 3819 658227
7284 7963 915413
4423 2244 216308
925 9883 98336
1648 2037 120014
4423 547 97446
6592 7795 528364
5893 8497 798935
944 3766 760579
8891 4849 1699950
6953 7821 774817
1503 3931 608308
3758 8875 96259
4082 7827 114402
4053 6527 336275
5739 2881 248860
7113 4950 301614
7056 153 392880
2286 831 305606
2071 2773 253387
9270 8449 876328
9823 2794 149167
2142 4049 966671
5937 2024 388237
6471 9590 855989
8758 2435 327597
3706 223 350111
3303 4360 449455
6440 2107 331472
1897 9007 555369
773 6360 1090740
178 2671 676050
5066 7245 472173
9508 4834 315274
4198 3283 58941
7304 2455 76628
4061 2073 38189
9486 527 180707
377 6593 955193
8367 9618 944867
4986 3857 231627
9481 529 530272
8429 384 372056
3882 4906 1072257
5788 1768 1211205
4508 570 711267
6469 2331 5717
4177 3074 92579
6157 5896 939716
4908 8001 13552
9103 6687 587174
3107 6706 221511
6184 153 1365671
6064 6889 508538
3000 5357 249278
8682 5085 216165
6745 1464 27973
6160 3101 169787
9707 5454 394368
9156 1617 923881
1965 5218 245730
1318 3424 545988
1557 759 448084
6014 1346 279777
1796 9919 363975
3510 2474 340533
4822 2290 1349201
6914 7967 382594
1164 1113 860092
4957 7921 106767
428 6583 705098
1812 7896 275025
603 2177 270101
6677 3095 251194
5227 1849 670568
9564 2064 855086
10 9674 128115
2765 2371 610802
6326 1700 110613
4108 781 204474
1907 161 678146
9137 5820 44214
2400 3598 142882
1399 6281 142213
3937 4432 249761
125 5881 1855689
2723 3897 150451
2236 3208 141950
1487 7272 927857
9928 8724 1004364
4298 6297 239881
8734 8036 683590
1019 9047 60123
5237 2464 682065
4006 5426 424378
3697 4720 514147
3290 3836 215595
7263 1647 659525
6730 1313 172641
6240 2523 119526
7018 9564 625718
9410 5960 170079
8977 3376 800691
7204 4694 226460
6450 6474 2450
4990 2772 908283
8072 2054 221728
8124 4161 784476
6717 4828 196805
9877 3200 706714
7703 8271 98309
7429 4263 1342506
2803 1978 588507
484 1943 228074
3076 9938 258967
964 5473 1244816
7779 114 639115
6069 1744 1207
1585 7301 454808
4287 4869 6671
7482 2666 1347902
4151 3324 1215669
14 9010 99678
836 8115 1003955
2856 7120 977390
3171 903 1429712
4048 8639 1269627
7201 1718 3638
3527 9597 449479
748 715 452980
3407 1183 299096
6847 7186 140087
9999 2519 1075792
3019 6002 54106
7376 9028 405702
2213 8586 181133
1277 177 948074
7067 5958 239518
740 371 849187
1646 1362 415006
1043 5959 1567272
609 4884 496779
6026 2752 64757
735 5184 662196
5654 3005 66659
8082 8934 446902
6165 847 139986
8730 4557 1200931
