199
8496 6406 204771
9356 2705 17791
9976 7024 86214
3902 8192 1121831
5406 9800 101065
4600 6558 30598
6536 3714 8796
6856 5610 140574
3678 4797 268310
7160 1376 483392
6353 6989 1664009
9260 1411 25688
5280 4839 367734
5096 6464 316763
5538 5374 1072854
575 9236 566953
9876 5716 749576
7123 2072 789304
8799 5091 156692
7546 1621 114976
9773 9048 565591
2516 7872 137373
5953 7372 1162132
3277 6265 334473
1855 1174 1293071
5996 2845 980617
3897 1989 79076
8640 4035 1112333
6100 2000 935113
1751 1506 592226
3099 3618 33146
9247 2056 806541
9907 6637 273139
2207 1048 1021806
6324 5598 446813
2913 4600 115610
2603 8800 789122
7638 2123 271528
8958 7711 89170
7362 3606 355724
9430 8089 1526846
1321 574 1572317
5362 3945 298936
2370 3268 542810
4407 3696 1045270
8858 5413 737574
5887 7220 43473
3051 250 51658
4932 1022 220650
4991 8270 72612
9042 4695 189527
8291 3757 744961
5741 6513 440575
7790 8209 140328
3016 325 253177
5175 21 415173
6622 8532 823665
9249 404 102055
9828 2450 1108238
5028 2468 315842
8338 5147 883549
9944 8670 311279
3047 2671 1380739
2618 3601 330739
853 7467 123978
5567 1491 36030
2659 498 474052
3145 1309 1569851
5378 7992 70628
3047 5139 79011
7364 4442 315420
1274 4025 32048
1916 968 823110
4908 142 1889882
1600 5051 344271
9249 3063 305270
3549 6703 418797
1436 9307 65481
3347 7020 645332
6142 8197 412162
6616 6018 565279
6031 5429 721939
9508 2158 580455
4089 6758 146462
9132 5585 31522
1372 9560 471863
4041 370 33158
4750 8790 13107
8664 206 80198
9397 2773 603491
9337 7102 1871111
3981 8117 348803
165 6817 72619
1263 6995 1053632
7701 5012 139513
5065 689 122924
6838 3513 1075315
4723 9290 1555759
5261 9796 16468
8402 8326 220552
5658 5465 18747
1989 2291 685233
9783 3618 32940
3385 9488 811794
9520 126 608198
3747 8913 324796
7793 7790 577690
4325 4195 257366
5479 8987 52219
3438 8659 511519
8230 7340 1432083
223 3625 248559
2817 8291 718435
706 8634 481023
3737 9601 921211
8376 2980 767017
5830 864 376790
3300 8004 345402
3591 770 1355673
6879 1485 321442
1033 7711 290801
6249 5176 900302
9002 2978 533788
3193 4569 890518
6083 4227 883347
338 2165 40915
7328 536 91019
6003 7106 447614
3369 5164 335582
8137 3111 570020
7127 5124 369771
4652 86 28481
1651 2776 1631415
753 3055 259174
4756 1567 380109
6490 9792 1073078
7970 4783 906771
422 9334 267459
9099 1940 526616
8968 7431 155356
5100 2854 1158694
4991 2589 232258
4260 4632 579527
3130 4913 313124
1830 3783 122422
8806 1812 359449
8873 2714 649300
9047 3785 199002
4459 7332 542954
3468 9020 853940
2733 773 264484
268 3764 1229936
9953 4216 305445
7088 5755 191181
1425 7376 74007
6437 945 882042
1401 6896 129038
6305 4068 181786
3387 7007 507930
7172 2051 73158
8913 1408 19580
3426 4179 1081245
5684 9356 39921
9737 6877 894787
1658 1200 43519
1757 2616 1063385
8192 7881 1370799
1382 9329 39779
127 7242 584770
3827 282 56191
1415 2276 714557
7919 4316 74773
9941 3925 304103
2426 6794 622246
2235 5587 1614343
3737 8147 84316
7429 9444 126843
1233 4244 116553
9738 6007 156651
5668 7906 81845
7156 7108 973277
5743 171 233104
7371 1677 43420
5286 4533 947661
8326 246 622328
9892 9672 251718
40 7994 30215
6865 6274 1508326
7578 3440 144747
9298 350 181715
350 9425 1373050
5139 5708 838594
7794 3178 1127422
3629 3555 146940
9258 6334 574581
579 3486 251298
5790 5420 201802
8636 7464 164077
3526 2080 451588
