199
6385 1776 541162
9917 3477 104544
7064 9928 538666
3904 8407 2226163
3155 986 90304
1454 6229 473602
8326 3487 1083306
1657 7280 315743
2826 6946 563937
7728 4855 439962
9291 8604 44189
174 4974 380268
3106 6002 74464
9401 6979 500831
8756 4212 277341
4627 1186 343796
403 858 432885
8072 9787 158957
3355 6718 264940
9067 4553 533121
5470 2709 284415
4587 1092 358511
3027 3442 1525691
9151 4503 398729
6009 6413 1228990
341 8726 2210270
9975 364 183780
3355 4136 815589
2370 2954 901536
1002 5756 160515
1973 6193 57671
8431 5686 636220
4994 2587 794816
3315 3632 70272
8905 7204 88324
6492 8351 332385
1052 587 883500
5093 3403 175101
818 3861 409558
1231 1509 136950
8462 7756 367888
6039 5388 476479
6439 5359 29216
2223 2901 236612
4415 9988 173298
4620 9900 595943
5595 1589 1708256
4563 8759 930057
482 5248 170384
6224 3967 215513
8710 1623 427557
7220 1250 7636
8703 6583 999984
8391 2804 755804
8027 973 600000
5462 4945 816576
762 6683 425961
4863 2688 119110
1249 6392 91344
2549 493 706552
7863 8454 80438
3189 562 389032
7771 965 760244
3362 1286 460156
9989 8045 1125857
1015 8998 480693
9415 6274 239479
9565 6533 86537
5054 2446 46647
2785 2173 205928
3366 8655 612400
4119 1918 44353
2655 7059 363093
3410 2554 30510
172 1406 1678590
5066 5196 411035
1741 1038 589326
3019 6555 935568
4293 2292 47903
1053 3808 315057
9432 9315 53696
5238 9918 185620
8569 640 137210
5621 8843 1182338
2251 728 197459
6049 2620 480755
1055 4641 1098550
8538 7503 477190
5315 1271 537924
3034 3329 56095
6817 5260 271939
6448 2077 1715269
2379 8902 879032
4766 1113 913094
8525 9557 1546496
171 1061 107958
6367 2615 183188
4970 8354 87865
5154 7717 408867
6315 3125 97636
3261 9356 434771
5331 3152 688061
3048 2000 177688
6648 927 574681
8926 3799 1515432
9750 1635 1203550
4540 1016 335589
3587 4491 306881
8042 2010 323198
9048 3565 209560
4389 5733 776012
9334 3112 549257
8153 9641 151084
3693 6133 196614
8529 1657 15389
3628 6529 451782
4423 7488 22821
5062 2747 579590
2095 6579 135713
6803 8865 697222
6006 6551 1340066
4942 5567 1061304
4690 177 235636
4724 621 426396
9917 6493 2200093
9460 6194 11743
9692 6242 76606
7661 9652 290946
145 6031 133044
6345 2039 870076
5077 9568 205213
6534 4176 271467
8199 4233 65943
4565 1171 51213
8082 1817 648536
6957 3348 77662
9846 1590 17602
9242 3981 622480
2540 3182 336879
8784 2727 89147
6180 2539 36277
191 8171 117216
2606 1245 17260
7453 2260 192533
8361 1883 342386
8951 3427 198980
5450 4907 147066
7419 6528 1699
6527 7368 1060179
4020 364 328478
135 6932 1446173
6194 1699 163508
4687 746 294013
330 7730 112667
1116 8783 1771331
9395 9204 330163
4719 8103 764848
2306 8804 521376
1954 2020 392646
7022 4243 360427
371 4701 535827
9958 6543 489863
2137 81 248129
1201 1054 129985
1626 7600 136889
5334 1290 178073
831 987 420555
5056 2509 108654
5484 2096 765832
5436 9586 559043
7806 1142 175604
551 2255 655015
5216 8290 842725
7730 4074 218116
4129 5759 286069
6098 5468 6393192
3682 3888 1045399
5400 3227 5956
3241 4883 1771231
6131 2285 160508
5231 9075 581157
8961 3902 563412
2509 2580 16823
9757 7503 644458
4430 3765 454944
7214 6333 372831
2153 9541 792172
8205 3810 69889
1956 1352 32602
2610 2049 1226568
3548 9576 170942
7531 7137 72114
3766 7150 373402
4291 408 80598
5092 7241 131454
6932 9595 223048
2683 889 1306997
2142 2646 22892
8208 2515 344658
