199
3159 7034 1573640
6988 5723 10690
8524 368 639118
4674 4530 47939
9490 5833 833293
7740 2038 580301
5043 3619 2159570
2087 2997 811280
7751 8459 1188177
6899 5711 5872
4459 8857 218313
9370 9204 40954
1352 616 1169714
6074 5087 807889
3312 5180 1673583
143 4500 570797
9743 4503 391366
3878 6673 637389
468 8596 453303
8072 9624 1663720
8852 1006 305716
4547 1357 533242
2357 2771 473168
2326 3916 273725
2241 8723 740667
2648 9214 519787
9845 3735 794691
927 8947 527796
4151 3351 583423
3637 1595 428861
2338 689 375729
4339 4516 458451
4389 5923 2036929
1325 9424 210211
4659 2250 66865
4359 853 350348
7971 1071 203659
3995 6458 155581
9440 5543 569066
7480 8100 378834
8656 957 1740976
1857 1371 54182
7741 2632 38272
5918 5244 1234666
8098 4877 286127
3197 3971 1259677
6620 9327 78176
2702 8383 991014
9169 9587 222152
9443 3461 519394
6275 4705 467049
2277 4825 107357
2390 1142 395001
193 16 724062
2091 2558 514470
4243 3150 52679
4907 5123 328072
562 9014 515928
1177 108 618910
8331 1273 209959
3872 1212 428138
9353 7595 104769
5139 8398 299304
6575 2753 202833
6947 6186 1742058
9360 5275 91908
2189 9163 1214951
7235 5394 87619
5343 2648 597735
7132 5924 90536
6877 2602 184843
7343 4053 80059
2078 2763 242162
3908 1841 1411002
5758 5632 149595
3810 6406 609288
5090 2272 741445
7582 3127 619936
7696 3114 229104
1437 5195 1179617
8232 9452 417616
8188 2449 139045
8327 2 233731
3512 9609 679435
8078 1311 1792352
3189 9033 29119
6484 9495 686789
6513 6463 969138
1537 4492 1082588
1157 1454 681272
6508 1895 303643
6608 6887 527772
965 754 29151
4406 7414 42293
5900 2930 211042
1162 646 104943
2818 978 674489
2734 3109 279231
1384 4957 296637
668 6369 548309
6874 6121 305364
1247 501 95090
2940 9242 88287
6282 9135 323624
8093 4191 66442
4899 4316 144975
8939 2337 323774
6511 4309 1121425
2347 7690 53389
7543 1521 1052790
8537 3655 289037
1967 1630 488820
5421 1896 158767
1269 7166 138243
9069 8320 391158
6346 7082 986421
7048 632 110786
5964 8071 277468
566 6527 83631
3014 5887 151892
7941 5729 388199
8160 4205 1262304
7383 3504 341733
6014 8899 655431
3861 2604 585322
4314 1545 466330
7292 8042 281121
2198 7859 838200
6524 7757 188152
4726 334 250562
4100 3194 47923
3188 2549 342095
4476 3540 70418
335 5072 828790
9014 3750 2150538
9412 3983 271962
6616 3251 212549
9567 1753 430301
1862 3915 153297
4312 8633 22263
2954 7744 194259
5123 3466 1042443
9474 4243 51840
510 8950 189471
7005 8120 1149287
7169 6770 119619
7043 7546 345346
3209 6674 536348
2115 9569 20137
9784 7249 1379720
7252 4119 32003
9556 7038 57674
5476 7950 198200
1930 4806 29516
5501 6213 1276919
3216 7492 414824
9894 9985 418856
4227 3810 545818
9200 4017 56299
390 7891 510966
5122 7693 147327
4630 5427 10046
1255 3156 1168406
2314 4684 815392
5968 4913 269234
1269 6988 1356276
4181 7808 4813
729 9010 508449
3859 8602 485258
7417 8787 15505
4175 6019 364316
1521 3226 446048
2886 2026 70414
3761 7980 668974
8874 4918 147519
791 3209 1828223
612 771 310248
3051 475 724408
5931 5568 543070
549 3442 1200012
5421 5949 1336985
4915 3179 188315
7562 3896 11933
2275 360 106805
3574 2513 539622
1305 9685 155165
1014 6334 164866
2778 5500 30472
7582 5097 103669
5679 452 39803
6763 6108 489671
7284 4663 900937
3566 1094 425115
8976 64 666006
7763 7981 307063
7394 2190 577153
907 360 698627
1727 3933 658530
5505 6945 649630
