103
8840 7527 48410
7500 7000 648375
6527 1864 140243
3115 5812 2124393
5974 5145 86994
3379 8913 402506
2687 4726 683723
9003 7458 1199572
3691 7280 961269
8666 9239 1528436
9858 4872 294497
2641 2531 409162
8373 1570 1513529
9674 9141 287190
67 6126 366618
3877 1150 201712
6606 1423 451073
8578 4035 212852
1675 5485 289223
9362 8547 1082040
6573 9587 1492028
2195 4517 856125
345 5521 991359
6572 5437 1348281
5625 4521 811631
7183 6214 2711792
4986 773 579558
1793 7402 253865
2638 9496 896598
9640 9774 1194620
3851 3054 825902
5352 8967 16567
1848 7530 1997066
2137 734 840095
9451 1286 2558521
8519 5021 885062
3939 1443 1101615
4579 7265 1709480
474 7486 1001047
4364 2071 167917
3252 4474 696292
2132 3159 510524
8543 3208 129120
1904 9960 2175457
6898 7853 20384
5317 9828 160575
7365 8282 348975
2601 8702 128069
8967 1772 2915900
4366 4644 436713
9405 4640 1269181
7883 4702 569449
9905 6740 561687
8526 4351 189794
1446 7003 5915600
7275 3913 91750
8326 8449 8413
3518 7993 2199833
3791 8134 494343
399 2119 782623
7425 7177 954734
2286 484 593941
3002 4526 448431
5636 9263 558976
8392 5549 44939
5101 939 191069
3026 4584 196405
2037 2701 1953112
2742 9701 2880747
7498 4025 4180183
8188 3363 672661
2936 6033 278177
312 2945 822460
5130 5289 494712
2369 2670 662745
6452 360 1504815
7055 9644 1151936
2176 7365 1057212
4976 9562 19732
1589 3074 786430
6735 6713 2599907
7560 1719 1010053
2262 4799 9368
8382 5073 1443934
1450 3165 355408
4984 9023 870098
2216 9547 2748573
5382 8728 1394812
4581 7721 73695
3013 4430 1948772
5597 7024 127541
6029 8572 1081588
7579 302 120529
6023 7962 155910
2518 3315 142272
48 9474 591038
1129 4882 2114165
8746 6655 116075
7511 954 357355
1612 5421 642545
7309 5082 6464177
6426 976 1061827
2351 3206 341313
