235
1736 6078 184421
6894 9853 418870
9491 9961 324493
6857 7141 1103155
9801 3672 522600
6819 8680 315432
5417 2988 28977
4795 1293 71146
8957 8929 36130
65 2799 900193
4770 8706 1750
7923 5072 1185455
1268 8637 75588
9712 7620 404789
8889 6324 464504
15 8287 284531
4730 2363 77393
4744 7814 588330
9597 5631 1087041
4101 4037 276496
937 864 22396
3310 9980 383377
4221 28 457120
3896 5713 486330
7414 30 334471
6966 5967 302033
2698 4181 807656
4280 4529 367533
8290 8590 724361
6511 5295 503532
5498 7705 614442
9607 164 59802
8086 2005 230424
1903 2802 271576
8191 6871 201110
3287 204 603856
2341 6714 275128
6101 4305 861764
9889 400 17228
2144 7544 340341
7752 2064 152321
4175 4871 684661
3085 6574 324117
7546 5259 1161345
4985 6879 906908
6114 3278 2120466
7345 3261 193179
2738 123 290848
877 3869 33279
4592 3228 245520
7481 6309 277486
4650 5500 349820
6021 5678 45500
2390 1344 1321205
7064 7855 208824
1399 4434 754055
9005 8546 1325000
5207 6417 251478
1059 8595 20002
3362 0 214208
3177 1889 66512
9614 3183 204365
9935 3174 212913
6640 4117 172434
7661 9915 175188
6490 225 780982
4266 6634 155203
3751 1683 451597
9449 9408 247986
1500 411 129590
5078 413 36035
1612 3763 654177
1373 2089 57850
4489 3808 22692
2885 3565 509783
176 670 13913
2723 9970 814468
2452 1276 928761
7491 3876 276730
1451 7911 153100
3897 5312 378964
2865 8640 1084476
2303 1692 729893
3929 3224 590166
3362 457 419272
4167 9057 1284424
8394 6161 22910
5306 783 296634
4346 2078 333583
9475 8903 818761
772 9745 854849
7524 8640 1071074
4063 1210 263037
5842 7581 303740
990 4681 395234
7591 3488 435369
8328 9029 77990
3813 9034 470854
3991 9391 1274641
3085 3844 799034
7021 8687 20320
8562 9585 403957
5366 441 976571
3360 6628 1170830
2736 6203 469639
3518 2751 60191
276 922 900416
8517 8419 332510
1461 4001 339480
102 6833 127352
1315 2628 717083
7728 5104 92428
6338 5200 273903
1609 2067 565797
4513 4326 93107
8813 2687 428877
8864 9568 208684
3115 9710 525315
9811 1 222124
3642 9516 438429
8945 6809 1593576
1777 2422 1763826
7206 3595 132128
2976 193 596957
8748 2551 99308
3739 5039 215032
6216 1057 205077
4118 895 230500
9525 2466 199957
8792 3197 130095
6389 4330 1259337
5550 733 6074
6037 1256 1201039
1301 7433 25946
2851 2564 642334
9986 2772 485214
9459 4599 20484
5364 2832 743375
8224 4179 627151
3213 7961 11841
548 8504 154885
4526 9671 495709
4370 4036 5926
3091 5595 177386
6880 8403 73898
527 7158 607874
6410 3000 948745
3122 7278 47130
7060 5897 166260
6555 155 261624
5615 7541 173161
1936 8076 917143
1125 5850 527670
3110 6059 79015
5066 3256 416510
118 4818 102042
1374 4677 83117
3101 4918 350629
8102 4606 302682
7638 7937 679545
7894 1296 114806
9973 2491 202673
5863 8639 784851
7502 2377 52689
3800 152 92195
1268 1564 207869
1853 9575 1623570
6821 6286 1472489
5771 9251 251070
707 5140 199649
4297 9147 762640
6429 3753 168392
5261 1408 39641
3559 9862 78962
8447 650 307892
2121 4976 105871
5330 922 304011
9575 7700 603448
9653 1353 285071
4922 4909 461482
3415 3892 35286
8124 4142 762617
3505 6545 185372
6095 1259 10158
7605 4038 1255988
2966 2743 518957
3254 6355 66622
6909 7875 352359
8843 8600 70972
9795 5511 469693
809 4432 238707
6183 9237 348170
9946 3753 63906
8845 2754 44481
1863 5430 86647
417 2713 1466473
2119 3358 82646
4133 608 206627
60 1711 229021
5439 9840 33066
1599 3650 7915
8758 9514 718896
7805 3309 311172
8545 6402 383804
4700 8203 131213
3744 1313 993510
6308 5214 281745
3881 9801 1056696
3056 2855 3430
3159 8195 85665
1712 4461 79923
1304 5613 122156
4562 1039 330786
7184 6619 177057
5612 4981 547844
8144 1240 390032
5267 1323 437806
7303 2387 2210967
4509 1303 139652
9596 7563 589506
2778 9780 286582
1234 9855 193783
1877 2472 515841
8843 8064 435225
718 2464 775176
9089 576 200592
5604 1995 429423
720 1976 23779
7449 5859 167366
7667 8602 186755
6437 1038 56796
6299 2856 651857
6480 3419 160788
9006 5780 1667405
8609 8959 409423
