235
8464 7526 62504
5057 5475 83848
9858 2147 1421235
762 7033 105837
4439 5316 842472
8990 9481 235300
9361 9033 147581
1950 9963 294346
438 9842 134769
4268 9480 153776
5912 7251 868492
9107 2139 1841182
3448 4466 582648
5990 3299 324234
2010 5458 170259
7542 8266 289799
2357 5270 268694
978 8198 1138873
8587 2730 12391
7737 2811 369036
7102 3521 778647
3233 7185 314759
6064 9619 47396
3545 779 674710
7225 5077 52951
9883 399 153007
1856 9331 506841
5319 4188 696457
3438 436 1192095
1047 8838 139053
5277 4631 532160
1740 5255 65798
865 6291 188910
7109 2603 713609
9631 5873 280522
9067 805 169546
7658 9590 737974
5061 7491 216261
5978 7922 296763
4273 5665 667379
8973 1252 645002
6385 5450 235798
5605 2152 219995
4676 4412 920117
3973 3728 479594
9403 5444 332249
9446 6062 213636
6882 7312 240217
8525 5668 45390
3968 7320 144788
9958 5929 44375
3557 925 635853
8212 3234 48410
7928 8690 1013733
7674 6760 51154
869 7302 227736
724 7497 609526
230 6662 117257
1771 2306 324327
4768 9652 19039
3484 9471 104051
4883 6910 432027
2097 130 601901
4180 3173 45552
822 4734 709930
395 5073 288630
7311 340 1405870
369 8162 159624
5288 8930 53579
8275 9798 269782
1423 980 1392524
6302 7343 169202
344 1381 228940
2166 2236 416275
5333 5727 93744
2769 5636 1151406
2076 8465 1271131
5276 8148 705530
4882 5394 289855
9608 4401 370158
1313 4737 438268
8699 4639 61867
4179 7307 1060953
8391 669 199007
2503 1083 226445
3457 9349 235590
2420 4827 255025
5444 4345 14241
2162 6846 257062
1826 1849 174906
1342 1714 90164
1138 4178 153834
7697 1401 164856
3106 5378 517386
367 216 108950
2391 7346 59520
1968 8922 521524
9140 2301 548395
4080 657 1149450
8802 718 213565
9043 3486 155706
1709 7770 314166
2239 1005 473123
7977 4993 63203
7336 8724 286651
4983 7655 230291
3353 2805 646046
7493 8789 21742
2867 2767 207908
4321 6806 110513
1903 3592 654907
3461 4555 83849
7476 3844 277552
8251 8574 352449
9078 588 1566988
1284 8206 225561
1176 7651 497253
7253 126 32388
5149 7903 1085817
9099 5330 521651
5419 5129 47528
2283 2443 229889
4785 4281 598544
9165 4765 364895
975 1898 425802
5851 2611 126882
4469 8466 21944
1964 7910 496724
1047 5930 359495
6973 4628 297324
711 8055 1201116
2635 7386 324192
1513 7736 62254
9669 7608 45186
9452 5355 112086
6819 2644 637149
7448 4070 355808
1849 7848 363457
6296 6887 237418
2507 2198 2880754
2033 1626 346367
760 3419 993205
4080 6730 337309
3452 6909 488368
3803 4152 669645
5458 567 280540
2661 9442 86454
1238 5958 1142658
7098 2603 1632976
3697 1708 28371
9138 6347 82838
3995 1040 401823
9517 5283 434406
6433 3960 672738
6733 9420 693524
6413 136 91989
9780 5128 187280
5511 7743 208151
7491 2556 518236
2754 312 285855
2111 6458 192867
4393 6083 184254
3019 627 517714
1860 1154 220915
8928 8492 448971
5500 2187 60447
2387 7679 104871
6896 6617 281353
3947 4605 7439
2746 1376 404580
7639 8056 702365
2486 8845 713581
9168 7918 43616
1947 2709 820041
1745 2531 366967
5762 879 471223
6522 6132 21427
3422 444 329949
1525 776 482448
5216 6662 593668
2742 5014 49528
6000 9606 608689
4239 9126 235550
7730 5906 1731133
1352 6915 205280
1567 46 838873
22 1344 263906
5948 8920 699159
6728 8031 39063
8587 5031 222922
4100 3911 358683
4969 3670 329461
7658 6292 701783
7439 8707 1155202
9493 240 644863
5349 4814 1052368
3714 9161 343085
9885 4950 131345
1583 7140 1069251
2673 2770 704603
6174 5281 156609
5333 4877 382398
1214 8962 68976
4151 9878 214689
4290 7171 271482
7246 4109 1870025
279 1516 414735
7248 5983 188434
3793 5780 275024
6821 6538 1342617
8491 3318 46735
5056 2491 248228
9559 8604 656166
5559 9856 632533
8439 6443 1122842
4629 6839 127152
2095 6659 488966
3239 7444 201208
8746 1783 181694
2527 7968 163354
3394 1784 1406545
3575 4404 29840
6038 930 39987
6617 4474 118467
2703 4087 275329
3269 7754 540780
9167 4598 391905
8985 8718 161814
4106 8820 206811
6344 5479 784761
5277 1855 63997
5401 1085 175985
9699 1047 329549
6966 358 253282
2049 3098 283665
