69
6513 2682 2937584
605 672 1003585
3557 1005 5259374
1533 7701 41718
7222 4043 398767
4811 658 151992
7496 9960 1014091
747 5234 1956666
8649 7082 3172
7332 7507 623422
2657 6345 1120507
3081 10 580782
4483 8774 374116
5278 4039 1393618
2990 7449 3324411
1806 4444 2656966
4243 1876 871425
7726 8912 464441
1157 9813 5014533
9889 2509 1210111
3727 4167 1101273
5376 5106 482620
7820 9833 1195502
5923 3195 2569478
7273 6921 488458
7856 4815 3441665
3619 5069 807552
1736 527 943904
5970 1596 1373397
1849 5999 1431075
7344 8103 913131
7193 6113 1087460
9230 1132 1617798
1222 1231 770865
2104 5030 372392
1723 2553 2339689
4288 4719 1622685
3380 4510 1334905
8766 6899 935374
2803 3892 3300871
4354 8360 2178741
6348 2305 1827817
6365 8696 1271028
5599 3572 22928
9203 752 438
2438 8296 3196869
1098 3675 2066909
3888 1754 187873
9379 3892 602886
8176 1484 3285201
6330 759 14050
5608 2232 70088
3763 4293 288118
2218 1762 2042043
2814 6756 6679164
4968 9873 42361
2423 9199 271684
9701 5289 2759566
6317 6153 3830809
3191 645 894262
5963 9098 431277
9994 6855 15043
6390 763 3010057
7607 8024 175038
4329 2056 1505578
8860 6379 861126
3040 3752 1112006
9571 7535 2076354
3678 7218 749311
