69
9490 3653 1959397
2074 6197 618469
7205 1268 920318
5625 4252 73846
4253 7866 2909967
3325 1619 765885
6550 8640 28091
840 6225 1299217
9794 7339 132173
2839 488 509347
1161 3405 1060675
5392 5472 630394
3355 5138 598279
6389 9188 1714824
3189 541 404370
8767 3106 411804
8766 8768 1257025
399 958 1574921
8805 7199 5558054
2323 868 151466
5598 8827 5926653
7062 1061 2014079
5669 8849 136707
6470 1379 915011
6471 8526 4226409
7077 4834 34914
9607 5414 429731
5438 7499 395783
8477 6565 5860447
4794 2078 313139
4056 834 179741
6770 9991 835169
1813 9602 415205
6571 4692 435726
689 7273 162461
5048 3551 4485183
2513 2682 493961
3207 3128 1364567
3109 4450 454237
8301 5022 531816
9712 9727 315399
3635 1285 459959
4212 5732 142521
4996 7768 1466750
3830 5015 1319121
9870 4585 3343557
8986 9633 1749313
497 4571 44692
1739 1856 2300845
7486 2179 3975793
7608 9959 5408553
2225 7353 640608
6272 643 819138
3831 8697 750187
5897 1577 506905
2424 3618 1901533
5403 4670 1017736
478 1541 1237769
655 5902 9447661
6819 6752 812443
691 8532 497884
6937 2923 1617236
5654 8217 289415
6370 1819 1615155
6766 9317 672950
1998 6222 194001
4664 4100 2343357
629 3288 635499
8585 4509 2284559
