111
2999 1737 675748
5951 3410 240461
6557 6759 278294
3452 4240 348828
8160 5029 1721562
4960 1616 1349311
1472 1114 792691
888 2614 2570345
7394 4721 328125
4137 9378 1637882
3307 8283 37077
7480 9738 385895
9148 5283 900993
8088 5280 541231
2579 527 1201502
9890 7164 721095
3476 3639 2408973
3066 8998 110037
2922 1666 87965
4408 906 1377669
9810 1756 2712372
3177 7863 183490
987 9787 557703
1761 9339 109515
8085 6774 1386433
9593 7886 69688
662 4769 47264
7455 3195 1283899
6133 9196 85819
9319 7942 61953
9392 5968 119854
4014 3206 1196526
9428 6409 1232309
1808 6095 471905
75 6439 441563
9863 4531 185598
6291 9603 99880
8519 8826 1122711
4628 9758 44898
4367 9564 816433
7024 9228 2001599
6873 3221 620846
3353 931 436026
3329 7366 1669280
6845 7084 1697238
5391 2442 1237496
7112 4701 917857
5085 368 102984
2478 6803 46118
9452 5862 293994
4795 2290 2278130
2385 5485 1664156
7395 478 827443
2850 3103 1930096
9719 5476 294310
837 4494 340372
1705 294 694564
982 137 2579470
7166 3219 1968206
1621 19 1084921
2543 5241 1147043
260 9951 1573936
6085 5150 218310
9945 3491 1797868
5459 7606 782195
772 4298 66615
6821 4989 3947119
1665 7224 1488048
8559 832 411675
1320 9452 423561
8615 6576 26692
4336 2985 1082220
4891 895 214506
531 5356 4234831
9548 4200 1904551
9154 565 590916
9484 4835 38339
9212 4629 444197
4187 6901 744094
2431 3206 496949
6066 756 1159647
718 3328 451518
1821 5725 125893
1994 6055 904991
8576 5664 968110
7608 9583 1654139
2488 7008 1573483
3976 2280 222047
8129 4208 10946
4621 8607 545221
6966 8626 394619
8281 9317 1214493
3842 4520 1542537
5869 7952 398215
7317 4214 287427
8279 5114 409328
1493 2563 2539216
1186 8649 1625214
8717 7893 2114285
7692 2661 244227
7414 9048 297578
8389 5580 691991
8645 9220 718439
7721 625 824113
9264 6385 175419
4738 8522 573198
9628 2890 709272
8144 781 85319
3187 5835 1807338
8373 2987 1376819
412 5479 90690
