59
1459 2547 77271
5365 7143 718809
2610 5717 1858601
3079 4563 1451352
1673 1030 703672
9466 6832 1072239
9202 8435 229905
7066 1067 1365319
5691 2008 2375555
4831 7445 2554441
2986 8764 28526
8474 6880 4743076
4321 6745 1250539
3592 6305 6840256
1229 25 141420
1379 4514 4331436
8279 3957 362379
9244 6919 243130
3229 1489 822154
7039 5261 198411
2784 539 2822272
3959 1033 459715
7541 3027 951496
8283 9969 162878
4226 1205 5785374
1594 4028 490150
3968 4522 764028
2939 7753 213420
2598 8500 299516
3308 484 25687
7145 3699 1177793
3653 4978 2285710
205 6716 2484921
4617 1940 251541
3077 3795 699123
2400 7053 2883458
3734 5107 608005
4399 8392 4267851
4942 8225 3974718
3834 3977 73850
8836 5848 1198720
149 455 533387
2651 9421 847366
9568 7098 3697928
4879 5558 1420825
7015 1545 712742
4658 3602 2530655
9680 2254 841717
6228 4151 307547
1671 3821 8522579
2094 3346 876284
5063 4122 5779814
6859 9135 1831062
5623 1253 2788870
7296 1231 3760003
4471 9889 505010
6368 3601 599587
403 2362 1037020
2099 2029 158887
