59
8599 2468 399508
8568 8231 1276194
5366 3209 3252765
5602 6832 504667
1821 5421 3038222
7707 9438 921939
8395 388 394818
3355 4850 580539
2938 6197 1562558
3736 1214 812988
9182 733 1994530
4746 5664 2506748
6028 1992 469960
921 8914 356732
3033 3701 325093
6120 8369 486946
5704 5324 11062684
8693 5645 1373886
6659 9805 3307988
8670 3633 195409
2986 3276 3321178
3233 5553 499833
9982 8254 440844
5659 3170 1620160
7843 9671 404271
6529 7423 2134156
4235 5141 4035223
1122 6455 2615186
9430 4498 6674580
1991 8842 1471843
3013 1097 2306753
1710 153 476304
229 2180 3333739
8472 5965 1897074
31 1331 2450573
9419 2841 1414259
202 2132 79735
1504 4472 1246945
2692 3052 1852735
2926 2586 1072736
7001 4944 585379
3633 5367 62831
9159 8690 1120409
1200 7867 1188358
5689 6502 1996528
4865 4324 1191856
7839 4279 2558601
2247 6383 552168
4410 4979 3382513
384 3789 537649
5019 948 246406
5710 5753 2882310
8355 1842 3360367
7170 2954 955271
9168 7219 630794
4328 5367 1485404
9042 9028 2378639
5979 3658 249354
1737 3354 462862
