59
1551 8079 593205
4469 9501 980981
7259 6099 1614702
8809 5079 325764
2431 8893 1699121
4092 1687 26044
1958 8837 3134765
2215 4168 278150
7185 4339 2056346
9051 9064 54680
276 4149 198151
3581 898 8831879
949 290 1342622
9519 8098 6871190
3138 2024 52918
4180 3439 4027245
9975 3739 4310584
2375 5360 4376384
4509 5005 410138
9424 5381 1318057
9703 8037 1049638
3450 5885 3796222
6639 9416 22895
18 4759 585397
553 2895 3037306
5527 2256 630742
577 3314 2115269
5188 2656 2800767
5703 4796 172713
3776 8584 531866
3842 1023 4481658
4584 8564 165125
1082 1960 2910374
7118 4444 1485267
1229 1435 1366341
8983 4526 828386
1863 9239 1391608
5390 7436 3928902
3349 7412 2703491
8545 8643 237131
1611 1415 98025
4870 3920 1800972
7228 8244 3498626
5095 4882 282933
5826 3862 1654165
8430 6880 438433
855 7488 2682112
9085 2602 343528
5117 7923 1193444
1159 209 730157
5754 9903 1056756
881 9874 712224
8419 3643 1679596
6038 7608 1005753
9129 6362 497048
7177 3930 570865
2660 2145 2224534
8174 6308 1357024
2661 4094 1429781
