73
3092 9788 4077608
6223 6042 902106
8717 7181 3227033
9109 1486 2790381
8723 7426 80274
7857 1584 279311
9503 8895 628430
9722 4322 929465
9049 3112 4746702
8064 2231 418266
7002 410 2437973
7389 6355 416989
1617 3756 53487
276 2127 710568
3430 7135 418342
5107 2711 3677640
4749 5625 1085570
7022 748 4535343
3523 3613 2778752
9973 1329 2671560
4810 2374 117504
7819 3684 4426172
7824 5923 68896
9737 2317 1210974
7427 2822 891501
457 4102 488798
605 2207 24281
1033 149 6021808
1614 1249 2828375
4467 8142 763309
8388 8717 901180
1806 8545 1374429
7121 5202 1247093
7605 2854 470410
4442 664 1018715
9515 2704 5352213
4535 4858 2299554
8233 9384 6474
1090 3177 483038
9099 4124 1931809
8040 908 19527
9372 6543 2790875
2175 3062 2227171
2803 2158 1304668
8217 5605 1020144
1126 8442 311571
6223 4453 479928
4574 5279 254830
210 9600 372029
5956 185 208812
4413 38 266208
1197 5646 284993
1672 2596 113962
8155 3075 768816
4758 7987 1020796
1796 5463 331142
2457 8485 420373
6368 5184 507598
4207 3896 1930044
6473 8106 1129128
7952 3914 996812
5614 6541 529152
8483 4138 1728091
3464 473 845907
6455 2217 45708
2840 2016 709684
5449 5737 651092
5937 6747 646525
4178 4490 5871816
5344 2338 408810
1527 9509 722325
9729 2010 1821415
1340 9710 467715
