73
3490 7810 261793
7066 4877 143905
2527 4930 832838
3993 4106 12331
7374 7425 874313
2738 9751 457468
9540 828 2339065
2629 8463 385274
5458 9106 50307
4649 840 2279783
1019 7653 1159283
6201 9505 9881265
6628 3413 53019
995 8174 2375582
2785 1252 1657861
7292 3759 3035462
1568 1032 1676980
9191 1925 277056
2621 7495 1312035
7123 6237 2567900
9234 1117 2097187
8670 7813 50580
2807 2692 5516152
9307 6686 2248128
4632 7415 987591
725 524 1341306
5002 7927 1316123
7862 3126 2882275
6490 568 764578
6649 8700 416891
9268 1169 431920
3027 1319 2628416
5352 396 335903
2910 3664 697721
7951 4516 801009
2115 846 130380
7041 9743 405117
3642 1172 1461784
349 1381 625818
8799 2951 703704
2793 2817 340551
16 337 2749929
5072 6540 332960
2339 9132 546601
3943 6808 3314799
3508 9527 1583436
3757 1341 36625
2148 9310 1363307
7390 9823 254783
922 7541 286426
2513 1352 1697353
9841 3454 3966208
5375 4181 1361575
1458 9074 1324953
8458 1757 1663798
9487 7256 458114
1034 2995 109004
6428 315 728000
4540 2932 1531688
2403 3762 2931928
8860 5306 120246
6077 9297 1569692
4199 6733 2177223
3734 3563 1050758
7659 6272 1166961
2638 8440 567780
6252 6346 279036
5209 7157 1758952
3351 9864 521859
6242 6705 273445
445 7726 3423740
7563 6636 1598004
3452 5870 1434163
