73
6337 4209 2186052
1397 1959 1380645
9556 8175 610956
152 6433 480133
2480 4907 1456885
5383 1088 4160479
2721 4451 1223925
5191 9823 529841
3192 9848 547558
9175 7039 389449
4605 5721 84390
7984 7943 3407521
3292 349 1645306
7816 6516 238055
9206 3183 2071281
9517 1084 3462508
754 4302 3123708
9015 8053 3377991
3207 7850 3381267
9472 8498 947411
5594 5174 2274245
997 9651 293476
3779 5274 404427
8506 7823 135097
4317 6438 2740411
2908 5154 643539
1646 6837 3821284
4176 3477 1066139
3367 1240 531750
9577 1801 564236
9863 132 205176
8872 6356 1210238
4253 1812 428600
4814 2419 2036859
8897 4107 1039771
2472 4438 37546
4451 6064 830210
1112 2152 294563
1846 4940 461138
8151 3200 1925263
5075 6135 1831710
6556 2154 2228745
2672 5409 291983
9399 5311 943212
2820 5362 1642512
7109 379 1049317
2866 4005 123427
2633 4574 2958197
4015 6965 912065
3458 52 2775445
3590 4190 3192023
477 9732 5117737
2382 2351 624940
9037 8816 3251031
851 5967 2436363
3502 6462 1911315
8041 6095 7065
4027 7441 1082702
6012 2994 835234
8942 3514 397560
916 3853 428021
3281 1871 431334
7301 1988 2104226
4202 1847 1619800
2510 4041 149179
9598 8857 442494
2766 460 221640
7896 7797 218207
6014 2200 874930
8840 8213 10533
5166 248 989925
7125 305 2293567
2926 8317 954232
