73
6058 6102 4610166
4811 7136 2148379
8688 559 5218898
3367 6294 2118801
8295 8973 524763
6156 639 2308902
6918 3503 1654199
5670 6318 1150470
3545 2622 1259887
7117 4168 1796328
9222 3888 2032354
398 2720 293387
7645 6930 4378232
4139 1594 1868179
259 3819 1528710
5469 7260 871427
484 8202 1610923
7464 1120 360784
8746 9040 313821
7814 3404 534402
5275 9479 1561549
6973 9668 326170
8956 4584 207827
6127 7928 383036
2078 5319 554670
6217 6813 3573862
3923 4322 2277160
5177 6122 3839484
7769 2811 259948
5630 6738 9543
7741 1000 2447691
3912 6732 318639
1528 677 2647024
2783 1573 654324
4198 6834 461852
802 423 3242246
7119 7711 60843
5908 3464 814058
7843 5788 320271
6599 2018 18724
7415 825 430374
2084 5147 78038
2448 9057 2390081
4995 6481 1836372
8058 9777 3924158
364 1888 802135
9787 249 624107
7515 2338 1242688
9473 227 41312
6572 1097 838449
7171 9051 2188674
9973 9704 3026764
1358 4934 1351394
4150 3614 199060
8426 959 2697268
5462 5280 1499378
5019 1079 7269545
3495 9804 1504187
7147 6425 95459
4177 4070 548113
7111 3051 453188
7442 3916 339400
1391 5069 532325
1919 183 66431
9335 6224 41078
4091 4402 129472
7840 3449 694721
3134 6808 626175
8004 4617 1438851
4066 5303 1235753
5605 1691 761700
6270 2436 293142
7416 9064 238275
