73
132 2022 1273945
9182 3649 1701113
4718 1214 380655
7884 8817 4522003
5727 9697 978906
1672 9552 3306977
47 9773 207710
7847 5372 148876
1472 873 142885
9700 7820 744113
7339 8396 2410806
9555 939 4770038
1542 2649 1517834
3654 377 2956012
1404 8970 551169
9646 8436 87140
6398 3046 1142839
7068 532 155357
9282 7221 1089182
5619 6578 2138851
5433 1146 3449867
9650 4455 2226427
9057 3145 236622
6229 322 2822676
4216 4400 195832
9174 8575 3097953
8208 2891 1066684
3912 7828 136393
9632 446 806273
9864 2486 1217382
4346 2341 1965959
6631 1361 132162
4659 4628 94368
8407 3456 843997
9838 2765 746091
535 4440 1153924
8302 2047 743261
1514 6073 127382
9262 689 716618
6152 9457 2213724
7882 8494 668518
1265 4772 410834
354 263 276837
9343 7000 225030
9016 5984 1531049
3578 1434 10025
1123 9187 5606189
8004 8428 110201
4139 5326 1160767
9815 4916 1230623
5033 4092 3509704
6243 2812 568715
7862 8118 362660
57 7225 171850
2704 7540 1823726
2043 305 2678860
8531 9813 572637
4971 7804 1576057
1484 848 471748
2102 2887 272428
2586 2911 2573540
4543 5341 425162
3243 3003 2433821
3343 8256 763359
6648 8617 503567
9839 8743 496118
6489 1124 3799026
1035 2528 3186519
8979 2609 5872772
476 438 1168222
7889 2239 54236
6609 7579 466451
1710 7275 798743
