225
1194 5073 246418
8618 1335 953362
6793 9757 126350
4862 9454 437360
3952 4215 814374
5088 8262 783294
3869 1775 52529
1500 4023 137128
9519 709 225710
2934 1043 183698
4422 6120 50925
718 6120 651399
7573 5279 379029
8977 4123 305418
3757 482 555526
8093 8742 80811
9401 2011 356736
5584 3762 766345
2854 641 175241
7688 4562 9715
6553 2956 22302
9818 9025 246441
3192 9715 1033634
142 4025 1111274
985 2470 600702
80 5098 240427
8556 521 190553
2454 1397 692837
8832 1191 25731
3040 7032 35291
2600 6133 393669
8462 9072 307892
6142 7332 646285
4928 6187 646388
9264 8811 6598
9610 9425 325561
4410 4149 29710
1487 9379 8145
6085 5777 462376
9875 8064 397361
9916 7771 78813
7141 466 860872
5492 6109 191643
8974 2559 821829
5691 8363 776998
4560 5294 1246033
7762 1695 559313
5983 8210 660826
3090 7432 997370
7343 4734 613048
6048 9497 249374
709 5789 702731
7177 9857 71365
7630 3951 1964111
2883 6609 426529
2104 837 359982
2378 9019 189065
3678 1496 537077
8227 9571 1058016
4047 8517 334001
2601 6268 80472
9953 5099 1075290
6810 9450 243088
7500 6549 250659
1265 2129 176007
2256 9315 1071315
4727 6522 530778
7844 2972 409710
2435 8225 613087
8211 3250 385041
9396 5846 200764
4622 5480 13598
8672 1690 71191
7595 3229 53456
8613 9608 359825
1813 203 1766111
7320 7189 25807
4708 8889 1121176
4087 1685 1170952
4494 9030 829285
610 8236 162760
9803 6034 58877
2804 8281 871011
4878 8400 159943
7703 4647 479563
3874 5736 679732
895 3368 141836
6916 2072 251305
4654 3599 48153
7442 9365 234751
9993 8029 640266
6880 30 1030957
6477 1547 751622
5104 5097 647308
4671 1785 86462
2285 2908 144878
1744 6543 85531
5781 7770 115069
1926 2061 92107
9852 9922 112125
320 5044 215516
7940 5315 472800
9734 8683 251009
9270 5703 652824
3534 7412 309815
2746 1814 546222
5219 6797 103852
622 9317 620826
9913 2283 218053
2454 9614 214044
9621 1678 839961
8954 3071 311152
216 9041 333016
6800 6086 1307390
1963 3475 85355
8915 8789 258500
6232 5183 45799
955 9807 566306
6401 6296 104731
1187 7336 251691
66 3076 805390
9198 3442 651089
8147 1422 85333
829 3650 185263
8124 883 186779
7718 5569 502205
3182 5005 70203
5546 5889 396229
934 5537 287300
4825 4927 266301
8415 1623 90486
6626 78 683339
4881 9042 280896
513 5301 941834
7992 2128 843226
9241 9536 1174386
5666 1184 277434
3399 5066 696736
4056 6411 242824
9182 8944 258358
6786 163 362469
7220 5044 46358
8491 3260 541365
9651 5548 926524
3087 7055 187685
6542 5864 305834
3590 8031 159424
8837 3405 182925
1718 8318 406998
575 3466 2791
7972 3718 205788
984 2963 82630
9631 535 68963
9932 3321 229521
3691 4830 439038
6975 1531 261295
5389 359 97035
1528 4111 168836
9926 4746 282725
3311 6124 129022
9061 4454 77584
4364 9379 86014
5556 4794 288063
2695 5217 134673
6300 7675 200627
2734 6886 626409
7240 571 98754
1130 8118 86211
5062 8183 156035
8813 6627 495570
8439 4728 1461729
916 4798 2593294
2953 6537 301735
9336 7309 797814
2452 5998 29899
4715 3568 771495
2675 8364 517463
4888 7672 1002663
6092 7511 120594
8203 4637 673151
640 6481 268680
1781 7940 467063
6231 9263 805351
5784 9339 292198
6505 1864 108378
3723 9738 420656
9821 2203 878648
4101 3685 404518
9468 8272 932395
6627 908 95342
9748 9877 610380
9118 2366 1514441
2124 3991 16893
8244 6322 1476015
7658 343 171793
5210 7867 175279
9933 9932 512804
6498 661 231268
6261 3357 168386
3031 1947 173683
7043 8226 62848
5737 7252 684353
8717 4863 1322880
3664 3136 178031
1234 2100 574266
7067 175 20106
2620 1879 503697
685 3827 421359
6216 9765 1316768
1218 7967 612357
381 1198 251833
8293 5743 620832
7080 7720 705581
5897 7308 251316
827 2288 244276
1838 3164 523779
6510 9389 428841
616 7991 248911
5331 2954 554231
4693 4850 11896
5124 4997 1248857
1265 1403 811042
5244 3438 279833
131 9090 1072418
232 8376 428633
