225
6705 9734 229329
8331 4129 58647
2826 1818 478967
4141 8259 684842
6776 2342 270225
1595 9027 2188041
2228 4474 1982218
610 3127 137250
269 4414 10093
8999 7147 810189
4733 7328 206287
1813 4638 389
2037 3848 478864
299 8095 41758
1199 4320 135366
5956 7840 278604
1482 4907 43605
8452 7682 54891
3675 8252 527306
7931 6973 269876
4560 2304 30029
3132 405 96171
8923 7508 94065
7849 7165 3450
9648 1409 355346
6288 7630 56819
3003 4353 1280682
1283 871 318669
8721 7335 353235
1614 5980 257968
1381 1861 982304
6146 4422 138563
8375 7390 55264
7164 6352 224979
4324 4025 204338
9757 4194 180394
2506 4892 364622
1482 1845 568934
9135 8515 428204
6550 2436 1380346
5061 7696 818571
9614 4269 215773
2094 6787 2424733
9171 2778 682632
7539 1708 97101
4935 4858 540166
4643 6000 86229
1462 8401 62736
1016 9795 75650
9779 8268 860393
2609 9818 277781
221 2414 434326
182 709 465555
6679 2950 847502
8059 4579 1356991
7744 964 540353
9986 2423 440509
577 9891 473883
892 6280 477570
6551 11 68792
3993 7405 33727
1409 502 360232
6417 1399 305854
1197 5737 142552
1586 5626 972739
1988 111 443461
4318 7213 414637
6534 7364 397007
1698 7308 50470
6703 808 1368378
8813 839 107640
1861 6366 98837
916 903 404592
2048 4635 2146029
2937 6121 339137
4839 8563 354892
9943 1898 64832
2668 2048 327856
9996 6990 296481
1452 9623 312568
1387 9083 537298
6827 1642 433632
3291 6529 700916
7061 5916 784266
423 9149 70340
2479 4029 1397309
9044 2470 933634
4152 8117 558160
6139 595 468091
3405 5096 1381812
9035 2070 106149
192 6523 98884
43 5386 250786
5016 4794 99449
8039 107 232379
901 9480 160380
7156 2913 638699
79 3619 922096
7328 6499 832357
2752 9022 917418
1568 6657 649429
5157 2179 269563
3435 9838 461
3386 8841 507615
2870 1005 1318648
9064 1895 7770
9610 7458 205450
8802 9240 40018
7127 117 66807
2389 1396 1486017
7181 3188 45457
1349 8413 525235
3232 1327 154480
3976 8968 727018
3985 8324 183526
7598 9661 164959
4785 6583 31923
7151 4660 1108547
9317 257 780763
8375 1286 29681
2980 8046 66532
2026 8038 2108974
6638 9594 40572
9195 8151 320206
2323 8965 47184
884 2486 627395
2364 9153 367519
4298 9343 395679
8020 9778 358595
7908 8775 298384
7303 580 212175
2806 3243 584763
2398 118 795845
8658 5858 9342
6351 6732 138058
8458 8519 345899
3132 8922 448672
1605 9445 846231
9325 6988 5649
1668 8139 397037
4617 8535 303107
6469 592 30700
1843 7520 1057378
3204 3429 300924
6885 138 1948677
481 8678 458840
5835 5163 415271
1818 8601 319127
7936 5999 760037
7703 9155 205716
8452 2267 246521
7744 9584 211
5785 5776 263897
6082 992 1090723
45 2511 1528315
7626 733 750311
4373 1188 674867
634 7001 195646
8451 966 184971
2791 858 1771585
1165 8679 157628
4364 8474 180096
6410 1977 1062182
8011 1107 87177
7504 5532 121120
7607 9674 210880
8531 8766 70993
3678 7336 28009
8385 5911 289560
2628 1733 177951
112 4708 27125
7962 314 258663
3065 5275 406173
3316 9509 52167
9815 8796 55268
8830 6123 52351
4227 6587 476198
1584 4308 414749
8386 3065 226382
7431 8876 6551
3830 6565 50237
8942 221 249485
239 5111 110813
1911 2138 588211
9782 8019 216033
4739 9820 722076
556 8845 108330
3742 2616 121221
4254 9523 247882
4583 2059 427607
5770 7102 1490534
1273 4271 175772
6937 2080 581583
6245 5927 908380
9782 9804 1138279
1338 1747 712468
9574 7344 17953
1303 5205 414012
9485 5601 7755
4207 9905 64790
9497 6697 157741
9664 994 2288142
5833 8121 1117261
6223 2165 1843111
2370 5645 183583
6717 18 35185
9583 5673 250410
1797 1960 76758
4764 4811 726316
2900 6358 92663
5301 3676 325513
5224 534 214225
6965 4837 69134
4891 2404 40720
1584 1475 108934
7032 2643 260967
154 1504 136391
164 287 65740
938 4652 12558
5428 4871 424358
5435 2558 271678
9956 7355 119731
2980 900 806625
989 6682 91688
6971 9323 366671
