111
9283 5082 1110959
2227 5297 1266415
6493 5017 3178736
2037 4866 2874297
2245 4803 530891
9390 7514 969168
5189 738 1185777
8622 262 1194718
3498 5387 689997
4127 9800 3344383
4087 4039 1169237
3494 2062 631232
6228 9152 382180
3211 1675 432009
4629 528 36758
6186 6081 1792244
6766 2185 1286410
7856 7797 197649
1624 4603 2545588
9113 4552 815289
2287 6276 1049558
876 4628 1493929
2417 5986 178164
3134 9736 63192
8392 4139 204115
1404 2390 2191831
487 2085 5026
3686 7000 1261688
646 9901 1140374
5087 2656 1188622
6909 5621 662191
8948 9214 2415067
1824 3247 366602
1992 3069 1258871
7851 6165 1328279
3809 9056 717573
2969 7358 32331
2931 213 930218
7021 1379 762247
4210 1998 1042135
7839 8403 963761
9520 2645 155904
3016 2296 1187461
2448 8600 142592
2646 1416 1665590
2040 5062 1119916
3999 1987 531052
2498 4800 218888
4431 5095 126347
5829 2120 1427385
979 7422 278478
4499 6201 1338973
6567 2376 299724
3919 3753 1287118
7137 8537 232900
2876 2352 4128187
9081 3239 2573858
22 6410 857720
6092 4838 1366686
4369 9671 386302
7216 4241 140664
5585 335 369005
2215 7194 270987
6822 6541 497
3483 5547 1686889
3619 4430 978627
6452 3431 271794
2993 7009 496920
2365 8873 753845
4817 545 532374
661 7838 2091357
6113 9851 485652
7303 7420 975196
3184 8774 2218644
1289 2894 138131
477 3857 89729
121 9152 375899
4375 8916 431129
4590 8812 1582241
7467 8711 162234
9118 1085 533930
3310 7401 507143
4285 5613 321548
5545 3439 477817
6190 6027 697729
6817 5436 633616
7348 8980 935884
8628 5797 381863
8335 516 2571023
7435 2981 607662
7147 6167 103019
4739 609 514439
4575 2023 361532
1418 7822 1011283
1964 9198 22113
2965 877 32318
7138 7536 520703
6126 892 1308008
8231 5648 247635
6726 2486 119391
8640 4643 900586
8322 3045 411096
2093 1892 990503
5174 7488 32830
2935 5733 1268527
499 7503 274043
2006 5226 1514929
9227 500 1013608
7278 9961 1961327
2703 820 742386
3135 4410 714903
