111
5187 6229 29751
2679 8438 73513
4747 4674 1535060
2064 4724 108010
3099 9436 1061084
5175 7813 199165
2851 4229 50956
6723 8658 159136
2715 7460 211385
8876 7832 96397
8649 4201 1750513
7464 5457 525922
1910 2260 207703
7192 2613 1324081
8893 2921 1185141
1551 3182 1591228
7720 3868 1234209
2019 8923 318915
999 3308 931990
7568 5718 114108
4891 9881 219319
4274 8216 26129
9619 8613 1072888
6737 60 1705018
8240 4723 512918
3349 5918 1001181
8249 985 105028
9026 7999 448800
788 9724 1248704
6579 8877 331249
8019 6785 1144857
503 3300 158326
1785 3682 500487
3309 8723 2136890
2660 3478 564866
9642 5469 1413395
7026 9035 453513
1690 9835 194855
4868 6662 123685
4749 3424 56696
5416 43 489143
2626 8579 156767
8236 2995 1513307
8528 1424 94733
3436 7749 176891
1071 1408 289201
7929 2468 2681943
9587 3177 3793338
9449 3102 1521241
1828 8068 177686
6669 9793 1300188
7384 6906 351626
9667 1188 1249467
348 8163 2692588
7394 5860 266720
4352 6708 1620665
3516 6902 3147758
5738 815 54461
50 3144 1632018
2963 1413 510014
5470 2665 357919
9730 8784 931816
8884 9041 237326
9125 5303 356251
326 7114 893008
3052 5805 2367720
3244 6041 530064
5738 6926 22308
8228 8554 266648
2461 1617 381959
2852 7593 628707
6445 2627 3738925
3907 9108 511778
9142 3988 225250
1137 6866 1761112
2080 3543 340964
5283 6460 261678
3604 4887 1448234
5807 5736 287126
7598 413 2255116
1725 480 3686933
7367 5187 3483783
1964 2405 372977
6895 7630 2280387
5981 4029 1596904
2400 5734 831879
1596 3842 236624
3879 2239 91157
6270 3493 86351
6800 5721 380156
6766 6126 306666
3708 3940 1096059
2854 1344 3366686
1211 4490 604090
8352 9490 62198
257 9416 440665
459 9631 904110
7618 4453 944651
447 1750 301824
6308 3089 1680984
9234 3433 293559
5190 5421 1090231
5189 6585 1085210
438 2333 1227766
7560 7047 1811131
9326 4055 746140
9011 3275 1639783
2237 2962 106179
3485 2603 803996
7991 4491 772953
3706 854 17233
