90
4669 2883 33831
2487 1650 3241001
7614 110 3271010
9256 2427 505328
4353 1262 289395
8643 7036 531283
6073 7899 68928
9770 3788 1606034
7171 2309 1308536
5954 1118 327846
853 7719 2451473
3068 8937 961798
4784 2281 112252
509 6539 890290
1167 3161 3543479
4216 8444 2774298
5417 8375 654318
5343 6190 285401
3382 7474 1230367
3298 5916 2706953
825 5171 1705643
8773 1662 1863917
6449 7032 682076
5350 5780 3034763
1926 9973 2549830
7323 5188 132606
479 9330 1596251
9530 4847 1062334
6724 403 262143
1928 7979 938359
3174 1841 823581
9131 6976 852830
4092 9446 220108
3733 7453 620761
1197 2858 260304
1054 1153 1157044
419 3294 720079
4653 4423 1525725
2193 5020 3829605
2438 1699 2100312
7810 1027 272703
596 3929 443792
2965 9676 3397435
9508 7694 1637040
5794 2312 1048872
7106 3231 615873
199 143 775871
3957 1484 4989172
6486 9965 511628
6675 673 321441
874 7301 125925
3256 776 2189757
897 366 1583369
4092 1130 1652668
5650 6466 140240
1214 3684 43809
462 3752 976367
6529 8428 1691350
5389 7406 77024
7862 4670 528658
2262 8286 12026
9980 4066 91430
7680 1792 241764
5515 8919 345106
7865 9324 993147
5558 6708 820079
3676 2950 491368
7064 4335 1219749
8856 5929 793888
3145 1378 1488476
7140 9105 1728415
1537 2725 1167093
4649 2031 828664
1288 7996 121381
4229 8779 594306
3957 5987 310656
3453 2061 69148
4141 6139 379282
2301 572 516348
2197 4542 53763
5318 9870 223112
2151 9980 1963501
8663 9781 937711
6205 1782 26543
6316 4663 935720
6830 4369 1063042
3805 2507 3734793
2586 845 824421
9881 5114 1949068
779 485 320914
