64
126 4962 1680981
2638 8275 507749
5327 694 720194
5936 7982 1349439
7693 3768 3699922
8570 189 3103887
9184 2509 1652531
3377 70 1951906
2106 5153 2135861
1317 9825 1736866
7349 1147 2039853
2349 5141 3876180
5249 5077 3589427
4026 2359 2363033
5074 8118 625651
5857 2135 4671869
519 416 4530652
7509 1214 3389709
7084 1460 1981226
6946 8652 594608
5389 2880 2648148
1527 3917 627281
8961 4870 346331
1635 164 57081
949 6131 99840
6888 4111 2290772
6112 5997 2704038
7787 7490 764863
9747 6448 3550751
2447 9201 171018
1762 8852 1044187
2852 794 392868
3768 2188 593276
7854 7770 635590
2791 2190 245708
2728 67 564775
3358 6043 1139741
9376 243 645057
7225 593 635759
302 9518 1825816
5659 9068 521105
2351 3825 3991
3090 9061 261930
267 2437 1179151
5356 4159 381539
4915 3540 3153130
514 3820 1213696
7578 3230 649856
4057 4798 345109
9013 2115 265654
3006 8810 454254
4303 3566 3804951
3747 3150 2656461
7337 9649 2316633
7702 5777 822288
7218 3753 2827225
3873 3517 2979938
4629 9366 1096994
4844 4560 2912617
7813 5453 277682
6727 2431 361867
1889 6724 619294
5924 9294 993165
5486 1654 2717026
