64
5910 3008 3699626
2493 6778 168270
8448 1824 347304
1603 544 4211822
48 3383 1100083
9458 6292 3491841
7009 426 5867786
9151 214 93600
5485 2327 36557
4945 6327 780928
5305 4374 995647
4748 1874 400223
9727 5473 171696
7337 6439 2150880
6082 6429 39289
7032 8363 524531
1455 7866 297936
1822 955 808104
4076 3442 956052
2378 1703 2345088
1165 9221 1395853
1890 5345 5585879
8916 5051 1560557
9821 883 4773498
1333 9251 596406
9171 472 1853463
7408 3749 1899646
991 5370 1155168
8555 7302 594562
588 8223 461489
9125 6922 670185
651 5627 592292
8899 2777 181964
5681 4224 438534
8401 7148 95226
8791 2056 1729864
6983 1393 3046
5067 845 838649
2582 7190 4791898
4609 206 140094
3703 4990 730628
558 6317 864842
5153 1895 297718
8108 4054 1378579
4452 1831 839232
5636 5601 1895983
6234 4682 3303113
10 5477 984310
3540 7681 87086
7567 1097 837309
3030 8076 7253716
7703 1084 4053905
2032 1992 786353
672 546 3064010
5048 9997 7588073
9695 3348 988841
7738 2725 1035908
4216 9321 1545757
984 6605 411790
6434 1643 147027
9104 7762 3157134
5466 1180 43305
2058 6071 226687
2946 9356 633158
