64
5995 7468 1153322
6105 6187 134684
4347 8734 1968868
8939 6818 1295800
3965 7018 567179
7235 292 281274
8504 5013 1535206
1619 3112 564645
3324 7950 1171220
9233 6914 2063915
3146 9777 494672
841 9165 1322669
7622 3825 9022863
307 6491 850724
8202 1957 1335776
5056 9478 4681869
1486 3227 44254
2707 6568 4451876
5573 9990 1635730
1077 2245 1425968
4421 9445 652846
8880 3265 1035963
2868 2854 2792053
4723 7414 2779128
5198 966 19539
1231 9002 3505929
2784 5082 6108827
3723 307 357492
4261 1087 385526
9863 9174 1102418
5483 44 6014
3208 5607 97707
5540 3499 588982
5515 1557 803693
1791 2990 4404431
387 5500 3671249
5835 9686 724017
1427 2842 5016227
9912 6054 485512
1461 5921 322417
4442 7797 1042809
9573 9036 534130
4572 6642 65621
1971 4302 2255595
8619 8497 434441
383 4424 40770
7473 2347 301496
7436 7307 4750246
4536 7935 2311697
5243 1673 1436791
7045 1729 264643
4503 9902 100125
6930 4300 1469425
2996 4167 2692501
5037 2 488048
5599 9425 2125587
2543 5500 3296629
5487 9603 285537
4342 9929 1791066
2891 5877 381488
7703 1442 269162
4111 7530 1695969
4273 7380 284913
6513 6519 818827
