64
7617 5651 823605
2898 7860 206714
5884 1726 2448052
6385 2630 400999
9749 131 1312004
8564 4108 5416381
621 6485 2663958
1757 191 1068664
4777 4774 4085423
9239 1020 1164271
4205 1182 5455087
2055 164 1025132
6306 4805 139696
1257 2830 1272366
7588 5369 800909
5452 1955 49739
9016 2455 2151038
7257 9452 230284
7484 3453 3472064
2762 5841 1401242
4120 823 542416
3116 5810 3377418
7761 310 2135767
7637 5574 1103073
2716 4436 470665
9206 2314 2958691
9264 6059 2666472
5687 3141 988721
2761 1842 731047
5651 7360 866030
2666 1083 805922
7562 2953 111811
5935 9312 2174855
3148 3499 1631414
3230 6742 1245782
557 3247 1386935
7505 7809 3474932
8389 1490 3068690
7988 1456 631822
9714 6636 118818
4401 902 688854
4538 1182 5624
5153 4052 423565
6655 2304 425727
4511 5431 180962
6158 3483 586643
2314 5084 801653
7906 5616 1879089
6362 7144 7346976
886 4061 1065947
7824 7061 3408585
7067 6815 16261
9028 4036 3597906
2899 5715 3550418
4107 6379 749863
6613 8282 1065999
7276 6239 682653
6564 8867 523266
6618 8199 2540714
1349 7371 684075
3278 8714 1256711
7419 9080 1421811
8261 7990 535224
5013 9007 482565
