64
6224 9244 184456
8293 7857 1879072
3550 6889 515752
7010 814 581865
4174 4489 1359453
1776 7724 581855
8236 2925 259948
1293 6998 1590181
3389 6010 60315
759 2501 4339397
7801 560 5783083
8132 4084 3872547
7638 5084 331351
823 9793 2010929
1246 4798 408057
4894 361 1271854
9051 5378 1177529
5060 2135 2991973
9868 7492 6985460
7139 4162 246389
9442 3447 133008
4979 9943 2604557
1625 9215 186604
8416 6906 96626
4941 4549 540273
7947 522 1139076
8403 1018 1523730
8671 2815 301001
7943 7487 2285932
6202 4628 4278856
1879 8838 812463
3168 641 2360164
1386 5612 2835417
3041 1599 262761
7442 3529 1970062
2996 2070 830918
9527 8782 3493319
8914 5606 537893
6923 5241 643646
6239 2975 1142528
8380 230 1626565
4266 1256 1171756
5257 149 1406455
6534 859 364275
1723 5593 4293723
4185 976 791758
6223 5462 2392979
4320 1096 372105
6447 820 2655386
2543 4317 3683688
8517 8316 2858784
2924 5907 2140902
6788 1900 1888138
8270 4943 299069
3884 601 115141
5491 1906 270378
5706 8753 500779
878 8638 387663
9935 9926 1805784
8610 1820 110531
5174 606 762045
8718 2531 848481
1682 325 2846494
4099 2145 1996821
