89
3131 580 2430435
4285 1146 126681
892 3478 1982783
3746 957 131841
1073 4401 335318
2277 559 598783
2194 5682 2433666
2803 4155 499889
5882 1115 710282
9902 2159 2707701
6645 6414 1098279
9502 5399 204253
2046 518 529976
7287 8242 2166927
6072 1450 118694
7313 2707 410521
2918 9212 247246
1588 6422 2079250
847 3529 2549282
1636 4235 1806344
8091 3586 1094538
6265 9253 215615
840 4042 272897
6603 7215 1302105
7081 2964 2337389
4028 2480 1152619
5347 5266 197674
3198 2242 2341913
7213 9063 2231053
6927 5190 4287212
4760 2144 544162
5218 3354 1164464
5988 6076 1775507
6206 1450 199568
997 1225 430788
5798 8630 370530
85 4933 1661090
9777 5362 1149302
4294 1903 609666
8401 5775 111451
2380 3989 258098
5060 2989 2414377
4248 7011 67916
9151 5459 1458106
4383 138 745045
2072 6997 390678
4025 8953 474273
6181 5115 257971
9208 3877 580816
7897 5027 97458
1106 4579 472397
3748 3347 3535641
3671 7887 673683
4553 5772 3946519
7203 7695 340587
6476 6850 503231
8473 8689 224974
2094 3470 166998
5840 6189 1380846
7004 6245 250411
8068 6826 124579
7640 508 67529
7581 5294 1596559
4648 3058 1298986
3001 4421 759007
839 4112 439616
5069 5904 3325056
698 790 1213020
9371 5498 1047326
2908 7407 112638
3393 1794 1355785
9678 205 208683
3126 3038 710680
5635 3059 1561615
9621 2066 201237
2320 5436 421979
9300 7899 2953217
1125 5044 4313543
8890 5409 733499
3126 7301 1287104
1558 9507 1008431
3242 191 362641
5708 7147 1341637
5402 4161 411255
3192 4680 998154
5832 3260 572519
5603 8339 777001
7626 1277 3122794
5989 789 2816191
