89
6720 1045 415280
4262 5583 1159214
5806 9475 201059
9489 100 994334
5092 6209 906939
310 9619 358737
6268 347 472175
8980 9330 2004121
269 6722 282239
3878 576 100716
9528 7287 544861
2388 8163 1782931
1980 7226 564200
9004 517 2925265
4267 5019 1146303
7093 7518 24989
174 6086 21784
6905 3197 796859
7351 3785 873
3726 8492 706689
466 9163 1135676
1812 9902 1254162
1988 7126 459103
9015 379 5053490
6797 583 242272
3645 8009 372637
750 4183 495196
1831 9206 1169664
773 1495 1262938
906 6056 2344419
8640 7361 1537268
7069 6976 367516
6501 262 3143680
8475 9563 2363354
5020 2757 1331
7088 5913 907826
5395 4127 172068
3332 5620 1652234
5743 2943 384706
3394 2938 556778
7353 7583 1197559
3674 5026 75482
2047 8758 1626239
3602 8502 981652
6249 8573 608188
2430 7780 1262329
6176 1563 6381419
1700 7261 902977
8616 4868 490434
1032 9553 1037534
6525 2458 440242
9573 7176 3011275
9906 7737 954162
6365 4986 2915256
8281 6605 667254
3826 1818 2054254
96 5210 3348500
3364 6622 386020
4820 8743 850662
8090 7187 39966
8346 2577 903641
3744 2521 16580
4000 9394 715656
8814 5774 629238
5449 2131 465091
2187 7253 1430379
8146 2672 749002
4076 2456 36893
2359 9075 128746
7906 2652 137095
3951 259 1175837
6933 7677 458978
1799 2687 1425190
5577 4659 921813
7714 7425 709809
1849 1002 2882
8109 8784 3332794
7527 5092 660277
1484 2626 234487
6108 6227 461697
4049 3524 3261837
7537 7962 2000485
2085 206 85320
2106 2822 848635
9052 6926 237616
1792 8508 5449679
7523 2016 2350310
7458 5299 231555
6580 1090 1421188
