132
7839 5224 282535
3889 7056 457893
7182 6141 971528
1102 2152 514339
8435 2662 782213
2233 6871 3352014
3812 1835 365033
7335 7009 521599
8669 9113 851233
3338 9757 34805
8293 6980 1669602
2817 5658 1054001
9312 1239 1124345
180 339 5143612
4411 8850 387561
1195 7593 753295
7436 2860 749384
9413 7983 1031097
6019 3128 168361
8328 4662 508239
5296 3949 656975
3633 1267 2285753
1512 2485 518029
9209 4675 41665
3508 6650 124425
1527 4213 314800
8504 3365 407278
6175 7011 944890
8009 3572 127257
1698 7658 2579236
2795 2839 575419
5631 4710 238165
3407 9068 103206
5726 4543 966768
468 8943 114800
5665 9943 162701
6217 1522 775306
5304 5283 134454
6002 9741 827550
3748 551 108050
8865 3965 393467
9460 4744 1019417
5482 698 773659
1904 7227 625873
1044 1517 90205
3541 9688 2217347
3570 6395 4963971
2586 4384 96507
9202 4261 356936
8525 4025 134275
3128 3296 47863
5845 6630 209811
1057 2210 444728
6192 4259 778319
2180 150 660717
5544 554 383288
4427 3830 1459341
8839 2021 553409
4236 3005 85719
3963 2304 136682
3132 8785 191708
1921 6826 1798674
3340 2582 94935
3882 4605 458139
2250 4132 219760
6143 2038 16038
2841 148 135180
8458 9177 530983
2558 4521 1060935
393 1494 1210214
180 1940 205170
7371 5783 883216
945 6954 1378004
8573 5914 2227
923 3698 323133
2163 3646 965045
7719 5267 63102
9049 3604 762059
4102 6580 452035
9941 9187 1000107
5450 8315 2817046
9090 4796 517818
4148 607 508777
9179 9896 280542
4649 6383 523796
3723 8894 2631692
7744 9353 248379
4088 749 110136
1142 4278 1009764
5780 737 1206300
394 9120 27685
7326 6461 132681
6003 8389 1305168
8138 6326 708592
8790 8136 1142802
4278 5153 742239
2853 541 29257
6756 9042 172841
4849 9912 5781
8899 7720 43541
8736 6437 1655888
7003 4000 995223
4088 4163 1768179
3520 4146 1126772
454 5235 430879
7814 420 1669521
354 2629 1389157
3258 2707 1892261
6780 2944 199029
2317 9365 1263638
7831 6615 411013
7201 8507 817898
8048 1219 1750949
3023 3496 323370
5786 9443 973561
2101 2038 163728
8001 368 217112
7718 163 917643
5688 397 63545
3730 6866 195362
3950 4539 147138
3958 4452 548420
3721 3492 691733
2017 8409 289402
4433 2013 909035
7001 5058 1139085
355 9331 1982969
603 3886 326727
7800 793 197902
697 8676 197468
2939 4374 362447
5970 9169 906495
