132
7438 7871 330003
4778 3820 631414
6875 3726 446079
6275 1048 389620
8698 4754 1197807
9541 2260 726820
3815 478 1548098
543 1115 16478
7775 1151 2411874
7798 8155 156110
6826 9653 204896
9626 8985 1073271
3837 2671 2863281
7580 2444 770551
8447 119 460647
5690 7799 575069
7529 4782 213379
9427 674 137922
8262 1317 395889
7050 9287 391302
6938 6001 1251610
3667 4147 835475
2083 3113 1679390
9052 5501 112514
7269 4276 1269629
4329 8056 9681
7352 7547 189995
9354 1501 233344
7492 8853 22672
3969 6586 1392655
8152 1199 1201698
9660 6502 1668995
7447 3734 182776
2834 9461 326929
9347 7578 231180
29 4007 1799180
4118 4595 960990
702 6838 1036809
9891 5091 10891
5194 9123 901336
3292 9004 561899
1162 8274 902095
1267 2066 1831051
672 1801 760212
9864 7381 311454
1538 6022 795020
2641 5030 419233
8485 7878 100712
2436 445 882988
1481 1749 1749001
9837 4411 1349285
2644 3679 408959
5048 300 685866
6336 3806 1102633
9759 5060 747626
784 5657 456818
4764 1334 534845
8507 2759 59109
7166 1765 82379
3771 9498 1192817
5520 5650 736555
1503 9236 193271
2713 435 2517633
8916 5606 1089078
4466 7174 361339
452 953 584613
8999 1857 9306
5800 6113 769334
2594 9515 1111576
2037 5883 41198
4258 4603 3293162
4798 2431 114039
9383 6705 44341
405 1116 733315
4465 6077 283503
5165 556 1065045
5395 1261 245869
5249 925 2550434
9131 3901 251446
870 8882 1817822
2855 9636 459976
3001 259 2054800
8031 7945 226296
1089 2704 337911
358 1948 175738
3632 9046 1058119
1275 4794 1937730
292 2323 150878
1861 2828 1268925
578 2646 22257
9355 6584 258089
3933 975 1610081
788 4674 601479
1544 6968 118751
3272 905 49358
509 2633 69668
9810 9105 1001413
8698 4962 245540
2997 6474 1336
5307 5312 872880
1926 92 66158
5192 6185 231730
5190 5618 609670
488 6119 2725228
2458 219 667668
4411 3480 516351
9099 4152 204601
8888 1826 209030
2692 1505 511057
2735 961 119601
5873 5104 824999
2564 2963 323682
8162 2304 1355065
1761 8509 174811
5371 8868 897074
2519 1152 321838
1484 3813 1063980
2975 2023 22353
7716 8580 1232976
1669 3188 656112
8109 9947 62463
6761 4859 2068506
7751 7531 661153
5604 3177 755848
8260 1864 1450626
9256 3146 183449
6904 5354 936224
3733 1593 1069301
4473 3803 2959080
9500 8445 1243635
6478 5890 73423
5825 7885 275943
