124
8968 6199 2635768
7820 4688 353486
8066 3594 276194
4132 9852 405335
1746 6355 596898
8722 2000 1888117
7172 5590 1677707
2558 9659 949838
1774 3882 2609132
191 4320 780828
6300 6822 2275061
7052 4514 514911
8842 7379 364420
7093 4456 120477
4686 2509 159036
3282 7277 378726
7357 1197 642956
2815 5090 3493654
387 3840 466192
9154 1241 311399
9174 3966 179230
1260 6016 386394
851 488 310552
627 7908 79202
1030 1421 959189
5094 1074 320064
2475 4445 621926
9790 9406 353116
3482 8180 1046938
8981 8692 552394
5351 6486 1228244
5100 3149 167833
9204 6222 429968
145 1497 1507145
3419 368 119847
4444 8497 191099
1364 5203 247141
7165 233 249072
2022 9338 2001781
5484 6742 333935
1100 3958 208180
7769 503 1035269
3839 1770 820406
5939 1193 444395
2086 1899 1846241
4311 8964 339227
2927 3832 904744
6771 972 184019
5339 1312 758387
1900 8654 51102
5134 8824 102591
826 5930 645126
1723 9050 82780
1373 3461 1400120
5668 6845 865269
7423 8594 613436
1071 3435 814853
6571 8523 124954
4608 2506 151745
3530 400 236645
9036 4993 1767044
179 5336 758977
9095 6064 2326475
4126 7106 1824895
3137 2463 606617
2704 3080 1677387
161 623 104554
6112 3200 1026433
9594 3225 172028
4808 1618 239789
7420 5453 2561486
7843 1197 83647
8089 1181 81565
911 8868 86618
8549 1661 272572
7692 9130 92181
5404 4796 1541891
6532 3155 60134
1425 8645 549812
4098 1501 493077
2749 7932 165196
251 1486 264926
6380 1823 523744
5830 7920 832855
3982 5291 6375015
9134 4149 655762
9847 7271 46095
4602 3000 381704
6388 9333 306847
8132 5721 257795
6053 841 701577
8924 4438 972654
66 6331 524328
8716 4824 1173760
8023 9234 1052077
8961 8378 213728
4012 4930 24273
5211 3383 1010186
4248 3439 951377
2238 2503 189254
3565 9416 3085634
7287 6999 878477
8517 3806 453443
4837 3382 2471848
4250 797 522251
904 6997 946199
3778 2267 858985
5288 6702 444709
7843 7094 812422
4813 1628 329583
3901 3503 1164397
5284 4550 1480739
8038 5239 3681127
3061 4501 493956
6847 5582 833517
6270 1350 103863
2914 6631 2228856
5146 6272 804488
6348 2430 149737
7914 8600 513993
5623 8072 73411
8910 5648 184033
5475 9237 234327
3296 261 484976
