124
3990 7309 768231
1592 2979 602130
1221 1410 1797256
7540 8278 812150
3952 4073 583061
7545 4876 57695
1387 2489 888272
5121 2071 588574
1384 9022 3215962
1725 9574 329540
8930 2046 393978
6009 3789 883540
8970 5242 870026
5133 1138 267381
9438 8578 277055
7153 9158 2898418
6889 8696 1265634
6531 5964 124325
1716 9850 1424298
1795 8485 158404
3734 3819 108624
3029 5314 852679
885 7118 968483
3618 7408 1557732
2475 1318 86688
5142 1763 1042669
587 2774 3780827
6217 9564 722592
8388 5148 117638
8197 1811 296712
9322 1364 1560135
436 7141 1020531
8274 6406 113378
1038 9781 1468204
2022 8829 381045
5410 40 287920
1991 9906 82132
3612 6837 660214
2190 2951 786799
9294 581 254794
3764 6182 82022
9180 1178 614797
4581 8208 345697
1393 6463 769646
6348 6258 98942
9043 4829 560846
1221 7855 1419031
3952 2814 285444
364 4860 151309
3619 7534 1458954
174 6110 259854
8186 413 2481838
2891 2163 2079909
6197 8404 1171819
3906 177 744372
2181 987 26640
4898 1081 1082060
1025 2674 2848079
7411 6707 561177
6082 7766 316897
8084 9348 758810
525 9661 132766
4935 30 1261413
9014 7223 662342
5286 3064 38261
9280 3638 1078834
6204 6057 1205488
7829 6600 500958
5146 3808 121140
8719 611 819502
9999 6467 1485592
3771 3148 1136255
6624 9442 255195
7057 4395 1820827
1678 9116 725329
4095 133 723691
1481 5189 270962
8639 3827 187995
5269 4429 150075
4374 6825 111847
7303 6006 703199
9107 2716 1714317
9138 7914 907075
4522 311 138660
8519 5149 604345
4591 2250 62633
9463 237 1071133
3691 1459 1213578
5027 8322 208676
9666 9680 636512
3022 2796 25689
3683 4835 898330
736 418 367468
6903 2607 4001713
115 4548 233788
8405 7634 461524
8363 633 2156806
4288 428 356448
5246 9776 944528
7883 2306 266062
7308 7193 80456
9373 3770 435908
5845 8053 315891
9986 3698 301304
953 5988 2802933
9602 4517 10533
6888 1533 600343
2801 4295 632860
7694 2860 1164516
4806 4192 3945
366 3578 641685
1701 2627 313351
1921 1917 1376868
5957 891 314612
9419 1044 252779
8624 7147 3348755
2301 7795 31647
3241 1058 816805
2416 760 1306288
1168 3621 701234
4218 939 72438
1404 1563 782313
3999 4838 1010695
6217 4927 547016
