67
9181 3482 475256
9964 7671 1605190
6232 9545 1914986
8814 8447 1582816
1926 771 2699963
3894 3058 5166790
7946 4423 2747263
2465 5868 2117371
4407 5508 3534032
3082 9193 1610734
6294 8437 1200794
3979 1168 1628060
5961 2398 101224
9729 3352 4034899
3308 3306 1837525
3864 4285 2593765
3413 373 2132207
6468 3405 57065
2958 683 952043
2386 5885 1034934
8888 1911 179806
4991 1519 445522
4985 7338 671294
5838 3348 1221639
5024 9112 501531
1823 7135 53577
1364 3661 693492
8528 8956 2226345
909 9957 5299346
1532 6356 619944
9528 4881 2650302
751 8239 532946
231 5320 82006
8420 5453 867722
7183 1953 522841
8685 3208 536670
4945 5552 510385
7955 2176 461571
9524 5110 155178
4314 8795 103604
8959 3253 588543
1959 140 1328864
5469 4466 875282
9777 1200 2840375
3099 6468 2919581
7282 5938 1197651
1113 5912 710847
9384 4786 504622
1969 4368 343633
7760 6836 520582
4657 2654 812614
8272 4493 2521597
4680 4149 4233805
624 915 1603762
144 373 1326539
2843 2719 1798340
6212 9108 732177
7493 7209 325385
7909 5317 3181584
151 6711 1372900
6070 7626 660519
7096 3975 2340062
1785 2999 5905330
7457 6402 1837912
8577 7240 773567
5739 6664 826718
3265 292 554571
