67
3989 5733 121526
9517 7669 1380586
923 2773 93003
9228 1876 523498
9175 536 1822607
8023 5609 638452
2019 18 21349
2940 1985 711451
256 743 2314051
2424 1830 899272
7797 4277 600876
9319 3518 79817
5235 6014 2148149
6622 1433 2437370
3264 6188 1436296
7257 8439 1463673
4625 1320 1067119
9481 3936 471306
6477 7579 542792
8531 5067 343779
4330 9826 1178100
5592 4016 1380492
3874 8477 498335
6635 4581 6204758
1493 2782 255360
8681 6180 4811300
6627 1500 610119
7343 9186 1627537
7586 5341 648797
4729 712 2035716
2198 7149 601270
2694 5259 309653
6112 7643 1694053
431 8154 3064324
4290 35 3265414
8409 690 744636
5365 3795 423578
8202 550 414049
6828 2184 3349579
8086 4677 3995322
4386 8350 2262170
5121 1193 3200877
2177 5396 634584
3596 2127 1350481
9949 4281 641731
4404 6416 1583999
3950 7104 2035334
8320 7915 245559
4550 7020 109293
7238 528 30420
9117 7210 4663490
5564 7214 986908
341 8920 5575020
9534 2011 797993
1254 5570 549050
8679 5884 383562
2545 1547 1396608
8477 8455 2070779
847 5224 1281968
5738 1374 3657491
1744 6092 992320
8518 6366 1152970
46 7699 1584554
755 2180 338371
1470 5274 2083320
9545 2836 683353
1563 9835 3478431
