67
3882 3284 674667
2446 6694 1101230
3368 7064 1501388
8114 9258 695623
618 3672 3379615
6653 5546 2609056
5863 374 2799898
4431 8875 10683
3851 3888 1250661
3964 1679 2788262
8119 793 635051
9214 8374 221630
812 5329 5618312
940 9403 2553373
5614 2367 85238
6915 3668 1658528
3902 5825 3507941
4881 3314 1717649
6946 9545 376394
6790 9020 1338140
6820 3440 3805075
683 1356 2545320
7404 5333 162495
8644 3441 3518178
6453 6108 130209
319 9164 1146640
7847 814 2298160
8487 9493 3552409
5579 5851 1580667
4364 453 1672506
3381 3212 1517745
6125 3281 2074961
2814 2665 92232
9929 2419 277129
7734 6308 418093
8430 9081 457390
9479 407 577708
3351 8778 210780
4567 6079 2050158
5154 9000 283384
3614 4524 1292996
4356 4328 1032790
1395 1940 576964
3050 5445 2008922
5978 8350 2496295
2401 6611 1527716
6133 14 11608
6494 3768 356524
8612 6660 2266417
3767 2819 2402757
1687 3281 2365237
8865 18 3506119
4272 6973 559835
9787 3951 786341
585 538 509045
4574 1816 1430188
274 219 2244121
7183 5408 1866863
7950 6120 344576
5431 538 893068
8127 1247 414271
3406 7919 2481700
4315 6752 1971133
1087 9530 619597
5222 3581 862979
6725 5013 1496942
7169 3116 780418
