67
3558 5082 1537138
4493 2517 521718
9882 8338 2324419
2893 6255 1395291
213 2312 997442
1609 2774 3323613
9372 5107 460930
711 7277 870527
7962 5537 509119
1661 2995 3143641
2837 4761 980149
5533 7949 1051195
9014 4430 3408331
662 5156 1407186
4546 9945 977693
5096 3851 1365472
8972 7336 348529
2150 7557 381906
4887 338 341844
806 6252 1624956
7182 6756 184909
3829 4346 4369533
8727 4490 2427188
9672 8475 1176175
6985 3588 537751
8217 4637 809855
9433 9254 3767266
78 3781 808757
5395 2131 875016
7260 2850 767423
8554 5876 3194078
50 9912 1096750
4404 9542 211399
2975 2408 263725
981 4772 1364183
6557 1794 57760
9901 9974 508060
7936 6609 1193166
3727 9516 3787448
841 5878 584368
4314 5050 399814
2618 9519 566678
6765 7747 6945499
7236 5856 4937622
4454 8848 4232469
5647 6949 332886
8396 1694 3317204
1920 2083 55193
845 6980 473712
9615 7131 1380122
7228 3337 500828
8410 1143 2130621
5962 7908 579552
6962 4237 1388890
8371 2580 4350067
527 1589 95176
8850 5308 37789
1811 4228 2051523
1635 8859 896338
2295 9199 299155
4800 4294 2888024
8636 8416 3166200
3408 1053 719849
2343 3561 87136
8819 6867 1273682
6272 358 1792457
345 762 145605
