67
8036 5463 348868
5388 8707 632996
9826 6264 2368420
288 6956 552939
5171 8848 163466
763 8667 1190342
1390 6264 458788
5949 7801 420133
3714 400 312533
1551 7929 160033
3246 2824 1507259
7217 9083 4681675
3527 5015 121387
8386 8886 1029854
4882 990 282834
1201 3087 288036
874 345 358847
7957 7651 1085833
8605 9248 1379585
2749 4216 4490374
4895 8674 52254
1916 8307 805216
9392 2855 1303690
8691 3101 484140
9246 7412 398008
173 2362 45025
1685 8726 1649431
9295 3668 1533008
9741 5825 963562
5621 3882 1512928
6055 4598 950351
9172 9646 3350802
6395 3948 1789452
7789 3937 873916
8928 1647 2402523
3639 3279 1941945
4706 2116 1072953
4038 8131 2739599
5787 1817 3621434
9181 5187 1394846
4465 3205 3172270
92 4506 909839
8892 7692 3391903
3166 762 672778
8076 552 3394635
6922 7915 169241
5136 3813 657210
9967 6481 247055
1712 1488 26865
3700 5573 2468260
4198 2383 903298
357 5569 8331823
6190 5449 521009
3594 4261 99461
9422 2294 223813
1106 7456 5884277
1601 7152 1141043
3100 4966 160788
603 5991 1839913
5564 1229 2475061
155 6992 336983
1302 3519 1307141
1404 6320 1901321
4289 5724 2437093
1511 2247 2592874
5454 1830 3408379
4299 5645 606382
