243
6134 8527 1169640
8111 7937 437073
4467 4351 655680
7648 1868 1436651
2813 1016 24501
4670 6989 326519
903 9091 551651
4463 2444 35936
3661 1406 247678
3422 8764 1009902
8090 318 152364
4102 3257 414028
2729 2260 988727
3652 6500 142005
2050 9957 421189
9856 2477 591297
7312 6983 100180
4256 6476 123694
7786 4926 691366
435 2950 102127
9558 1763 741334
8826 4098 464121
1148 8423 364843
4415 8349 170860
2682 4624 769593
1711 5234 43846
5956 9369 10724
3204 3557 214824
5605 372 114030
9507 3931 268857
3297 8170 564265
2844 1706 268657
869 9154 980710
2484 2773 41574
1923 3502 853914
6014 4603 1088049
6826 9858 115603
1108 8827 377081
61 1772 366279
2550 8787 830862
9475 8367 478124
8980 436 718747
9954 1969 269167
4376 3366 547829
8132 3900 294250
5393 8247 67754
7254 4268 86225
2366 3804 141317
997 2517 204450
2355 1318 349780
2116 515 530011
3263 3876 304503
635 5236 154047
4145 2123 1264993
2099 5290 824470
8484 3701 564731
3179 4476 125119
5679 6329 801995
3721 2387 275288
6983 8062 756290
586 6539 156227
1455 685 233097
1081 9283 211272
7275 1752 2484
8338 5951 1272519
1920 6341 76467
3784 3270 599850
8569 4293 161805
911 4460 2927191
6718 4832 16507
4568 6248 105754
3933 595 363831
9345 3918 148983
2758 7715 63508
1731 1049 336457
9343 79 527355
421 6028 402676
7839 1997 269657
7895 600 24389
8272 5492 111708
1290 6069 929252
736 6524 267946
7168 1356 997702
2751 4755 264959
593 5091 590129
3535 923 15198
6304 1776 182021
9268 7163 608604
2058 258 106144
2482 1051 117022
9316 8612 626279
944 7974 552895
1464 9776 79939
6361 8067 463881
2034 7622 391582
6508 3819 726226
3913 5933 1008998
1138 4877 69670
7556 2992 12861
6521 9465 211526
4748 1265 405763
9762 2584 18705
9546 4973 57534
5498 662 692807
5480 2928 89578
2567 2381 425056
2820 7987 268742
6239 3842 38629
2645 3511 214494
511 4958 204281
8091 1458 16165
9658 5804 939836
2469 3001 34866
679 8755 1187277
7092 5937 192053
9158 8123 263764
4233 6706 701526
9385 7622 191037
435 6608 570401
3341 7446 279203
7454 2636 76432
216 2246 56807
3838 9003 320946
3667 8503 345994
9477 4394 886108
9177 1654 191746
7432 5231 135803
3972 2441 1261324
4018 6291 598773
3170 4889 7788
7212 6430 507491
6148 8726 595665
4202 8678 47596
2964 2160 418610
7189 8152 21975
7674 2034 167071
6146 3691 608298
2946 2530 41532
5279 1492 1055573
3257 6392 11176
5787 4602 850873
8822 6545 64347
948 7726 664282
350 9269 812152
3759 9391 292589
4161 3434 463324
3119 6343 170490
8488 2468 252440
8084 2315 129048
5521 2972 29348
7393 5972 417370
7379 502 56114
531 8893 2730746
141 7650 113056
6180 1036 697939
3194 3315 1507447
797 5702 1001936
836 3385 61505
8057 2295 179678
6187 9643 243915
3271 8088 587137
3576 5303 179919
8531 8850 1775355
8352 8445 590308
5417 4835 107356
2430 7434 56424
745 167 177237
5761 6750 91473
4333 4691 71422
6116 4073 22589
434 4388 722962
1046 8441 625692
8883 200 159746
698 8908 432772
8898 3313 133005
4161 4859 99938
5472 6303 126994
9499 4966 8122
3352 42 474571
1115 4707 318893
8752 8830 857243
4210 3335 121783
7296 4868 515826
2461 4277 302752
3171 156 176944
2141 8767 574034
923 8664 273386
5130 2103 665139
5039 9832 90993
530 4690 269604
4961 1009 132570
2173 5837 100543
1460 430 96783
2726 9414 319580
5563 6399 149598
503 9707 1104927
4945 517 77212
2227 2878 467249
7566 8762 643482
3208 380 933135
5440 995 225410
5608 3622 894144
8713 1198 620675
2157 6900 216662
4630 3597 234115
8612 4637 161750
5648 5007 134832
8037 8126 1075407
5214 3818 194194
2368 3565 569103
9532 5780 294986
3775 7824 86421
4427 4532 369168
5611 799 106772
2488 2438 49182
34 1437 808029
2398 192 522521
1543 2858 604498
4847 5872 461071
4009 7336 824008
2165 1724 72648
7304 6617 282334
1197 8641 314662
1607 4970 97129
2050 9919 218836
1796 281 477026
8699 1799 578921
3081 5286 378954
5614 8040 358507
7802 6602 990257
1278 5229 136186
1151 3494 278313
1102 8264 761163
5489 6490 213045
6279 9210 190821
8178 3931 883757
7273 2393 273098
5407 9541 320113
6736 9797 45863
7515 6122 605852
9004 2089 167940
775 7873 774806
748 542 339204
