243
3904 2786 69561
9301 1556 225633
5941 5496 270291
9895 3365 159880
6835 5935 1293321
6101 6129 1489900
3992 9369 1125414
8000 8218 693445
4082 7881 545797
9362 9177 224933
9604 6419 64213
8991 8310 268498
7815 5166 663684
9973 2183 93378
9015 4481 882833
2768 6306 28500
3029 4688 324664
5512 1065 1254938
2588 4979 113677
6671 4584 658711
7991 5246 427558
5529 5319 1213006
6512 3429 926895
91 6579 585064
8037 6196 69127
3262 4790 129217
545 1566 70206
104 140 273245
9337 1508 87016
7548 4251 132464
9028 1548 368471
1408 5782 218206
4671 6970 61099
9850 3499 17182
9825 2851 4190
4335 9148 154536
7095 1063 349428
6221 3575 60912
9114 1807 667967
9282 4749 441889
1296 8366 123833
3887 3072 92171
9702 1222 8878
3746 2218 582728
3898 289 203920
8621 2027 50443
9987 259 166187
7931 2074 154140
1978 2751 186754
2806 6149 250526
7388 9784 254901
5740 6910 770694
3533 373 492972
2656 4673 5606
9918 3343 67520
4471 9157 33485
1782 6651 2309427
513 6730 55809
7415 1495 359793
845 8446 143095
6112 1443 320940
2884 2036 79348
5386 7930 244635
6527 343 36334
6623 1831 235770
7851 2696 536032
169 7571 3404
3410 6307 346872
7320 5789 829224
8191 9954 101482
6838 4970 505050
5491 1581 94268
7483 7274 49902
2855 1644 10469
7725 5666 86749
1444 1059 222876
727 1462 500641
5252 9647 313720
1857 6830 93072
8628 8146 144836
1075 3397 11724
2408 6009 1020731
7215 4423 601091
9456 4876 206620
9573 9883 718014
8396 8653 470517
8680 7868 390699
8829 1520 7965
4642 1365 470497
7583 7419 205206
7532 8192 391971
2961 2812 91119
7303 6250 540895
7039 1416 159050
873 4792 55208
9044 3183 112418
998 7960 374222
8613 4123 192867
2389 5541 739501
6860 1305 514158
7277 7751 144716
6126 877 121097
7675 4385 110460
8460 5559 3157
2940 9148 424121
1861 9512 56121
7663 497 1760897
9298 6829 81238
6853 3805 36639
7051 1195 571438
91 1318 925500
953 2835 411492
5498 4153 488143
1056 2324 854495
5576 992 95120
4306 9039 277657
2629 7823 99314
6359 2787 2906248
9877 703 524259
3982 5816 595211
2893 8068 469387
2751 6242 39757
6345 2001 566888
783 8347 49319
2435 6991 89880
2851 7459 222854
8983 1693 79067
4234 9592 225251
1225 6191 277498
2537 7375 540469
8436 5016 298404
5323 8260 237015
883 2199 3053244
6132 5523 871192
5979 2688 377256
9564 5531 78233
6291 5923 133600
7377 9402 104921
7387 4364 129497
5937 7862 1574238
2244 9264 368667
7536 2597 822962
6155 1488 13592
7848 1465 63373
2935 6775 486866
1038 4920 1055887
3449 4346 579863
4368 5066 445171
6761 3141 1212
8474 2508 2094214
9027 1333 210597
4540 3288 595516
8019 5571 624685
1660 3099 335767
5692 5526 352835
9395 1718 106781
1745 7402 1354580
4814 1816 224271
1801 7300 235684
7885 1613 152808
7849 2845 30727
5602 5857 62358
3352 4660 376629
8416 469 538416
7111 2163 243864
2830 9265 557579
7468 3595 436885
2294 6726 486369
2504 3437 18766
7255 1073 244404
3112 9022 517476
8553 8674 1123305
8792 8272 1374452
5666 8005 207846
9959 9597 454048
7693 7568 1614
7352 1448 797221
6843 700 715645
1631 4772 103668
2512 3077 438206
480 5922 1119088
8362 9423 31285
8194 3131 107051
868 6538 245301
6880 8919 1190907
1094 9518 28964
4691 4340 541919
315 7322 1509536
2790 9294 283342
8524 9199 54925
4378 530 343705
9261 1527 477911
1304 7219 442575
6997 4062 243502
686 6593 1160907
8884 867 103566
1834 9666 609831
9223 3796 187055
2820 765 352222
5366 7641 325697
2504 8676 377229
2488 5697 546572
7936 4 155904
6929 1183 204289
1861 2886 1400637
3499 3168 379839
4546 3201 35004
5238 8716 772184
9068 5295 702029
3134 6452 660841
2398 7894 197950
2477 3957 171939
4850 6046 193870
6665 169 85783
5729 8390 381835
6329 2864 339454
2021 6699 737025
9261 2807 345574
5870 6097 1103589
3480 386 272835
1937 4348 61609
8774 7748 68866
2542 7445 147240
7710 9243 1428042
5952 6200 251665
2463 8462 193359
1273 2668 63891
5715 1695 6959
2122 3309 170477
6975 2180 76351
5782 4624 200717
3341 7969 227005
8652 7269 467831
3175 2532 663240
6334 510 1202270
92 1187 574885
2228 2097 277819
818 1306 159148
3580 984 184759
9079 3989 192018
2838 2958 36448
8609 9235 180750
4669 1263 928950
