243
5204 3002 500660
641 743 515849
9842 5541 168415
1521 3959 443914
2635 1574 769076
7722 8458 125364
6469 9068 51764
7750 807 488945
52 3767 365113
6692 9607 82656
8913 5193 188498
5174 4203 374922
2532 3167 103424
2787 695 280554
1505 9115 90674
9668 1683 550107
5390 5975 436895
4051 2869 261841
2887 772 227270
5737 3222 356093
170 7456 86831
9051 8100 1822485
2455 3226 585372
3872 2473 558305
2864 6446 455257
2133 5472 43510
4691 778 57796
8610 8140 1400639
8846 6134 400
3152 8413 1079910
433 2400 120563
9884 6756 1182872
4592 3775 556902
8967 2073 164298
5568 7472 327855
9073 6389 146193
7779 3682 1267382
2314 9700 617511
4660 6968 62069
137 6739 542555
9830 2174 703029
207 8319 461557
5289 9355 306671
9783 4316 66356
915 8868 1829
493 5538 521802
6944 6950 967100
1272 1713 809799
8125 3554 60123
1378 1026 696890
7956 4305 31412
3262 3288 345040
5795 1892 906159
6063 6656 210236
8917 8115 31637
5684 5915 286938
5231 1134 608097
2597 2195 529678
886 8856 725451
5151 418 716769
6007 8472 246718
7793 2319 345704
1870 5179 59344
5216 6685 62798
6189 9141 552745
9822 3308 393901
8319 4911 466971
6667 2346 499826
6781 6453 69300
1081 1160 348172
500 8177 1137771
1853 1784 718966
93 8451 525161
8872 9467 366220
7128 9105 1004591
537 1556 599167
2033 7327 83405
5190 2923 338630
303 2981 1074720
3134 4207 740210
8606 3349 164949
3030 6850 524281
5504 2275 83823
2395 197 101046
269 6726 63165
9752 1727 498971
5924 8234 457786
6720 3485 205962
7973 1988 38322
1071 1089 72716
3592 5812 402478
2083 5489 7704
7896 4656 652702
5256 5213 605252
1439 8400 426708
6789 3095 629656
7579 2769 230398
3272 6748 429602
5263 3612 149133
9294 7963 135626
3644 4316 332669
4056 8503 115976
1709 2115 579637
160 3161 1681770
2906 7102 4094
3168 385 27978
2908 5539 242852
6595 7126 229648
1839 8911 183596
6557 1458 10180
9986 3231 134248
2762 1900 64129
4091 960 872702
6163 3497 272913
2943 288 444890
3968 1878 328799
4666 8668 399361
6687 9186 288476
9787 9592 185543
282 1659 457811
5831 9761 67026
8328 1461 324376
9534 4695 863308
2762 9128 1391102
391 3987 232840
6531 7590 24500
527 3392 48318
8997 2650 196686
5933 9125 21560
6565 2497 2222807
9946 1317 29244
9374 41 6018
5259 897 286139
9334 2394 249532
8023 4529 149810
7405 6191 457592
7895 3666 44893
3869 1551 953642
9604 9436 1103442
9386 6182 13052
6734 4971 6397
4727 6068 722014
7636 6300 134488
9800 5561 391764
877 4236 1138683
1431 8636 498373
9545 7902 21391
8484 1394 26991
7791 8211 1590804
5757 6737 425206
6843 4482 463914
3870 729 244869
6745 103 34668
4822 2646 232262
278 635 857333
9121 8804 4795
6761 203 441247
7484 4569 571951
9908 9758 652555
1936 7745 457008
4101 930 13902
681 4680 623748
945 6357 516413
5144 6516 75451
4961 8743 287246
837 953 268148
6374 9792 105828
2257 6356 179057
1723 4578 443429
3371 4556 237909
4381 8482 367701
3240 6193 1832398
6981 2405 847225
9009 1025 132236
9969 8984 65179
4082 5578 1009246
7791 6800 599858
4364 5097 643857
4703 5055 122462
2408 7825 448546
6787 7729 3128
8282 9226 68333
2663 4517 10861
4839 226 221366
8056 5933 116407
9343 9200 710342
2718 5532 211997
3077 8094 87917
7631 7731 969396
7199 4124 357191
256 2422 346478
4702 8146 13041
8588 4561 359083
5992 6374 108157
9829 5684 115893
3841 9880 1158031
4538 8474 475460
1926 3036 504164
9719 9462 134640
4981 5616 313673
535 2521 339118
850 8191 1160736
3604 5206 1019680
5994 8908 33829
3187 366 739543
7034 802 124860
356 1024 181435
979 1801 24175
5699 1138 140187
7108 1141 789475
8132 8698 793855
2806 4086 45505
5258 8634 308436
4172 8999 94248
6954 6439 189314
4040 4287 40032
8199 4800 59326
4118 348 450253
4485 9376 256275
9038 981 192832
3275 4970 457007
4937 3372 220116
4613 7164 199629
7095 9383 36843
3496 9970 145639
7435 1655 1410765
941 8613 884778
3573 8063 2229103
2488 4659 535057
46 3151 437310
3762 5982 360518
8786 3152 450118
3205 1249 123375
5277 3184 248500
8048 8646 54349
8591 5310 16641
3964 7315 338335
822 3207 137595
5764 7598 598046
9808 8707 656188
4609 5900 211061
2329 4970 1333563
415 6730 405169
