240
8148 2432 180089
5052 3121 167290
2661 1610 342419
6961 40 168885
4036 1579 66425
6614 1277 247861
1464 1948 147451
8814 9446 519512
87 3662 79261
640 3340 1554337
7752 4835 165935
6233 8832 926355
6017 9810 893422
8086 4758 106778
9208 7955 874879
9584 7748 22432
1823 8380 940755
1075 445 137892
3920 944 166258
8697 6272 261701
8378 7369 241068
5090 5545 128020
7639 5876 356886
8963 6091 983546
9804 7788 211209
48 2757 710655
4759 6088 393781
7701 458 782473
6176 9633 36497
4340 3577 80544
2443 1300 264487
7039 5177 94362
1022 9414 941995
4241 8626 82424
5641 2102 65638
5873 5248 854730
8316 5662 279870
4150 6977 990973
656 611 159856
5795 4138 1297585
2149 6804 114997
7013 8017 366763
9091 5311 57774
2189 3885 565945
7490 6260 127238
6204 4865 161570
5752 8139 373590
7405 2084 91178
6154 8118 892497
2844 5378 103534
2798 5123 357552
2694 3734 1161822
8640 8107 2086
8958 5625 369555
6499 3143 333950
4165 2835 618632
6508 4852 185884
9637 1905 67319
8694 2334 60673
3721 5899 84252
9288 3590 414626
1728 5112 180604
9542 3750 513919
7032 5285 61026
5968 5923 508740
7590 2827 560098
7087 5883 2080505
7852 9435 517021
4102 5569 209204
4386 5470 33858
9836 9705 208355
8466 3181 57370
2817 7193 225450
8817 5392 313832
8477 5729 280792
2017 9779 321059
8364 577 213035
7905 9153 79083
6027 1539 37762
198 4066 212774
3502 5618 97156
2722 7597 987370
4438 8425 802216
6175 2793 3610
3025 8807 52287
8654 7714 649689
3008 1070 257697
2177 7761 167353
8251 5218 746799
8987 7379 63374
6911 3620 301789
3438 9279 157446
6889 170 269960
9411 6205 161795
283 328 1759052
3670 43 337918
3739 263 210865
9773 2605 515160
2038 7210 674307
3411 9941 43671
3972 3589 100334
7275 5853 1601517
9295 9513 1470090
6989 7511 515555
7670 4750 163377
1964 6495 593748
4606 653 1370155
435 8041 413083
4046 5217 117566
302 3509 708267
5983 2363 98836
3038 7924 257725
5529 4267 660252
7284 7615 105283
5188 8334 230907
6936 631 213312
3102 1112 719588
3458 2219 31881
9062 9167 133315
2207 9578 639410
3379 97 718345
3414 7169 428974
650 3582 495905
6212 6862 221115
3627 2938 1313
5404 6343 362877
6819 5088 316257
4419 3072 95127
282 2912 112999
4489 8908 671366
7488 2785 89907
1421 4295 381874
8666 3300 185643
492 1790 216404
6984 225 108080
3061 5082 884836
7187 160 199751
1189 7119 394482
7919 9047 915752
7212 4137 531261
1644 8576 331686
4757 1781 482663
1089 1539 1063254
1712 5986 371783
6143 7505 988615
3998 5105 43164
9780 3690 306881
367 3590 493329
7149 4925 94854
7626 5339 193460
8104 9021 114009
6811 6258 252537
6192 8757 50998
6653 6088 1347564
4909 4869 291008
147 4180 462773
9061 4804 2037707
1849 188 906619
9668 7480 198962
7688 3151 609445
8768 411 112754
3848 6759 406408
3266 9318 692979
9981 4488 65017
358 6170 170115
7837 6570 41552
3421 9245 161217
1658 486 19987
6920 2465 348690
1414 1895 175701
6231 6375 134679
6740 9603 57712
6606 3262 53860
1511 9266 85868
7876 2026 490704
9367 447 186645
247 9478 647330
9017 167 145083
3126 3409 1010165
2564 4021 274778
493 1000 231100
7936 7046 561638
7176 5315 161094
5920 9753 92916
2209 3392 386180
5622 3759 599445
8647 5325 781191
8064 3433 186848
6517 7772 567594
2175 4861 470162
3074 3119 367281
7803 4362 88120
5695 9311 303106
3788 7212 745723
6566 3723 452080
3628 7408 59545
5566 3181 1186211
6039 2796 152389
9783 8072 165636
2137 4571 85204
6102 1482 64958
2389 8495 532500
1205 4956 567943
3250 5751 40534
4821 9232 445992
6710 7440 456403
8178 2738 54391
2379 7663 87026
2234 867 972608
701 362 1829625
9749 7056 2466158
7721 2800 572549
4753 8991 197833
9876 9018 218250
4091 6093 317715
5704 498 403803
3776 8000 145061
2188 2144 1235989
9004 1843 46595
6669 4642 814135
8717 9593 40123
2146 7047 145341
2828 8954 419569
2653 7290 161076
2443 6722 99153
7567 7545 734541
3589 4789 593286
7308 4739 119167
2429 416 741459
3538 184 960416
462 3135 50589
4062 7172 206954
711 4345 490050
1653 4365 908594
8019 3323 1389934
4996 5885 411952
6134 6551 518857
1980 9087 552417
2181 6471 186156
2427 9602 445837
