240
1117 8429 1616257
7566 6881 164744
3040 4797 284035
1814 9572 1060205
4336 5825 731540
5587 7331 396402
6955 9753 536302
6073 8754 133593
7948 5071 391001
3000 3730 73400
9063 9369 81745
3075 1876 877518
4055 2616 36666
4767 6638 436426
8816 3382 5912
5017 7243 107754
6448 7193 226954
4513 43 258501
3115 7249 1052432
166 6477 1708939
7575 5471 89783
2548 7803 242041
6924 4357 419630
426 3227 31117
2387 5424 29159
1083 4808 403548
3496 664 245560
3100 1737 151630
4601 1076 366369
1091 8576 182300
9256 7018 251996
2888 2729 555811
9899 2261 631331
4671 6312 894718
4257 1002 1123162
4282 8982 180203
2014 5056 98533
5582 8482 27427
3706 814 36378
7412 4235 153127
8667 8644 156119
9260 4416 666136
4539 1436 929140
8924 8993 306589
1489 3112 67512
6911 7242 830813
2975 4733 352646
843 4610 485663
4795 5690 296371
2452 7154 683238
8442 1772 482011
177 303 253188
2533 3787 184192
9118 3310 1351906
4508 9653 42367
9472 9957 359715
7022 1540 216770
7675 3171 190454
6464 2046 119350
6357 8534 12200
792 105 200354
9143 6242 2040204
7623 6512 71575
581 9312 366464
7267 2884 620029
3088 8773 4833
8616 3216 934993
7634 9272 912177
9274 8807 419292
1708 1334 230565
4164 5003 268887
124 5647 61073
5329 3041 34105
1450 2624 245629
7844 403 44199
8891 9669 483579
8787 428 598798
1824 1333 234511
6117 6574 124170
9151 8103 108259
2383 9284 131771
8490 3891 1615222
4164 356 135732
1879 2962 272725
9177 1417 644201
7493 9639 227597
6462 4167 122644
4146 4447 219110
137 439 63944
9557 4156 313068
8435 8870 214130
7261 3988 1206438
5406 4138 178571
4599 159 737384
6152 6735 1483715
8148 8445 607958
1615 9408 444803
3760 5390 118228
6726 7258 352305
6994 4894 411555
7824 9170 376876
8767 9000 1194576
4973 6335 162850
7877 3855 145702
6535 2001 1168062
209 7660 304577
9704 2745 1600365
5765 8934 147588
1277 3923 548604
1467 569 219382
9938 2999 55256
2358 4060 1373122
9049 6499 813394
6944 2645 601889
7972 9875 153301
9720 3460 124765
7585 2765 758490
9730 532 76366
1307 5613 395254
6590 2965 437297
4623 5697 89209
8510 5549 130054
1389 8993 390945
6900 3746 310697
9449 7127 341641
8141 1394 413608
4576 9265 562103
9483 2147 1104453
9173 3227 22603
1368 6214 357891
4623 3021 320626
1714 6720 521635
9584 4850 669013
5500 975 640273
2327 9402 815702
9074 5533 1023117
8978 1278 57695
3190 5318 888884
5329 1523 262110
9961 4690 196986
8733 9293 823844
7771 6793 10176
6275 264 95660
2139 1525 483167
255 3748 1402571
1309 8444 1440173
2556 3460 415230
8265 512 65672
9111 4715 179806
4664 330 542650
1584 7975 225513
2213 9687 683840
6063 6161 491212
3593 8024 1291129
4056 2270 299907
506 6132 1111377
6124 778 289553
7353 2939 156251
2885 1516 159215
3653 4576 259253
9184 9266 345258
4608 6730 199318
6988 7698 177115
9659 3623 107950
4990 9079 648679
718 7394 423957
3991 4146 43818
4326 1106 188706
4325 9581 178447
7624 9165 614696
1030 2116 331252
21 4427 1429861
1215 6204 536782
6947 8324 451630
2712 2656 169186
8652 1451 824708
2572 9287 1673725
2979 3082 870005
7549 9558 146912
3819 8259 107581
4497 9489 314687
1795 2593 37287
9851 1116 421705
730 7447 480564
5227 75 522556
3112 89 813779
4091 3605 359708
4764 8216 329491
3623 6153 173106
3064 7879 54484
6907 4487 395647
5787 8878 27934
5237 3900 827427
9149 3443 187628
7580 7619 182676
874 14 221845
1844 8424 149393
9622 6947 192466
8668 1974 858045
8232 9691 158810
162 7916 276641
356 8473 129861
3593 9800 306685
1816 5534 946011
9838 1820 50128
2680 7499 1171
1867 1546 473836
1430 3858 130518
1908 1886 416323
1872 3369 451071
9904 4945 57120
6912 6085 166200
7284 6331 421750
2530 9820 285515
4076 8536 577646
9978 3192 397566
1949 5401 46606
5222 3321 131265
549 254 18423
4287 1570 753890
4312 8895 163465
7429 4302 201122
2359 1800 129851
5511 2146 649601
9998 9304 739815
8628 2071 166611
5088 7906 406828
4564 9603 109028
1616 5293 508745
2766 9035 1238453
2323 7917 152019
8977 5399 161722
681 227 65692
4118 2717 274613
7688 3084 323641
3241 3830 74151
5053 5126 231078
4736 805 5215
9570 9435 272
6162 9763 192542
