171
106 6683 340039
3470 2583 359689
4879 8300 531148
6882 6225 190513
1789 8075 1369874
4596 8654 116575
8580 9566 422997
7067 2911 896890
9996 7023 157316
2406 8561 120000
9787 5077 149147
736 203 652442
9830 3240 539500
5777 7364 571237
9244 3712 162873
6191 8566 555085
932 363 599194
2653 3961 231742
5649 9645 1888563
6707 4962 1255778
9435 1387 20208
2638 8291 793068
9205 9977 1524807
3076 3446 214298
756 6297 200402
1151 1087 126155
589 9378 232506
7347 6720 70199
2147 5922 312470
2752 6664 104748
8804 6056 442760
888 839 472440
65 6214 980096
8780 2498 373743
6607 7530 73590
4059 3663 451157
3908 5540 385412
3300 2793 440744
4549 172 1482113
1923 8386 1987512
3565 4135 1837140
5236 8993 118410
2974 6443 101347
5754 6126 145031
6265 4476 118496
5273 8507 905795
8466 8599 24404
2422 3379 1559178
8640 3101 152887
3245 1144 207293
5027 7611 386986
7185 6019 217658
7982 2740 81825
1488 2162 455859
598 7978 382088
2803 671 155537
2208 936 646605
256 7138 180387
275 9903 501081
7334 890 819305
1733 5706 1083449
2649 1847 370259
7243 9302 962931
2600 7934 141034
2661 363 1026985
5255 256 714152
4593 5311 969727
7939 1670 581677
8112 2607 254315
1946 2355 509088
2519 1188 757512
5292 2212 200421
4897 8466 876264
6413 7589 79142
3163 1653 1765719
7064 5646 114759
744 8881 138651
3318 4051 347557
8629 7840 248120
9452 7038 1070294
4911 6858 368513
4999 7605 239207
9986 9259 1210141
5819 2556 332950
1834 7983 748061
3337 6785 7558
251 1017 612502
2409 4918 583567
4835 6822 844965
7976 1377 1989092
795 1226 550846
5503 832 201092
1873 9423 3088
3230 9292 1241101
6177 6959 1286148
7557 9837 498639
6289 4823 279892
6710 6089 432274
4133 2032 52110
1446 3556 487379
4788 2185 308981
1686 6183 402043
6702 4517 546151
3779 4275 1689468
6965 3546 11719
4164 4181 738602
3042 3530 117773
454 3674 9604
2560 4758 51371
1645 1127 1041206
9072 7644 561648
5406 1454 173672
6356 8471 72301
53 9309 522395
2199 5533 553790
4338 2646 16747
4348 9399 916078
4198 4316 553296
1586 9303 209478
588 9439 97032
3985 5516 2320877
773 1609 1270721
4844 3377 102508
1372 519 409464
6171 6225 83531
683 2352 560293
614 6371 257378
6846 3724 782902
4775 5052 360467
1960 4857 801478
3363 4041 53507
1374 7938 1868789
8101 1925 1012110
8004 6493 1296932
9041 6632 1607306
6719 7708 1758608
6329 9916 2274945
6759 2162 11423
5559 654 260949
8201 7054 425915
8794 6160 1105581
6525 1437 773463
4488 6919 151864
2898 7379 394244
7376 2309 14369
2057 1785 1028345
6228 5258 94367
385 2671 1030553
6618 3615 1677639
2658 852 347921
3280 4654 433796
2468 108 233983
2880 1789 277612
1381 4171 718790
6523 7503 262950
4972 6814 340495
1311 8657 1000528
3282 5873 1686763
6692 8344 186746
9671 3471 1059565
9301 853 424059
7180 8115 540571
4200 8537 1444952
3541 8546 385784
3910 406 133553
4434 3921 1019222
5445 1589 371693
9967 9663 317335
8314 4491 466674
946 7366 157880
1467 5429 827722
