171
6021 7332 980891
9826 3233 387631
8950 1974 1944320
7814 7991 1117281
3737 284 307457
4169 7479 728772
6866 8126 132314
4016 4016 249170
2127 8915 287906
7238 8067 33724
4624 7704 18611
8672 992 56605
8130 3147 848365
5438 6546 49419
1195 4943 469648
5185 5451 316539
1016 9753 341778
6784 4398 578315
4263 3495 1216156
6024 193 466450
3285 7850 518989
2075 5321 462483
3963 2534 872334
3807 362 236326
2322 9801 624829
1565 6000 941219
6586 1120 938797
4538 2484 358314
4663 3191 251311
5365 3769 1610603
5817 8548 772719
3534 4311 32875
1137 4692 82583
3000 1910 1565909
5935 1607 215815
1394 6177 247811
5120 2272 305372
9907 3171 112514
930 1347 427523
3743 1621 825559
9490 8882 381324
1625 8718 1356637
748 7316 1106834
665 8462 116975
1699 2542 207076
4507 282 707392
9556 9427 703369
8460 1678 1249421
93 9182 568609
4705 3665 1949032
9424 5512 252579
573 9473 141961
2495 7970 236410
1769 1648 276209
9197 620 315127
9099 276 1047799
1655 454 962699
2878 3802 442968
9550 2044 3129749
2162 1136 211
4159 4013 980319
3954 5022 666889
171 2637 727121
1704 1704 472730
7520 1358 456354
7921 4 2813547
1790 7018 16218
3331 6721 134598
8956 9200 3076337
5088 6873 295445
9600 1592 181881
3664 6043 436655
8506 7719 55551
5918 4598 34358
5496 1066 76211
8214 1928 293825
725 177 92980
6460 3632 152042
4521 7790 142880
6628 8674 1234917
213 7388 82285
5546 5875 520268
6007 6414 370922
8631 5959 932684
1879 7532 64933
9378 6549 6796
9751 9520 225362
1611 629 277185
2574 8565 76746
4157 2761 183422
9450 365 979293
4839 9231 171068
2705 9299 81810
3030 344 160423
3396 5107 619529
386 3225 1783513
6016 3509 238217
8194 3253 58354
238 9219 561186
1878 7828 1506106
6319 5279 469011
5271 2510 790160
5947 2101 30958
8604 4349 229588
7477 2987 516644
4772 4221 140749
7958 6212 652727
9245 7176 342402
3008 6587 474761
7902 3812 830462
9907 8480 1328366
7546 9889 248189
1549 7770 123220
3376 4236 926388
4103 4173 110893
9306 5284 27418
6398 6063 250252
9642 6487 609036
3896 4440 177523
8442 170 249531
5781 3282 1771923
389 1324 315556
3688 298 394563
4857 1706 493766
4026 4841 251012
2592 153 1106707
1354 5914 313943
1583 6425 28991
9017 2465 678078
4103 1367 567217
1399 8748 320993
4642 1787 181599
2214 4921 549868
4041 4709 2609810
6380 1950 1596895
9331 2813 766836
3031 3893 547059
9691 4363 1626791
7435 736 308495
3489 88 168935
9379 6359 485677
7943 8937 593033
7366 9297 211249
210 6468 498860
8136 4909 542444
2606 8370 84783
5084 9798 871330
402 2750 134987
8586 1127 710566
7730 4285 624181
7620 3510 57197
930 8102 1586159
8102 8031 657589
8894 5815 7957
8089 7986 173940
6773 8608 471456
6462 2472 341988
521 1213 221393
8933 1752 2695629
9367 5286 1452774
3776 3987 267877
4058 9451 1095862
6229 828 401372
8732 2425 2018820
578 1251 142152
5520 9335 146569
8483 9726 382156
7793 3174 280885
6718 5312 545753
8090 3609 164223
4712 4706 675246
