118
5717 1760 1037668
3087 2372 38420
644 7654 292025
8017 1365 1016931
5312 9542 1300587
7154 560 523411
7880 3705 108377
7874 5153 581489
780 8477 284227
4830 7881 1017007
8921 4491 3335694
4962 4703 1178382
8046 6834 3087675
7765 540 39974
3231 2447 410461
6329 2259 184381
6202 2720 991821
1884 6343 1641107
4905 2348 167199
313 7408 928022
5082 7462 563859
764 9732 626682
4103 4553 1736944
6605 7092 25514
7915 8496 1362685
9240 9163 3228419
4225 36 823930
5615 3820 1165010
4507 6382 875566
6330 3292 235634
7765 6009 1374457
9654 8073 86878
4315 1218 237152
8953 3491 872700
948 1846 546587
583 763 357667
525 5211 235838
4240 2654 1046566
5969 1796 374580
8975 9337 130945
768 7360 1441988
626 516 547122
7775 3936 23943
706 5601 751880
7653 5536 1329718
1058 3616 1325412
869 2299 706988
3775 9699 67350
6430 8252 800229
293 4965 186590
4034 4781 388135
1838 7021 1491460
6853 3082 837575
5307 5812 731938
5603 7299 43177
6097 7609 1247166
3065 7769 1516929
4173 2127 1457280
497 6247 16385
9206 9348 1527766
251 9903 910871
5835 9859 231707
117 38 1035376
2225 3824 900678
1626 5759 547534
9682 4879 343531
1809 6709 519053
4504 3638 115120
9829 8863 141620
6161 1624 24653
2753 2784 182555
5669 6652 2941815
6849 7604 1746851
8641 7273 346587
7312 2105 424317
9402 25 1821944
5126 7150 1420818
7563 9316 1058539
6361 3542 147353
887 6174 2258143
7231 8901 348819
5031 6246 375419
5222 5016 811391
8278 6315 230665
5011 4179 629843
6179 9855 1234269
5894 9190 708903
8687 2250 359109
3443 9623 861068
4734 3613 665155
1355 2194 453861
7411 5331 664946
7312 9442 1521079
4333 9783 1770889
4305 9699 312176
9499 318 45985
233 56 499290
662 3765 2448790
3877 9002 1064138
3088 7868 2887016
5248 9860 514987
2579 7534 1197896
4560 613 617777
518 7841 382761
706 9030 4393071
1311 1252 78284
2831 8596 633484
6654 9146 11698
1682 2885 48751
9239 7178 1316083
158 7886 69157
494 5035 330966
3653 1199 502844
336 6284 1510821
4756 6848 1139774
9061 8749 431766
8873 8520 718192
5646 4259 578310
