51
6779 3453 2162692
7091 1417 2087228
4503 2271 234756
5277 9752 4124534
3578 7544 2808268
9687 1211 4679548
2375 340 15963
1278 9710 3664439
7560 3597 4301697
767 6689 3504594
1653 3510 3502366
3634 8385 214622
7788 8327 257457
6423 6013 3042284
4516 1744 551119
7563 9629 292039
5686 8976 1805284
5183 1274 1880254
5254 8750 2907160
5453 4868 379370
4853 584 1022488
6849 8705 377812
3934 3436 1338555
6761 9026 3611129
4629 4992 779370
5321 9444 3894366
5699 4863 128967
2936 1460 4836917
3801 1586 985651
5026 2562 898363
7382 1904 68593
5444 314 1771821
968 4861 620955
7707 3793 6667291
6217 872 401174
63 8220 257918
1328 9000 2345540
2963 2273 1984642
3025 7523 5454020
7044 4791 341007
7227 5745 2145781
4781 6648 2399759
9397 3521 3103165
964 6449 3402820
8937 4190 785552
4387 447 1429482
8364 684 69565
3898 265 296285
5598 2736 1855095
4927 2960 2342489
3332 2372 1967754
