51
1509 531 1070503
2374 1972 837893
3852 5412 4430465
7093 4421 740365
394 1650 1089467
8956 7708 3678299
1559 5297 223454
5277 3292 1846522
8034 4939 271028
5644 4719 479123
6208 6192 793818
955 3283 3234275
2659 3341 1033851
6425 6872 3333557
1286 753 67252
2529 6825 1247668
3407 383 3067733
4060 2469 791792
508 8067 6680761
6641 3012 10338830
1598 9789 5421756
6578 4060 333722
5397 1497 64117
8938 4644 102850
5082 3531 7051113
5215 834 4911026
4441 1867 543746
2008 9280 854856
8297 2927 176941
4996 4931 3356943
5524 7156 137916
431 4134 226132
7788 2726 221284
9079 929 9171270
528 6067 4192677
212 8856 2085932
9499 4253 906711
5282 8256 715875
2079 4357 1566779
5690 2987 415267
9689 343 655405
8753 5386 20325
2235 3967 4985142
2592 5252 639496
9538 7950 951858
2337 4439 2117039
2012 7359 130497
332 7237 1086650
9981 4334 255546
9306 6175 1358804
3616 4196 85669
