51
4236 413 4199116
8471 5756 2926182
8079 3629 800514
4066 4241 574373
3947 2068 846559
3379 8889 4348805
9535 2089 2641014
8749 2437 506288
2285 4669 950343
7355 9968 2288849
199 9921 1878615
2414 7123 1676699
6357 2037 1461451
7846 2061 204058
7223 7049 1750761
842 3358 985271
4302 6670 5239037
8490 9780 627231
7342 7917 530620
1756 6011 977151
5103 7675 755594
946 9583 4444401
3119 89 184167
8584 2268 2331221
5857 288 2019226
9024 2109 1844673
2728 9534 666827
3480 1391 6296110
5655 8131 6635000
3015 3887 2829066
4961 3042 2749470
1504 9927 1656809
9640 1130 5727884
5747 1459 1023454
8670 4724 1134808
3348 960 343070
3476 1832 2700584
6639 5372 125372
8267 4461 811545
6251 7675 1110650
9869 2074 1808568
9302 8098 1079639
2331 420 4872846
7646 3022 731395
4882 1648 399840
796 6472 1997314
4606 1739 666774
7545 9688 338611
7534 9235 2015017
3977 366 3964263
4463 1299 1322865
