131
2281 5669 636165
4172 5265 336329
2843 7157 174507
4023 8818 687790
5299 125 101331
3272 5791 2517201
8086 4049 1871581
7938 7463 142570
1557 6306 661321
5439 4667 686996
3819 273 492804
810 2244 1393264
4638 1861 538897
1585 8795 1152537
7588 6985 280332
5546 9739 1545852
7617 4876 563737
8273 1919 17946
381 4029 791263
1039 661 214022
2015 6259 1962781
6111 2173 3305093
7878 1289 354625
2472 9152 936580
141 6173 134213
568 1474 79321
2345 6394 351335
562 7147 127645
5512 6489 273804
3863 5208 192049
6484 6493 1103941
100 4406 196417
5261 5469 346149
3331 1446 1640497
9306 5059 200404
9869 3215 1209228
4302 2654 793140
6882 3196 253184
3415 2573 486678
1311 4698 162723
7377 7428 1182608
4665 6970 404550
8172 7819 422479
6486 9202 754695
1491 2585 563209
5325 5999 2920858
5287 855 35924
8201 9045 369770
1713 7189 321625
1316 5091 192528
2819 6943 381147
7808 5039 2051111
2482 9321 156052
562 7047 65595
667 2162 109638
4564 3790 56093
9789 4550 118745
9902 5944 2045457
2495 759 2190852
8388 147 616640
6096 1710 94886
7689 328 1891829
8466 8450 682541
7422 9019 574632
1932 1522 1739381
6339 8490 348121
2669 8417 1301642
434 5857 91625
7011 4964 459729
5141 6162 493608
7506 2663 161569
4319 3233 1033622
7646 9426 803163
147 5887 232034
9234 4616 1407542
7280 4884 96217
1860 9480 603196
4958 5575 539770
5057 8394 1525413
1227 83 1226209
5981 9572 104770
6534 1446 686533
1592 7253 97724
8840 8524 269057
3609 3312 109501
7440 5890 582942
9425 7932 492966
2888 3756 452672
4292 7174 1480115
212 9393 121215
3846 3262 563711
4935 5001 359971
9184 1362 443087
8968 8911 429952
5983 955 103675
3090 7984 1293945
5636 1574 23897
693 2777 1341833
5970 8635 224083
3235 1794 766869
1051 9189 236565
5560 9469 79706
906 9096 230891
2759 558 953124
903 1873 1650763
4619 2318 3839228
530 8988 697458
8318 9718 2353932
4552 2097 1256813
6900 1922 236812
1714 6634 1794660
9877 9312 32489
1613 3121 1517627
8456 7506 1655305
1834 4437 436640
2602 8431 89942
7956 4004 2279689
6288 5186 750109
5399 3638 987126
8318 6017 1949341
1234 8560 335707
1331 1935 844978
2146 4453 1658742
3949 5925 425092
8307 3909 360376
1695 3693 1394319
7251 1756 701471
682 5357 119255
8564 6016 523216
9868 343 1462064
3986 4843 15485
