131
467 7735 612820
470 2855 613387
4971 521 1017016
1234 983 135786
8969 8820 2147136
1907 6649 545239
5404 1570 923239
715 1401 715142
377 497 1243242
1004 9719 2663037
7292 898 310334
4384 9853 24444
7272 2244 323785
3229 610 268781
7195 677 906450
8987 8595 591713
9105 4397 20233
7306 7453 299362
3029 7441 22607
7788 2914 197529
7554 6889 1782
5465 1914 879391
5421 9701 2147894
5881 2801 71835
9763 1799 139943
3330 9993 418509
6870 9891 1303319
9370 789 153117
452 9114 2627520
7788 2979 46696
7443 1511 2005065
1306 5649 420920
7994 3552 387948
6462 729 5374150
9282 594 937996
2061 2032 415645
5646 6509 1117693
3400 9368 406424
2804 4077 209997
4112 2336 134441
3614 3338 401596
9257 3323 97536
2882 5644 531261
905 7464 1262394
9527 2821 264748
9555 7576 78404
4550 5151 253845
3326 2485 497272
1256 5209 1492313
9708 9204 493533
4722 5020 96200
5934 7058 798295
942 5886 1476331
7689 1058 986857
275 8488 587812
5232 9821 611393
9887 4615 116623
6329 2729 592921
7182 1862 1565
9059 2819 526812
654 7967 449108
6597 9454 271347
771 9500 2459489
6420 1020 9092
8681 5577 55859
135 3422 73514
7136 2762 1675815
5295 6256 376907
6663 1594 93365
6959 8678 179441
973 8692 100154
8450 9844 43682
9406 2592 1884033
5476 8849 1657984
1471 3584 1627970
4113 6602 295510
6119 2023 1366937
1576 1632 406545
3751 4526 1105339
9864 5486 635316
6947 9017 1066391
489 4493 1234303
5257 5920 105909
9439 5043 1078735
2062 5061 678141
4176 7916 289142
3531 7006 524003
3187 7744 1042836
8700 5472 76441
4509 6190 1116101
5580 8269 438861
7806 7077 2981099
5764 2525 203989
5893 1626 10490
4873 6387 155083
6410 5767 389583
49 1725 1109190
880 5862 85697
8952 5159 558076
9934 9599 1637136
1355 9772 574241
6323 5526 943565
7587 5334 159367
2836 9406 799481
8750 3996 3899503
9576 1384 974921
2885 5967 127830
4515 2133 650625
4785 5941 768219
9009 6533 26462
694 2037 716731
979 3110 867187
6836 7995 351269
9052 5954 237522
1472 5872 2191987
7756 4508 749346
2961 8619 3583867
9879 6469 618396
6528 8900 95069
1917 5917 453931
7121 3267 268741
5450 1915 485813
3193 6874 490477
2272 2491 516057
4587 7863 971143
3088 9385 1292856
5394 4005 70998
4917 8492 716404
586 843 715115
1140 692 1235041
4957 6737 949945
