131
13 2051 423252
1983 8973 871174
2450 1831 935376
5621 379 1739907
5234 2852 644276
3055 4069 1332887
1456 6159 82162
3291 5226 47452
819 7296 183728
8457 1625 1006452
3909 7772 93352
1919 146 1405408
5927 7283 38221
4434 6662 334310
3299 6603 230453
1771 3508 175784
7448 7922 1473035
6079 6099 386862
408 2861 143397
9677 6190 429058
5801 795 678906
5007 1755 452122
9296 5368 407413
6158 178 735704
133 2293 579768
2707 9021 1206730
3672 4653 407916
8705 7986 409314
9219 977 1065312
6789 1563 329878
293 4450 187592
437 5519 822536
7109 1751 247864
7052 7389 2006666
8744 4818 262531
1699 3940 1685098
5525 4850 682381
6311 4390 16790
5969 1290 1038482
2646 3864 793785
83 820 318833
755 653 149267
1450 1975 1693211
1195 4138 1661386
7037 2377 51531
5738 5583 826097
5396 7302 1886224
2208 6108 785958
394 8149 1302539
7255 4451 4678015
3443 832 970066
567 9187 95897
9794 6097 278725
9008 6316 1438
4418 4167 619435
1724 2636 908621
5934 4889 677156
4238 5194 3531
9438 8113 1416807
3556 8962 106432
9681 908 239005
3734 9953 2414197
3563 5752 791294
8114 93 99760
1971 8720 1668329
3362 7493 2425644
4117 9483 277862
1031 9991 236984
9185 5253 2126749
800 7643 1013469
2112 4569 375018
2418 3916 767867
5979 8296 845676
2401 7548 224048
9690 9092 211210
5122 1846 446161
8892 764 330621
5114 1995 1137082
1264 3988 509116
6836 5737 1793266
7213 8659 1287340
432 9188 148525
2244 8437 2902302
1077 5741 355073
2285 8733 1225843
9967 6138 76073
8270 3063 1000669
2670 2652 43749
5021 7550 1474200
7228 882 74614
3926 1964 633770
9982 7790 412683
5106 9688 33911
2241 5712 330607
3046 7062 2336900
7765 746 155709
9586 4198 565921
2133 6657 1066127
7523 4983 522347
5694 9727 1259532
489 9784 33345
233 2280 173016
1817 8161 340804
120 7815 1183566
5975 7595 176079
3971 9699 1504877
6171 1143 1579312
37 316 150506
6493 6455 1221550
9968 3773 246469
4888 4906 384573
512 7964 133835
1765 7818 1627509
2673 3140 36775
8904 1058 125219
2076 9874 326380
3846 1945 701730
5353 554 931671
8255 1550 1082630
2886 4805 1959254
8282 5993 1928268
7690 6559 2047187
3622 3282 6337
1246 5988 1507408
9984 524 10915
3040 3735 205971
7853 4373 61639
1598 9570 353340
2070 6305 1047826
2642 1137 462987
3751 6095 185266
