56
8613 751 1754327
605 7915 3606247
7123 5670 4141604
3712 2983 1058921
3455 3139 754339
3853 4946 2915691
2276 292 7681597
8959 6800 1161089
5670 377 6639399
2808 7502 4054393
6422 1652 586824
8628 9044 3268560
1108 4099 558914
5634 5635 728539
9442 9034 456060
8029 5996 117651
4124 509 1356180
4400 3710 2297102
5984 6233 421274
5893 2039 1337656
8535 583 2632234
5588 9717 2430526
515 8709 637560
1010 7409 1885735
3506 210 3658719
8209 1400 1968167
9739 9669 436075
8521 746 1332324
5124 2154 2714221
5622 3352 611434
8282 3600 1025455
6198 4751 2730031
1700 7560 1779929
3300 5297 2172076
3359 9866 256950
4080 8065 3814536
4577 6608 62578
1749 8993 549640
578 9874 623277
6582 7155 538709
5432 1902 410319
350 6845 498530
8077 1915 940581
6514 3127 1084897
1295 908 3615838
5039 9233 526600
890 9624 1324712
3116 3116 7058910
383 5388 545338
7544 5151 896350
3756 8296 309426
1211 3596 242904
9080 9191 1776905
5469 6253 114998
9309 6310 3397642
3957 7690 499507
