56
5983 4552 806725
2438 1338 2100861
7222 5865 715340
8669 8304 1191301
8707 7928 176489
72 775 650581
5538 9437 390862
1053 183 1379164
5702 8692 1147475
9594 3424 1624322
4326 4708 374296
5313 5436 467269
6636 858 2762175
1899 119 1153930
1644 6325 1276856
9038 2809 967709
9636 6829 964418
3255 689 259524
4840 789 4513553
7705 4844 41394
7858 6760 374235
8951 7500 1074724
2341 4444 4803493
4237 6317 2409279
5497 1818 861198
7436 9220 460093
6916 6334 399443
3096 7369 7236903
9399 9814 876124
778 4495 3329722
8346 1986 844087
5795 3784 1291013
5401 2491 3083929
5127 3204 103130
3003 2414 1125694
3634 4513 1273408
1130 6106 3922324
1747 8604 1764410
387 3624 494618
4753 5730 185220
1488 9027 251148
6911 9291 1024774
318 5893 1390134
1167 740 2461175
2614 9077 2479462
8390 5696 920539
1929 4460 3500594
7421 2117 4555421
3252 8214 1195237
2931 8208 5658554
6295 5798 978851
4362 1750 2545953
5668 7010 2026252
5077 3171 617775
5589 4174 5881415
5906 2017 5635425
