56
491 70 1307613
5371 5389 1285772
741 1778 1955304
7585 4759 1711989
4048 2066 807601
3110 3281 739792
1472 9677 1404893
2555 2883 3745460
8301 8710 2191263
8603 3393 588506
4451 8340 153324
4010 9319 1227758
4118 5794 206675
6472 8412 813428
8374 5993 1263743
7899 8416 2289884
8715 5650 1074527
6166 4174 133458
8861 6377 1244395
3119 2899 32366
3684 7446 2897341
4691 1132 987600
5042 5641 2409934
9523 9681 602025
8045 1247 2126198
5885 1286 159016
4503 2434 2827162
4543 1525 3534047
5065 9460 86015
8265 8649 3365312
7454 8863 3529176
7203 7917 72499
2487 4853 2015629
1269 2053 5951970
9815 4104 71645
2602 277 415105
1030 2362 6525
6304 5727 2880440
9062 5231 5954226
2617 67 210302
5168 7293 5060315
6345 3984 1422354
8109 9737 394173
7701 3281 2765428
4323 6212 337904
628 4391 2411171
9500 6313 4390767
458 3486 3525606
1417 8310 2253200
588 6806 1774682
1799 635 6298665
8059 6887 432652
5880 5720 1130359
6322 3118 1425327
9113 3174 1964482
9690 9068 132997
