56
3466 594 537059
1577 6901 816658
3317 3262 1727389
757 8053 1277984
3449 2813 351582
4497 8167 1175711
3272 5639 4998645
6808 8578 544904
393 2541 2226811
5717 4394 319545
2494 169 444103
725 6843 2301836
2541 904 794672
5954 5104 338140
9584 9515 265719
1069 4742 796936
7319 8452 1788965
8614 4145 1711663
224 7988 268703
5671 7519 374829
1677 7664 793295
6658 1077 106277
3701 3572 3270633
218 773 666067
4869 6358 6695671
4925 4271 2510283
3187 3272 131973
6423 2335 978772
4813 1252 2304755
1890 5739 462327
9574 9929 928277
5728 326 29922
8846 2894 410870
4029 5138 400543
3531 9321 10991576
6690 7178 704816
2586 7755 8751777
2205 2568 464959
7454 251 8113653
7460 6123 1036621
9546 2619 317471
5144 1068 311641
9635 2752 637493
4179 1866 378299
6754 1157 458387
5987 1311 6137956
438 1837 748732
6588 22 260891
3406 5608 2169937
3454 9051 4473715
3967 2418 127027
6943 6042 2817267
7081 7772 6318916
4339 4988 486990
1983 3568 401057
5714 3657 1139300
