56
2387 3711 99895
1022 6068 763434
8329 6866 362021
1773 1426 377841
1271 2813 1288273
9127 7049 1579578
4881 6574 6019354
1968 883 240505
6740 6359 2904877
5422 6936 211084
3983 5158 2777837
8122 3595 804258
4475 9447 1740941
2221 1080 141960
231 5533 315913
7447 7691 314867
3895 6524 779279
8455 5229 2404289
7530 7508 7670731
7230 4796 561591
182 6179 1078941
4263 9970 3412193
3740 3483 1351585
2759 481 988461
419 6343 3005381
5313 9633 304223
9702 7621 1756878
8373 1808 1815255
3158 1240 587634
7969 3273 493009
6417 8617 1974769
4887 111 1665790
8889 654 2830585
5447 8525 1214881
3788 9862 3867564
2136 7157 475506
6621 5945 290128
4147 5623 87569
4305 5458 3240834
5245 2442 665720
6640 1052 6595161
7151 9440 1699736
3314 4854 618999
8205 3012 236156
4744 1762 3224144
7701 7856 1127298
4886 4080 4723736
856 4511 2887514
6638 3851 562418
4619 5857 79633
2544 1164 3686965
9139 228 88145
1370 1813 3710656
8375 8970 517546
1634 2492 1756976
1279 782 6019483
