84
6176 8561 1010203
8496 9153 1405756
3327 7913 438135
7034 6325 33790
7121 8610 408585
5983 9798 771735
3488 5538 1196620
2738 6967 2973074
3897 9327 5611445
6386 6441 1414305
3879 2086 385005
545 8119 2668653
263 7517 730200
9513 1197 1344026
5760 1468 706532
4818 3132 117311
1356 8831 1317509
689 9536 58697
8297 8802 845607
1975 1083 58619
7849 4758 1051133
414 2742 514797
2679 7163 2037412
9743 9641 552410
7557 8775 499092
4287 5029 384807
8683 15 220657
6109 9793 1475991
6841 3305 803954
1658 7891 3328914
1372 9071 2530585
2349 9911 1876020
8547 2599 2154337
333 3351 5073532
415 9083 1773982
6658 1850 1388739
3261 4757 457656
2521 7879 676793
4594 4758 2514152
3805 8102 2112283
7407 2032 1258367
9543 8420 298885
272 3400 361040
3046 1152 285821
636 1063 265414
1858 2822 214473
3820 9493 797177
5546 8353 2856060
1884 1594 3471702
4819 8411 870785
8764 5973 655062
6226 4291 460147
2567 8047 1467227
2125 8240 1916525
3799 5869 359079
2887 2631 761440
7764 4002 844486
9497 4335 273303
6815 6128 13200
4327 4008 1562826
5836 3159 57085
8399 9432 31147
4478 4887 1562342
1588 4621 1620274
139 7638 1698339
4768 5165 581711
7101 8197 229298
2839 9373 86455
1281 612 477202
4351 6904 4643851
6572 8010 1215489
5238 3697 3507098
1547 3364 3807157
9967 9119 76823
6704 4286 410640
1207 4961 384312
1115 8374 828267
3247 7866 24335
7060 3472 190723
9121 912 562566
3558 5195 324568
8755 2974 462157
329 5017 2410473
6453 4498 891616
