91
8964 1830 919850
3626 5794 3789033
4127 3793 607431
910 5876 945424
3684 4419 4308257
4568 3053 787553
1356 7196 883682
6239 6757 1617760
1344 7080 298025
5844 5310 223581
5006 2450 1880858
5856 8015 3064263
4018 1085 1154845
3624 7759 533719
5899 6090 723106
3010 5441 3708949
9207 2116 1120861
7742 6827 222632
8453 6898 990096
6559 295 1571257
3553 5111 586519
6356 5379 1546406
1032 5330 1419846
9963 4622 303777
8875 5910 1649044
7938 8034 1328935
168 6240 1459867
4500 4070 429199
3046 3732 2310922
759 3906 296786
7257 9471 1394009
9510 7910 128998
29 7085 694212
3174 7768 2718401
587 941 1023344
2048 2447 571088
7884 3912 565060
8508 8698 61522
162 3224 1086872
7606 2373 1556604
8262 2498 2604261
9850 9307 1054371
3136 7355 1368800
9060 8013 266212
5441 4380 1081476
7169 3853 1161884
8981 9091 901266
18 21 114941
7804 6154 2054617
4578 3076 480729
4999 7595 1391630
6635 4584 399132
2455 2917 918399
360 4508 162724
888 8055 915510
5934 8454 2120130
5534 1088 202610
3524 7101 154214
8823 2091 440815
9470 6423 1295336
1018 4990 780318
5170 5177 485837
521 8756 165761
2913 6770 2270121
6088 985 19234
8327 1047 1471785
319 7232 940926
7551 5144 2438558
903 1158 1389339
6784 9295 4007603
3755 2733 512626
1172 4095 2025431
9598 7872 620022
7196 3812 657745
5482 8001 405987
2429 8145 277863
7798 3202 201928
4706 2544 1143677
424 9814 734102
5237 3351 785805
6850 972 14115
4177 7982 1854808
9322 5154 286054
6696 6595 576295
4089 6449 1736196
2582 4243 875480
8553 8039 1811147
1154 6750 173806
9421 122 935232
9953 2982 247017
9940 9022 583532
