91
9276 5864 960197
7061 7059 294206
2969 6942 316343
8360 3776 1058171
7493 9936 158552
6152 2180 37999
6340 3322 68285
3308 7907 1991259
7074 714 1743223
8204 8719 1160274
6090 1529 3992968
2794 1664 2698141
3973 1866 6794
959 9163 654834
7927 4438 2278908
5655 8094 956516
177 5281 420011
3210 5110 523644
4378 6909 1446749
3996 2613 1419940
2507 2890 128891
5955 90 1067245
8068 520 3416731
5676 6849 282073
1616 8329 329774
4916 1272 3650852
6155 6367 1812109
9398 4699 22669
9949 2250 980417
2670 2887 822556
6218 4453 332320
9826 2933 3236631
2955 580 1991564
782 8948 722510
9908 4067 3146786
7951 8630 2345915
8064 2714 389849
6317 3115 840328
4741 4457 104263
7452 5410 72197
5721 7413 924278
8271 3612 769404
9428 8798 464672
1734 2067 3094034
4576 2908 1042501
5082 8850 300264
8418 899 1279208
4551 5334 913679
5767 9106 1944111
5876 3921 275938
6253 7673 1596037
2586 7377 1012689
8488 2318 1044052
4540 832 326224
6644 8090 1468177
2000 5986 24965
6665 4275 42351
3369 7106 1675752
8648 1154 106884
8940 6911 468007
6275 7060 1333633
3304 3553 898543
6120 951 1254480
1899 8003 2425993
7059 9936 427428
3188 4662 1169619
7925 9840 396308
5295 3521 1331204
2335 4308 167584
3831 7602 1571243
3047 8001 719023
9305 3904 473439
5345 1045 3087466
5117 8424 699133
374 168 362339
7501 4059 2407752
4426 9092 1216006
5096 1136 101328
8652 8661 16104
862 5276 720254
3352 1441 394937
6186 9608 2477980
6665 9106 867799
5220 5447 1924721
8853 4817 31575
9068 7146 1973352
1505 1718 847967
7504 7814 51047
504 9471 972258
9218 2498 1388851
5003 5400 1634713
