214
7136 52 9276
8845 2046 468032
144 4505 942399
767 5065 30762
6544 4932 137373
7262 6327 107114
8913 1666 94180
4558 5706 355198
9634 8792 769720
4399 2164 31205
1774 7149 39916
8941 2900 49722
5094 5998 56089
2766 4782 116340
6871 7577 1576358
554 8908 2033
7182 4857 55948
429 5059 3184627
1815 7250 936565
1440 8465 481320
9629 8909 482007
6213 7193 355154
6875 8344 360157
7685 2852 494039
327 9348 377050
2062 8177 1277710
2254 2294 853715
7219 2211 6032
8698 192 21025
7194 6303 69833
8942 5254 980480
8638 9664 296731
3105 6995 489891
7373 6838 1371808
2758 4063 597261
2736 204 719849
1393 322 20096
1070 5717 1242521
8810 2688 128378
1225 5850 1152021
88 8477 639793
8514 1743 109799
5936 4262 142274
2499 8467 362288
7001 9637 1677982
7959 8550 845642
9878 453 320426
5048 7117 79429
645 5242 1957803
357 7124 24387
3312 1788 932514
4048 3534 602577
385 9508 248373
7136 5676 180588
3112 5162 43851
8664 3633 981738
47 1564 161917
1798 8660 1244200
306 6534 432618
2365 2913 644077
7953 7993 1460069
2011 679 124825
2323 5469 368126
9349 8525 804786
7578 3639 1414520
3575 2439 381307
3083 6235 533928
1059 9745 87717
7137 7453 336347
9471 983 449607
1479 9738 488306
4 8784 252642
6795 5383 121306
8796 8079 869601
1544 9936 46056
4560 1479 405686
5202 9630 159872
7789 2274 801612
3370 3414 167876
2707 4268 256413
8956 2516 252432
4736 8493 218734
2618 8050 152576
551 2714 412619
483 3417 61459
2579 6819 19689
8815 4542 80533
3958 7295 979049
7333 7180 4547
3321 5873 239799
9237 8309 262681
6560 4255 507824
3714 3079 585699
5629 8877 227617
7964 3638 180507
7522 3817 146733
3972 1229 656601
2257 9126 631875
4584 1388 2318919
4186 1808 715436
7845 2646 324772
719 1397 207741
9431 6052 449736
174 8919 224694
2179 6732 70047
3619 4333 575914
1696 7668 40345
9729 7300 332187
2837 129 264344
7817 1092 2380324
2188 5633 673165
798 7490 244852
5942 2218 229428
7308 7384 218967
5332 8164 381489
959 8105 134684
1191 5829 521295
1404 1051 345216
36 388 209845
3770 5210 504611
3217 1715 112455
1479 7939 123827
8484 8172 278894
4052 3029 1217185
5823 3809 491590
28 5603 735300
985 6448 650428
6998 3077 128789
6317 7656 289709
8123 6010 360988
5188 7337 33958
6430 7597 120893
9871 2551 392310
6987 2557 642765
3217 7189 398005
6622 1360 247039
2470 7407 1291484
2387 3285 285437
6656 3705 235055
4350 7039 374659
1325 6623 122335
552 6337 797629
3876 4154 125382
1424 5656 555235
2719 1116 75661
9660 2674 57069
2650 7060 690839
1775 542 24436
3012 6969 982410
9238 9163 998812
9976 2891 358132
787 4193 163642
9 5870 109820
713 2773 82051
4686 9971 47017
3598 3042 789560
3713 6011 127056
7815 4669 567277
8732 7037 405037
5660 7834 8028
8263 497 958538
357 1720 182192
3836 9793 382708
2855 2141 542105
9496 8941 51723
7426 1883 835807
2306 9268 1188685
6616 9937 7800
5881 9158 127087
2483 3572 1218357
1498 8535 1395343
3177 6006 780832
9735 2088 869447
5263 4062 182171
2147 3085 151475
3987 836 214640
1598 5468 479442
6215 4960 47789
9872 9479 2011017
4135 3424 362524
4425 2239 1211731
2479 1797 289269
3184 1361 195879
8678 2152 469670
5860 4981 17744
795 5799 457857
6995 1537 87670
1196 1906 213425
1941 8138 183752
8310 3674 91970
848 629 496972
7966 7728 158969
7667 4897 164016
7544 2765 174801
3795 1123 558875
7948 5604 970889
8402 5221 798
5318 2123 371821
8886 9310 328765
9536 6729 301414
9435 2749 3191
5106 2743 595875
9124 4804 473073
8638 9866 534174
8912 1117 841767
356 2430 664268
2360 6744 539800
4692 3553 215538
2461 3889 921911
7332 3404 180864
5667 7180 818878
1422 1164 292119
937 3502 175400
3611 8916 617177
