214
7553 899 8449
625 6846 323915
7089 5270 316743
1566 8750 876036
1245 551 263289
2293 8127 324174
3272 8237 34204
5765 5807 90049
3523 2290 690298
1843 3058 288598
1752 2744 729165
7002 1966 93176
1603 6057 21192
3825 8505 113414
9471 2322 212798
9068 7478 898424
8798 4751 1174428
7399 1573 338169
6290 8636 71867
5391 7038 986931
6911 9961 106011
6279 4316 277036
1555 8959 137646
414 2478 958662
3544 1136 147844
3481 4299 122676
4839 7297 299754
3046 5078 100637
8477 69 151951
3293 9199 94152
6725 9080 650498
9213 7153 153165
603 1775 430290
3481 7006 421112
7226 7855 106126
7133 8002 271126
6528 5225 379575
1472 2262 544674
478 9472 90708
403 7232 591108
75 7945 190586
8319 902 415637
4911 7773 294452
5771 1856 207414
9580 4926 832094
9908 5142 422316
9976 4205 370392
3164 3687 642646
6458 7440 306504
8216 8159 1618900
8124 3586 104162
3863 9636 973875
4892 3395 1569373
6523 7721 231221
9446 8654 1207959
3920 2018 62370
6944 7875 211848
2553 8188 559515
9862 4839 842918
7486 2650 900348
3986 2585 487291
600 9159 161709
1990 5068 40827
3516 2326 840746
1286 5146 1753982
4458 3057 123169
2790 541 1117073
8822 8831 303715
8815 2923 119096
5250 8199 604787
8578 2010 1472029
4545 9228 98055
2892 3682 337656
2906 3454 71465
8487 8143 12536
2763 1250 100511
2972 5459 134749
2838 6915 62483
8012 7240 778936
1791 848 229302
1409 9501 199203
7210 5130 395104
277 7522 42528
6677 5457 507798
6367 4110 253145
9884 8144 409299
710 3418 331862
3952 946 817115
5269 5941 132157
1238 1557 692794
4680 6913 317260
9086 9225 724945
2841 2289 1384529
9736 917 1328029
1657 7716 183268
9344 4673 215643
6652 5601 260937
8801 3055 191754
9604 6453 147933
9424 6427 13002
6545 6490 34561
5980 9394 95674
7341 8519 1396332
3515 6068 219853
3991 4926 153320
2967 9378 76615
9957 2823 241809
1976 5874 770486
8498 5091 18814
9519 3692 938157
1031 6 154344
988 6908 44066
319 6586 320477
7396 186 970000
5929 2356 124137
2679 4309 13345
4759 562 95545
1292 6692 774252
3648 3492 2283002
1616 3637 37623
3033 1751 10437
4616 9042 975796
9175 8334 1048326
7368 9495 1487694
2217 5215 102838
8216 9066 381074
3523 7384 151581
7308 6301 51207
4554 8175 20768
7037 658 188955
9415 2680 1005169
4399 2004 344761
5792 2948 414974
1139 5235 610325
2383 4178 39521
5181 8123 95400
6114 4407 198938
3613 4638 14070
6852 7697 179081
4574 527 150572
3255 6937 849395
1320 6058 532105
5049 8162 223005
8567 6771 643839
5814 328 324954
5864 3119 288820
8200 6818 82530
2462 5837 2732978
2759 808 88359
9609 7136 329301
7559 6358 363563
1198 3835 226522
600 4839 763546
5209 8770 732734
3962 2680 843913
8344 1173 204131
1539 6009 1320561
5054 1436 757521
7369 239 141130
4925 6484 137416
9178 5178 161726
2321 9439 81312
724 8326 1243215
7596 2503 803982
8107 9914 1901712
8054 2254 271321
8263 6981 383201
451 4584 53744
346 3733 407046
4680 7274 777235
1066 3595 1865290
1000 3190 176703
2597 739 432910
7595 6739 414143
2112 9113 65857
4916 1439 218315
4865 384 162524
3666 7006 1378896
3744 5163 533055
1260 5275 354339
6438 877 525650
3917 9819 540009
9166 1943 1495069
1443 5622 585870
3234 5071 119261
3745 2158 1305348
4738 6088 138962
8649 9425 155665
6557 7611 45643
7584 6331 263713
7863 9615 219668
6107 2044 763147
1 8175 592724
7588 284 37162
5679 2535 331736
8560 9053 728162
8458 4362 47030
1772 8972 5788
2724 4638 1251649
1781 6920 195240
1041 9521 146517
3920 5494 247136
1827 9763 75878
5646 3261 869733
2016 8038 610584
2363 5724 774651
590 1409 337577
826 1947 300139
2207 7864 289020
6774 3444 580664
1573 8055 56993
4566 8 594201
4884 4542 1565290
6213 936 1444351
