214
7337 8891 1295918
7824 800 175010
7293 1432 344131
6750 5081 17487
5961 9703 454574
1889 2438 59297
1525 4245 499654
8527 6303 294995
2667 3233 21404
1620 4582 1054894
119 9535 284024
6298 456 1274616
6054 5186 830252
9889 1973 288678
5648 2817 79305
3448 1859 231181
3167 3425 133778
7026 93 300848
7774 7291 904982
1105 1764 1515961
5694 1941 223300
1565 1990 1464438
2653 3661 684043
8186 6046 223600
7840 7747 268269
8630 8872 370097
6906 2025 822855
6435 3347 72876
4567 5878 395583
1683 4795 136207
4712 1888 1376830
5519 5823 157885
8549 8397 282526
7437 6409 2470362
8889 5569 90028
6659 3832 499164
6025 2251 48808
1351 4725 434401
3768 3240 50565
1462 3170 32328
2840 6689 3822
6818 2911 79408
2271 5422 471829
6691 4683 39044
2499 3277 1803325
6051 4531 51699
6308 7458 44549
3692 3781 82378
3867 6000 231651
7147 6774 55403
3922 5171 142255
441 694 241400
7398 6499 753741
2375 4661 199778
6155 4831 216976
6044 7083 609567
3684 7052 377206
274 4444 494939
3418 7784 16678
5045 7427 1880399
7586 3230 609959
3704 3711 115203
6318 5361 1410790
4218 3062 376731
7261 498 886485
326 8371 14166
7414 693 11964
8745 7084 18983
1935 8377 160823
8992 1279 365778
9349 6146 32108
662 1423 166539
6094 4240 549731
7857 3584 252791
2110 8534 94956
7444 5768 252112
160 2108 806682
5421 7017 20961
1970 1244 490915
2932 9474 44298
1016 7101 798066
5948 910 239511
4725 4925 3804
8943 9531 1813149
5004 2121 102173
7789 1008 1783198
1962 9202 1425648
6860 286 11909
363 8806 167356
9877 6263 247948
2580 2413 720993
816 9980 558408
1939 6855 821288
4051 5921 88075
8286 3065 3728
4662 9373 250161
9874 26 85063
9742 5861 369627
5494 1249 1075541
7413 1098 186540
7822 6635 555859
2701 6704 973211
677 1463 2141522
3654 5327 89087
4861 5945 121377
1492 5138 56359
2405 1855 23479
1207 5893 1307339
9551 5838 580333
2105 944 1373929
3600 1213 1595739
8548 1652 412652
760 8021 335662
1231 6330 2036876
9550 8293 104953
6369 6449 55372
2350 2027 1526435
6136 3327 1260004
6657 4949 163751
3690 6384 345167
2650 9593 1700451
6853 86 272274
3943 1961 280161
9903 8571 58479
8290 6588 642901
2551 4021 339359
2783 3831 186029
3273 2458 503758
2482 8606 502487
4634 2067 1390209
9965 4308 168366
5627 4688 66839
1519 8840 2250952
2528 7472 130380
2878 9374 718182
9627 528 311998
9649 3312 284473
8896 1712 29413
6410 155 388304
884 3805 66069
6204 7753 443298
7172 2485 1966479
4741 9918 326251
5147 7177 376011
7718 1007 158688
8062 6687 221878
8439 923 45890
4706 3927 857183
456 5400 903
7917 4349 432913
713 6188 10231
6474 9095 105344
905 9624 1033737
9274 8070 10662
2270 6150 233350
4814 6668 504172
3818 5852 242847
990 115 7373
9662 8534 637950
4275 6052 232845
5811 795 60320
582 6495 284169
0 2423 221101
8431 2634 186429
3536 441 81021
6826 9267 134262
4248 4962 19959
3791 8628 454310
7567 8445 375322
9572 2919 163303
8810 2230 406681
8241 6905 28369
3497 9741 73073
6913 3825 810332
7274 6757 1391727
9416 9512 32642
4381 9590 265895
7557 3039 99058
7823 230 1797747
8849 3448 568483
3434 2737 1423651
7455 964 1276278
8673 5124 278209
9103 5511 705
6613 9217 350953
7847 9427 1105915
9105 8092 472324
4610 3767 165101
5828 1742 58664
8095 7956 179337
8733 7311 362878
5389 2449 72313
8 9516 103536
4641 8612 64035
7608 6122 387285
6726 8250 116573
2674 5083 834396
1662 8347 146455
3499 5129 541764
5472 4654 368820
6650 3367 90362
4495 1717 436151
6105 6351 71502
9319 2367 291038
2052 336 309748
2173 8591 395218
137 111 404196
7766 4574 405548
1879 9444 383785
306 9085 187085
1147 2719 1474594
2475 7147 229264
3245 7100 667733
821 3088 296824
