214
313 3204 1042612
4590 8270 226950
1103 7722 389880
7410 8829 932929
8269 7141 374620
8534 5894 1674
998 1436 313520
6557 3517 306616
2442 2024 120728
7943 3199 181788
5849 5932 160991
9598 8793 178867
9430 8039 859820
5215 3827 103700
5217 5858 640097
3509 7981 155604
2204 8211 738426
1468 6285 437258
8817 8057 156677
5539 4666 926356
7757 7577 76429
6764 5943 672471
6895 5724 182987
8012 9860 510934
4123 192 162538
6266 3727 267059
5924 1087 1576739
9621 3160 231377
2524 5024 129994
3242 1061 1098962
345 7188 2253237
3383 2854 558305
5802 1651 23714
6998 4238 394394
89 8689 416644
5447 1560 12094
5842 5967 1209446
1739 9019 194245
6613 9989 591689
7451 6067 437282
2020 8916 106212
6619 7517 368640
7190 1117 376589
5691 1292 581693
6173 4702 1057103
1536 4505 64461
9322 5885 102758
4926 9106 67929
752 5114 864389
1342 6646 187604
8362 6345 69108
339 9685 470760
4618 527 851850
1730 488 39707
3180 424 676531
1011 3946 319643
1294 3614 393799
6684 169 769843
1276 4520 39877
5897 6729 52372
6045 3027 257615
2150 5992 26095
3535 1664 115670
2620 2280 38254
3970 1369 744204
4608 4064 674351
9608 8717 165630
1523 2393 341070
859 5133 826145
5381 566 420757
8109 732 319900
6759 7711 9376
31 5771 150294
7570 5130 473454
8623 600 1402894
7665 9256 689421
6759 1330 360823
5344 5688 44975
698 4105 546034
2902 4891 168965
3534 4751 362092
6879 4438 399651
9748 7229 653411
9497 6930 338925
8396 3479 105159
5956 9377 356134
559 2908 2774770
5357 6419 100489
9502 1743 103807
5108 6331 78627
2947 8599 124174
4857 9284 24142
8512 7065 217460
1411 9329 510058
6410 7407 122074
9584 3704 518348
5164 8878 342713
8451 4689 692092
5951 647 253783
2758 5053 765973
4666 5392 205956
3257 9410 278982
674 4513 762694
4618 5434 93483
5403 5759 577873
5665 4360 835458
2414 2990 1267987
130 4065 707
2284 3245 177628
1904 5079 226065
1238 1346 538615
1097 5837 57649
1440 1139 379396
8526 74 406766
8591 7810 242062
6051 9353 844770
685 5489 94425
749 5723 17599
6650 1765 574957
1134 6819 1903737
2604 9831 646363
2368 9167 506936
3256 1650 13227
2785 6082 316812
2708 1887 424904
8359 7844 364536
4268 3285 239743
1214 8583 753792
9277 3779 15473
5348 1679 822998
7054 8839 505584
5097 5743 850354
9137 8349 388715
7363 1331 759052
4400 3298 279403
2904 9181 35863
2110 4389 293298
1026 8840 953849
1486 5232 659952
5292 3670 495601
8760 157 396253
6549 7440 499398
8083 6430 321654
1261 1992 899189
3003 325 604248
689 5884 175198
1388 6135 97610
1752 9432 276180
4925 9593 43633
4471 8583 73460
2840 2618 138733
3920 9802 514065
7021 2973 708634
5527 4386 1799218
4861 9873 769884
1537 7356 719860
8773 5377 899043
8308 924 248992
4880 2721 32336
2904 9598 574442
3546 7898 446096
9812 3601 326461
4579 4852 147014
4852 1200 10463
6117 9892 820071
3754 484 50376
5891 4878 511283
6209 7630 347534
2079 4975 407960
9856 100 651896
6774 3321 461474
4718 6010 1182789
44 5254 40528
8777 4177 468786
7013 3880 3030722
7317 5117 1290646
5749 1703 206518
9300 4780 188944
5358 9968 83656
9801 2932 326261
9497 7132 228148
5428 1489 312509
5411 5251 676298
3434 3076 1498551
3123 1551 598984
3810 812 318096
8793 9089 170308
8825 3365 63231
5326 5522 1558319
9297 213 616497
8147 4120 632913
4008 1898 390139
1576 1574 191274
8985 6344 9306
2294 1571 231596
5817 4997 668549
9103 3730 325763
6105 5306 981184
8792 3996 73842
7221 804 121471
1010 5886 134157
8830 7983 588707
8778 7960 594358
7141 5958 45946
2976 6275 447485
5479 3006 452620
519 9934 157617
4153 512 1625076
1967 1231 804927
8852 4545 269541
1739 6446 583757
653 6357 16604
2471 7182 982191
8377 2770 694934
