113
5972 49 2282964
5155 6663 3311360
4887 8465 373606
1057 4048 198915
2310 1747 749186
2971 1296 184535
181 9171 679333
9310 3189 358781
4863 189 1109120
5838 9877 1839916
4019 3627 454304
2718 8899 41077
4740 4551 3460003
7132 6567 226045
9549 4921 468680
3244 8146 93685
3540 5931 364595
5505 6320 368033
902 9011 671380
3051 4675 522090
7094 147 287318
6330 220 203132
4348 9667 388436
7322 3321 100965
8248 6894 1393907
3206 8738 441550
9807 5301 1971773
5109 3675 492765
829 7567 1463441
5261 5439 92099
1015 4654 2644065
5487 3101 329872
7419 2173 607340
5215 2005 50948
8785 219 1235917
2939 8228 2359054
4143 9969 2092227
9268 2659 920574
9212 2045 432839
2153 3171 1016691
9685 7536 203706
9396 424 203252
4813 980 3043866
7962 848 314284
4312 8963 132899
9420 1346 1122632
3094 6931 722657
9883 4177 278735
1241 7468 2975834
7657 6090 899662
4186 8129 1076934
6948 7963 3175190
6874 7355 1780158
1170 2329 710612
9890 9598 263785
3223 7925 1432755
7053 9359 58228
9227 8898 95622
4931 3575 382883
9928 8091 605105
1346 1326 512936
7259 7670 240852
7625 2988 1249289
1779 1326 415363
2091 3221 686903
2033 3788 242912
6341 8326 489961
3486 5542 426855
6449 9640 1657596
4212 8724 3730311
429 9803 675134
9892 9906 245916
9380 7430 772202
6397 2242 616334
3824 8488 283876
7787 6268 1976492
144 2613 867141
1697 8286 194964
3621 5553 1057352
7143 2754 825579
2874 9388 227196
3488 6292 132574
3627 6006 169665
6295 486 1405442
4461 1831 490800
1672 9408 2610705
44 1112 323768
6816 5283 999347
5410 1907 69805
3297 6253 143719
6409 8571 487288
9050 1201 352363
5899 3670 1361888
760 6281 958108
5720 8460 188901
152 1464 130723
8318 3152 385273
8584 8009 1360357
4161 684 525252
8343 5408 2532033
8727 6556 403632
4371 130 1302627
7072 2581 1187135
9968 6447 450636
211 4401 642136
4423 9458 118984
8048 6211 193161
8442 9288 415667
7957 8471 136442
3397 1172 2222230
1107 2251 1774772
1735 4883 667236
2875 9301 2700847
