96
6792 8436 553622
2452 9956 512051
5708 4204 110937
8305 7483 2208803
2397 4670 36757
4232 2366 2055727
8678 5951 181240
6573 929 1041050
8945 794 1535900
2192 740 1502411
5985 9101 1762084
4862 2334 1743815
9070 6686 495651
9932 6821 891435
9459 9938 927139
2727 8911 1311607
6087 4566 6518579
4756 7521 920210
3406 4644 1133180
2349 3563 358722
2027 6050 843274
8513 8118 373726
3671 2598 900113
4733 9524 20168
9122 7623 2080521
6016 2739 2579276
4023 812 3195292
3684 5199 1701163
2241 1923 2500
5768 4811 104958
932 6001 635144
8233 4195 159759
369 138 346684
5372 1636 346744
7427 6669 549473
1873 6098 1208517
9370 3186 1052237
7619 8567 115961
2242 686 392586
8504 7234 368141
7343 6678 1253001
4960 5217 388661
6429 1298 321053
710 2736 472819
9961 8809 205864
3107 4808 398531
4454 3799 408962
1174 4968 1108632
2297 2132 1886902
7058 5384 89968
6980 7675 1909205
6150 2552 3653405
6137 2576 345695
7062 7220 430063
4177 8073 2318123
575 5391 6349
5532 7373 2058377
1217 5832 340548
9850 4099 170864
6405 1454 29162
1520 5469 2628627
1305 6916 1701500
2514 4663 2469879
7543 5610 767675
8882 601 1246670
4249 7636 132017
1637 8501 3095387
2103 3165 251624
5194 4325 200972
9458 8995 73577
4717 7850 176058
501 2937 353101
8349 3221 345147
2214 3518 754303
1844 7799 373238
150 9272 3649210
399 7049 252009
8855 424 73184
989 3610 115613
9846 345 696894
8385 6002 2261199
9398 6206 1723368
5905 9759 441089
7621 9283 1468095
2572 9674 2839486
7565 3251 528005
4168 6766 500925
4874 8203 108473
1046 5933 1065653
1007 5598 2490782
7548 8319 49778
2258 3255 1235922
7288 5088 1740949
5367 6191 821140
8247 4358 1362299
9730 4338 1432811
