96
2463 6163 1243512
3677 444 511566
5030 9275 65746
9655 1401 2506536
4630 3362 716014
3458 3290 261645
8897 4865 1590483
4901 5217 346365
8582 9746 719258
8993 729 500759
712 1628 1162327
5045 237 1351014
8097 926 253315
2169 3919 709889
1633 4022 368985
3451 5770 986202
2195 6865 669304
1037 6954 2679
3557 9161 571051
149 6357 1372159
1912 8573 629590
5312 3179 108150
2457 1976 474013
6914 6903 826094
4629 3390 1828888
8940 1751 2954264
6020 8610 1180121
6386 9668 892979
4071 3343 1316407
1545 9391 19886
3872 7710 836138
9158 6602 1441234
208 1595 1190130
2771 5073 14389
4989 393 1273337
9999 7024 257125
5848 1913 1850486
2649 5142 636827
1736 2565 692642
299 5003 1506614
2913 6938 1198371
695 1257 352646
3253 5405 615515
2284 3629 503667
8330 395 951006
4027 8708 614410
3160 9700 241244
5785 4512 159560
2681 4181 1300750
4947 2965 2395749
964 2742 1941335
6363 345 667823
9575 9066 348775
9757 1735 188460
1347 4650 1365595
66 3611 592134
7097 9379 797900
1550 1669 8834082
6716 1358 612660
9426 5961 1363133
6183 1036 1107089
7718 3012 490625
5232 1548 3524512
6511 9839 4074081
2747 5910 1051343
2782 9578 3513248
7940 206 806417
5112 4458 246866
901 3133 121139
7924 9166 821445
1675 912 675919
4665 8217 1370928
4748 7425 14899
625 2279 1552624
3784 418 2736161
2298 4467 495024
38 1933 402552
7306 7659 355238
6125 3676 119580
8832 7709 3406971
2605 7785 127401
1330 1603 853888
2308 3643 1792104
1396 8994 315426
151 4868 142052
8245 5094 387118
9945 6956 63664
8187 6760 823516
3524 3206 609359
4025 2860 159236
7438 4762 1065097
2469 1698 903962
2846 6481 691666
4259 1995 1178128
9691 1480 1462699
3821 4476 1655085
