96
5393 7482 361898
7658 5233 863200
4875 3046 1615886
4402 9889 1765099
8528 5687 210505
2262 286 513412
3663 9374 1465459
559 8240 1132273
9098 9726 149618
9441 4024 266351
492 6284 1201599
240 2886 447003
5288 3017 1869817
9844 9419 884724
963 1934 1880054
4365 5575 1671687
9458 1822 268712
6369 5871 238762
2103 6303 606261
207 2300 300698
1583 7417 571920
6672 4812 82375
8226 6738 941081
3024 9179 3151447
418 909 1649288
6810 8022 475986
7098 7084 385838
3166 4285 491227
3053 2634 608563
3468 9170 1769528
5055 6850 248010
3142 2741 1856288
6969 7665 451739
3010 9803 189945
3300 1669 2164452
1272 9407 1045319
5290 5681 1249387
4004 330 157549
6130 1720 327509
617 9462 1579658
783 8192 990086
4354 552 2398851
3005 9676 247448
7892 6477 397208
9906 1966 593992
1880 7104 4045520
8712 5946 506765
5905 2444 326693
4252 8665 1300197
2135 2201 229959
5661 4011 744124
514 1130 1998274
1261 6355 17650
5499 1204 294756
3584 524 1440641
1134 7746 1878651
4069 1261 281195
6851 8062 2751257
291 9066 457169
6214 8101 157324
7236 3130 1577415
4489 6774 807185
1024 6530 1988623
8113 4442 265055
9859 7144 1548201
7198 8899 1659090
7858 9001 49341
3770 7295 1788229
1754 2267 951223
2171 8813 658983
2249 8425 1803472
7370 5639 337610
1291 1255 2159676
3459 6319 77794
6220 1870 2380086
1755 9856 1195080
8277 730 1220900
6262 1469 1173659
6992 2395 21253
5559 7114 336863
6208 2324 22440
7608 3132 787476
8877 7241 366693
4983 6068 151472
6629 2302 896068
4564 2748 2740614
2377 3360 121739
437 7725 774900
4825 1206 595260
4300 3474 5595083
9142 3484 1617763
258 2196 668871
8255 2434 216483
6476 4558 437722
261 4008 4265156
6403 1421 574635
