143
5979 2809 513850
3564 1432 194242
9845 5302 150146
8752 1759 511957
577 2842 85615
4312 8789 21821
8367 629 14798
1415 6358 1583611
5318 7910 125436
602 843 1801968
8963 2422 36864
4353 9723 587129
1206 3757 660785
5916 2099 302113
4539 4492 238396
2608 3158 412316
5901 9687 582126
4630 1566 247666
1147 4888 37753
8755 3230 174046
4691 6245 187367
1131 2459 96132
6169 8100 1718956
160 9094 123537
9804 7332 941767
7691 582 1164748
3948 4781 629971
5422 6018 94369
5434 7174 401785
9827 2991 614544
5393 1017 808958
6660 3410 1137050
2485 3478 349406
6644 3125 4731060
6429 9490 1196646
6843 639 459678
5622 898 143857
9906 1995 642928
7880 8204 160592
3160 7677 1016841
6736 8614 364806
9653 5901 1261237
8887 9297 8288
9555 2104 1730274
2216 4799 44647
4742 7430 207980
3087 3189 289755
4610 7023 1606151
5522 7092 1497042
3383 1399 223769
5853 4094 1036851
5974 357 638500
3185 2431 67857
9772 8732 3242236
9903 789 647891
9381 5022 1538649
1041 3142 713595
7204 4820 573600
1787 1108 303237
2526 7225 32403
6669 6576 150604
413 7034 229078
7535 7812 2952103
3896 6350 378068
9691 9089 165488
1697 5472 561281
8738 8661 236965
5939 6941 53821
6813 4935 378496
5307 4483 969918
2288 3840 1359555
8373 9549 988796
5528 5827 336168
8013 8135 486473
3727 5026 2381122
8545 1139 386070
6034 3730 1056550
6872 9205 243919
6295 5325 301165
4698 3456 1155621
5771 3961 7155
3733 2826 983497
2324 9793 146502
4880 403 1756062
4341 1994 81532
738 8802 2551766
2866 1517 264814
2146 6121 855949
8903 3434 920285
1204 652 153547
3775 7116 306616
7795 755 301834
3127 8542 295775
693 2876 619831
5460 7376 1150283
4125 7294 762325
5324 9377 1546043
8664 6072 368922
2386 7773 760
535 3373 1629522
4211 8261 1542986
6710 4107 229654
8717 3405 822065
3698 419 456545
1352 6277 1062835
8152 9549 279537
8094 2686 142510
1731 3279 985469
8130 7349 72375
6124 1042 961571
9448 1521 394212
417 4065 1001217
9902 1644 606493
8592 1746 261055
2837 8309 458133
5926 9474 300204
9020 4902 365900
5483 4605 358946
4187 1038 390867
1361 2361 248062
1131 6936 1372106
327 7004 1163409
6852 2866 640905
5262 2048 552970
9741 8046 1504339
6767 2893 246693
7163 1700 431118
4402 8950 556123
6121 2757 196
9807 4305 728120
1068 7324 77304
5501 6171 1219467
4841 4027 103288
5948 8529 222568
1671 7676 1280885
8120 5867 313590
1019 462 1762136
6909 1137 3109199
7915 5019 718468
5616 9330 707785
8484 4013 1014954
8783 7000 803850
4841 3564 124012
