143
1652 4289 878105
6148 3318 362385
4645 5295 2871838
4795 1888 109722
2063 1329 77809
5320 2412 853608
5578 9227 238624
7382 7192 630898
9012 6947 1214055
919 9029 480366
2906 2174 94598
5311 723 368582
3625 1241 233138
8704 6451 807693
6618 4458 373595
6412 1458 644954
9025 4238 695620
8630 2225 1958150
3091 6158 1020913
2962 6949 212423
5771 6736 1162478
4502 2961 2104382
9493 9141 437561
7575 6456 153079
6926 9597 624017
9651 8997 328882
1436 6659 126449
9867 5488 267107
9194 1937 251078
978 8975 36338
897 939 1220325
4094 1536 3312036
9483 621 16838
965 6385 834831
9408 163 644290
7199 5574 290567
4609 7080 18103
2394 2656 386590
8182 211 513466
4204 4200 2258929
854 5847 1042274
8617 9651 89816
5044 357 3203599
7102 7579 1787351
6226 129 1066461
4326 8325 1296661
258 5673 40262
3986 7335 31103
2581 190 1016225
3628 6261 340527
5542 1248 671361
5329 6725 2120528
8837 6688 153342
8262 7458 1988252
8436 4262 599392
5847 1409 59080
4367 8552 269507
1447 5856 1322294
6703 6011 1163957
6065 9124 484499
9936 2966 317133
1385 7098 61990
3521 2815 1427163
921 3454 86657
2176 6668 741156
9632 8341 191218
8014 7240 357558
5663 9888 115958
5458 5045 2752388
7807 3008 1303155
1019 2286 213767
7799 6593 792993
1039 8516 16210
6148 1864 246335
9881 3367 1456847
2221 812 1044520
9259 7587 951271
7954 7955 1102116
5492 5827 700940
9835 2747 595477
959 8369 358514
5895 9234 1511021
3747 4535 752351
7538 1250 636278
1303 9563 92183
6339 3063 107712
7218 5886 1183819
9173 6125 81312
4627 7114 3172143
3844 316 1255230
8384 9194 540642
7874 9293 1861944
7122 1036 128243
269 2665 1904922
6011 620 807192
2768 8803 77097
7333 4268 548519
5482 3805 223321
961 5124 326842
9659 3079 236812
7055 4965 114169
5045 5124 71239
3441 325 764530
2057 3231 45223
8704 2133 647261
436 3954 263915
4591 242 156870
9936 7856 195407
5274 862 507614
5879 4266 342056
1025 6249 14585
8136 2452 145268
9830 4245 4097986
7895 1143 207775
5373 5962 348358
463 9760 865
5842 448 189504
3079 2476 416414
643 8535 25815
3881 1089 540603
8798 2114 163387
4692 9346 1896168
4866 6131 839420
5015 4224 1013682
180 5228 128125
3551 2389 118473
7285 6354 190986
2462 3097 833658
3256 2327 128611
2903 7110 341654
738 8900 244796
6163 2443 5188
9465 440 376405
86 1453 365072
4032 7095 1649995
1039 9451 382587
1224 2742 334334
3107 3186 1289102
3544 395 240318
529 8964 607567
1762 4182 161260
8205 6044 388580
1560 1217 1063313
