184
3761 1470 75610
6485 2405 992710
1369 4232 22803
9532 895 204359
633 7865 842392
988 1953 387156
7048 121 471161
3991 7694 593214
7695 6801 357409
2514 8050 1857076
8284 1566 95308
4497 5848 660774
2941 4005 609695
6113 6600 1097444
2043 763 296703
1612 9249 583743
4009 3540 747330
5866 4502 124928
8391 7706 786948
6125 2495 553688
5783 4104 42005
1359 2594 553518
295 7634 248768
3035 8193 688358
1982 6219 790355
4429 954 1872386
2883 6208 1905118
7703 2088 676513
1456 9625 27353
8377 7572 430235
1429 4682 77778
3432 1637 135742
5547 6161 85206
376 3556 69847
1753 7001 791277
1052 2213 407877
9372 9553 250297
2375 1932 383331
9953 2488 280670
2956 1327 1830322
8560 6773 574907
4147 6592 647120
6999 1310 886044
4059 9012 1433808
6886 6779 1897569
3972 682 330285
34 5397 158986
4974 6860 350118
637 6311 202138
9158 3364 487813
9788 1076 852833
7688 6271 593636
4371 9133 1167836
2618 3063 468664
4570 3560 486031
741 1190 224247
7304 8027 10634
7138 3969 570053
6212 7752 584806
8863 7438 28550
1218 7565 8814
3182 9149 208482
4932 7560 670777
8161 4467 1057002
3745 1858 543386
1032 4381 1092131
816 8928 939132
8062 8242 737718
2308 9832 491093
3396 1270 43747
6634 1604 202953
2526 6184 41450
1916 8594 61447
2278 3412 27438
6297 783 458572
8304 8476 26528
6966 6367 47935
2337 7101 115827
2393 2038 563737
8585 5718 1016928
318 2255 1038703
4912 6176 992325
1488 4697 968654
8071 3151 113778
3916 7667 97253
1671 969 407485
61 2589 190327
5450 3315 1652
294 1147 1792413
6988 7461 207011
5054 9574 112015
4575 6700 362229
4101 3826 32141
4585 5450 134011
3015 4328 600898
8630 8748 175026
6387 2419 63900
7736 7609 972829
5126 1533 226187
2825 336 647308
6763 4080 51077
1437 7193 17858
7093 7992 98685
9710 6611 538400
539 6841 2090239
7091 7597 235822
4468 9426 502671
4181 9276 178079
6650 537 604957
6470 2525 313116
2864 7122 325497
8960 7032 1587377
4334 9267 912031
8383 5086 427512
3398 9800 321045
4190 1509 1153084
5108 9010 1261949
2605 7470 1540680
3031 8533 1185589
9673 6065 434956
1882 3918 85935
8788 1973 507195
5870 4998 118133
4166 8740 194627
8657 8831 34229
5824 7374 95899
5110 6852 7890
7454 9414 533291
8245 2114 852185
3189 6944 1129357
114 6496 516438
1128 2226 1199740
6280 3646 982704
1032 8854 797558
1850 546 737874
7735 4129 528167
6806 8854 152820
41 7369 371123
5730 2872 101913
5462 6513 151522
5145 2085 25014
3671 4308 259999
9896 8412 332277
5969 2180 1178795
6619 3313 262136
6696 5669 180720
4393 9094 500541
9850 8883 436988
8669 519 179086
7409 4126 1405237
7422 3396 1887197
875 6999 302979
9050 9954 1617261
1972 3413 674456
2234 2838 687263
6958 5483 1294837
6355 6962 124022
5144 3877 105620
1796 9665 159469
7165 6776 927723
1740 8920 516507
7400 3762 325866
2452 6868 185193
7560 6953 824858
6391 3467 954468
4437 3111 195409
2648 4442 382139
5875 5968 96279
8231 154 15945
1042 4442 36347
6549 7093 93628
4245 5191 472960
6529 1604 766935
3778 2624 1036572
6086 1985 1014840
3449 8772 1970713
2042 44 474009
2631 6109 429162
9962 4678 309799
4193 4602 325340
2874 6009 69095
2525 7049 168814
307 10 1106790
5667 6114 452761
