184
9926 8355 456486
7398 1335 75817
9802 3672 465309
6980 7467 560308
497 1828 199276
3477 3499 320801
1024 2872 551406
2056 7671 229296
9757 9183 248086
3540 6690 269254
6885 4210 1360729
8752 5829 655567
3304 8450 724922
2305 5425 619043
100 8517 582058
6966 6975 163667
648 3158 1531742
7060 5329 6906
9133 4107 1053815
6006 8027 552919
7882 4590 48305
2003 4558 482616
8266 7876 19200
5329 6220 762813
1347 9856 408769
2568 981 980037
9191 1342 1676036
5712 3668 986247
6954 4248 560396
5186 1823 1292338
5275 71 1628149
9062 1015 108578
9523 1262 197919
925 591 64735
9187 2435 738108
5068 9617 961320
5631 3804 44960
4822 3415 17566
5393 8506 1014349
9525 3556 324869
5552 8419 39895
256 9940 164833
4475 8243 245502
3800 9392 710297
7524 2502 41939
1274 1997 467260
2837 1608 746597
8652 6878 491805
4719 4662 83813
1170 2789 751545
1949 5361 362895
2154 7731 618883
8407 1802 83111
9452 2651 278921
4275 9196 69868
3766 5316 325753
5189 110 157595
2993 347 217571
5943 369 111843
5275 1559 380358
7196 8108 320048
8758 8452 292345
5361 4239 168715
2271 6512 1265805
54 627 1490882
1321 7356 723087
1755 803 209760
2535 1438 1668579
1585 8901 418465
749 8128 1178676
7143 6188 566200
9117 1970 806533
1943 5179 861378
7183 54 6105
3517 7076 607628
9519 1771 1121450
1970 5138 545519
8793 134 3432
1364 7833 237771
5806 8627 999518
9435 4887 456814
9343 265 197680
3288 8468 407560
7036 663 718880
9878 3041 628991
8416 588 204602
7162 2489 902316
6573 6225 914745
3489 9246 158866
5224 3847 10276
1920 9599 1931986
2117 510 51626
3789 8890 1034932
8381 6229 534819
1578 8510 618526
4257 4619 968039
4724 4137 975631
4393 1166 317725
2872 3143 632902
9691 312 1118192
4535 4796 840841
2939 1726 175486
9352 9984 457890
8047 2060 1006236
661 7328 315544
5544 2209 285363
2319 3035 1351999
4690 8287 199897
412 7366 219222
9896 4148 538627
8232 5444 428112
5758 5104 113179
4314 6998 186927
1670 2634 22104
1864 9981 338271
9532 6987 1011998
7707 1317 826833
811 9959 917754
2535 4649 879117
8433 4814 1146936
3268 6536 1559691
6554 5487 274508
4756 2670 25605
1107 2141 377236
858 9583 252959
6206 8019 610757
9350 5669 669294
5625 1328 492680
6335 5473 213606
6426 9946 109534
1883 9623 83555
6346 1234 68610
8859 5161 2658163
3725 9435 833289
2650 2184 261317
8319 7798 59151
3568 1766 45303
2986 2124 302000
3285 6629 1144954
3159 7172 90952
5489 7582 799156
4764 8721 206565
7789 6636 644232
2774 4303 502382
685 3168 1625689
1972 8480 612980
5337 2463 139083
7787 9065 273113
2494 1761 200201
7210 1814 861001
6086 5942 411645
3712 6116 37662
633 2790 204462
5509 6061 1354675
3333 8647 799113
631 2431 1124956
5505 6825 1599
4900 1467 512890
8983 9324 440469
921 3297 371536
9935 482 972295
5040 820 20663
4006 8610 1655613
2409 3041 26402
4253 8518 698391
6799 6756 49001
6156 8817 340826
3641 2019 382177
587 9502 724829
2755 5192 637137
4513 5795 293592
9401 2359 412954
2322 9207 167303
490 6012 356488
9826 2845 63596
856 8865 56831
7127 9762 1167642
4909 3205 813625
5296 8468 579384
8575 6547 1083066
731 1537 480071
7287 5218 369660
1609 3962 205373
2006 4458 352167
