114
4266 4201 220217
2276 6424 352753
8913 226 4255576
1499 5708 556533
6693 8482 1480791
3229 185 669875
3333 2369 341099
6996 3757 810509
3277 6134 312214
3729 8200 806159
7756 7990 403103
6549 7779 18045
597 7188 3611612
2378 5090 982212
6649 3298 330257
5523 3091 717291
8292 7542 293009
5614 3236 681306
6655 8107 1655
7702 264 1413811
2248 3133 116483
330 522 974094
5227 1707 415215
4683 6014 1328168
7959 2055 1413540
4347 9207 29980
9187 7603 285122
8935 9006 277664
7253 3967 714687
8277 2581 185522
6401 2108 718362
510 1000 727075
7517 6409 918835
3033 9953 385703
1216 3422 487041
3896 438 868652
7097 9871 258082
1305 1844 138907
4831 8389 569202
581 9814 129992
2985 1198 540418
4438 7009 3856370
7710 8428 344364
5313 4630 814396
7908 5114 1787163
2407 6109 4014
5633 2965 541208
2634 4666 1005869
9675 3791 100706
7249 3371 1416767
2719 3750 308043
4906 6892 4084373
5632 2642 891771
6735 2709 15483
3459 5709 5807755
5393 8324 251995
7799 4475 320064
3096 6115 225816
2741 3155 2744929
7789 1962 211485
9259 7268 97871
4179 5934 722975
8808 1886 1758833
2110 1221 228469
3250 7903 2381035
5933 6351 198004
5783 7982 330436
411 6318 497166
9562 2212 2673626
7917 3417 492886
6994 1836 201617
5890 988 1016327
981 2750 311795
5843 9884 100725
1982 7444 274695
6170 5589 644312
638 3123 848783
996 5955 838978
1090 5393 865794
7105 8075 296324
6812 3878 2263558
1157 3575 560291
7741 8288 419642
376 697 416465
3553 5225 67740
5749 7604 221187
5931 9222 1672409
6853 92 194559
3896 1525 1544847
5836 1217 1921622
9893 1749 193230
7966 9585 581293
1605 1073 386762
8391 2754 583425
6810 9436 215174
590 7534 242829
474 4973 1277411
1433 7877 1927034
6045 4676 1411828
6795 3546 291745
6563 8673 1414058
6424 2115 96581
6871 5525 297843
5539 1548 1613752
4016 6288 908161
5029 3379 142758
3525 6411 111497
5164 5334 1585291
1670 7245 645031
4646 3590 10955
1948 116 136817
9091 9764 3012657
6624 3792 3609403
3180 4685 768152
