114
2973 4786 886229
2147 2335 405651
8285 7163 1804647
3928 5537 2471338
8505 9879 177474
276 7377 1751257
6931 9951 947912
3605 5076 747205
6573 3999 545781
9742 3267 1034719
8666 5974 8203
4848 3361 149240
6544 6033 5699
9534 8349 222455
8589 7960 148836
608 5479 456760
6877 4626 614601
9038 8602 138262
1335 4025 393721
646 3992 203884
2614 5715 2037105
842 9273 422096
1877 3485 441123
7781 3039 498564
4655 131 1464064
7692 494 2357647
275 3518 271787
6090 7543 502956
890 585 898658
549 6071 2605401
3066 6837 49583
3994 6827 347151
9906 7004 236631
1164 9926 1355155
5927 5708 210883
8833 947 224692
4572 1195 428211
6944 3628 643317
339 6665 1984775
5937 8685 1826397
8956 8553 71160
4414 6689 963754
3574 9403 1235959
5045 420 737182
5443 165 2338971
958 2147 215125
5935 9327 1301170
505 8759 2606559
768 2482 375597
6511 1219 110453
3674 4523 622395
2195 1853 71380
2319 39 617816
5304 6960 2704276
584 6172 716670
3841 8251 448820
229 3421 1287157
31 6333 594854
9691 8814 188042
7553 1824 101491
301 8709 984346
6787 5903 709643
9115 6284 6315
8444 9577 554848
6438 882 1054640
5158 9889 539598
8155 9146 43546
7627 6663 584057
5955 1619 4562992
1760 3487 1522446
4766 67 1134232
3483 6071 537087
3028 7730 2536970
3855 8619 168159
1183 3612 1708050
2075 4022 100681
3781 2565 308148
1177 6221 168224
8647 1857 1279673
3067 1159 378741
8490 8788 1568738
162 6192 6030540
2802 5307 144854
2102 7845 886118
1532 7817 257215
9675 4750 913580
5902 3997 511207
4926 4778 466347
2716 3189 444215
7337 5703 1323686
2915 8226 4411546
1030 8293 1053977
8137 8693 881550
6382 810 729406
7521 4956 1030454
6351 1635 174571
2886 5808 206864
8111 761 837631
8451 2155 714504
5349 1742 320484
6972 2859 42560
5536 9970 1338256
2998 9992 76028
7194 6497 18909
7062 8142 1386993
8683 8885 1479644
7410 7148 295728
2010 8518 1081519
6753 524 776996
6543 1493 982497
2318 596 33575
2180 3438 589809
153 1769 270715
5008 9619 607987
