114
4146 4203 755494
6743 1279 1195482
5848 6334 806620
4964 4106 1322952
642 4133 1138253
3655 75 1317480
3441 190 1223255
799 9975 365573
5129 1048 112282
1535 4752 157697
48 3236 600749
9550 6886 1291436
1623 2588 7626
4075 2695 2229856
6058 97 51986
9406 3925 549707
5884 3498 1160878
1629 7751 1382288
3259 5194 185563
1445 4822 139461
8818 1522 1282198
3655 9421 202655
5845 4074 2477955
5557 8350 49016
2237 2259 1234881
9302 2510 646794
4074 7994 349054
8103 4226 1070478
6047 3989 262612
8275 485 1233918
3909 248 1954136
3155 4518 3270234
2915 8220 1363
5302 5654 1014543
7349 2169 113676
7710 8174 1022130
5533 2349 3165763
3216 9059 1252676
5932 8494 399550
467 2817 840084
1807 7550 456921
887 9602 111004
8649 5178 165606
9148 9783 743082
9831 2514 220429
1589 4329 190215
3673 6659 2321713
8645 3241 228383
8382 2718 426751
1715 6964 765651
2098 5689 1061342
4081 7591 1110971
677 5634 562326
3548 3271 871733
7536 7881 180531
2437 8430 546831
9223 4475 334228
508 8261 1015447
9858 7148 786155
8645 1677 1471476
6196 5051 175373
2258 3759 842246
2474 342 624512
9428 1113 333610
4955 9450 268368
7872 4420 540065
9059 1441 1321323
668 8245 1781298
7706 8772 195950
36 2853 4495568
154 6396 243621
4081 9810 165552
9091 1782 2091001
4800 6948 645996
1777 5481 36242
7855 4277 274709
2896 9747 244118
6308 8653 135520
8520 2075 774566
6665 4619 228298
3038 138 376030
7427 4347 2875058
8500 9530 449890
6651 7289 1284378
7653 7344 2263349
3585 2174 392872
5483 7302 182344
3024 7367 318359
1287 9633 300001
8936 399 249079
5585 8766 957987
1627 3989 826715
7118 9089 113406
4132 2117 212120
2789 5208 236286
3629 7042 409887
2229 57 3262873
3053 4853 85459
2494 4422 718624
6708 1592 812195
44 1224 1525810
2193 3428 626755
3936 1938 693994
1878 7200 1765110
2305 1359 851938
9629 614 2628352
9861 943 432114
6128 9661 572001
3032 7369 329240
2149 6068 2560267
6863 9403 2266376
1017 7068 1721039
8768 886 827318
1150 8829 45689
