114
4374 8421 1377549
9426 1763 382843
4464 3807 1173808
3584 2630 933946
1063 9031 305890
258 5182 378475
9695 3865 226250
4549 4420 1949087
6347 5275 1787930
1330 2023 4847971
8951 6812 98598
9118 7592 642104
1107 6401 253079
2003 1627 417462
6233 8589 1201775
6603 8854 265630
9378 8365 610246
5246 9053 1554884
3136 910 913604
6819 2001 977219
3129 3749 143418
3458 6406 2182901
7495 1363 957302
1551 4710 1490086
354 3019 2032727
1825 835 1228171
3636 7842 1486625
2323 5803 51973
9939 105 1775736
3765 4983 2363943
7322 3661 520834
5328 7788 166892
3598 8928 280219
3278 6770 176155
3967 7534 462919
9960 3120 353560
6851 2669 606671
5107 5643 64756
7685 6686 450691
5478 696 114003
5433 8984 877223
921 1053 45891
2341 7412 2293565
1656 7359 851872
1863 6988 334858
132 7728 2384167
7381 4914 126082
8350 1410 979757
5891 8817 56961
305 4105 465533
9681 7424 3387371
3220 1467 756380
3513 6759 338373
4612 2804 322048
3275 8682 235693
3517 2518 406313
2407 3412 849223
3769 7486 1631100
723 8733 167464
5027 2304 38451
9188 3459 88297
2305 1836 1596451
3707 8788 3200170
7854 5910 70355
5286 4398 243093
6250 8417 461013
4414 673 798742
3620 2216 726156
5911 359 342045
1688 9897 1374251
9339 3628 157366
6295 6268 1647062
4528 7467 22137
3209 7184 202980
9268 4774 165285
5278 4606 1136403
5085 1240 2802628
9405 6057 1065957
4961 6766 1057042
4040 445 42918
2320 8568 143581
9532 2548 930679
2001 1783 278668
8187 5429 112829
5780 6466 266756
7280 4343 707270
8529 7504 1777024
3520 1072 2379784
8786 4282 329871
2312 5444 597877
6508 9691 740498
3288 3436 1746685
5502 9893 15410
8858 3006 188127
2541 6435 131638
5694 4265 3508345
9980 4216 1010476
3800 8448 2109602
7579 2189 678671
5317 581 968986
5277 4274 369085
4784 5407 1541890
7204 5371 80831
1404 848 1572080
1019 810 1138043
760 6841 130262
3844 3047 150851
7276 112 886182
4995 5392 1137573
2009 2343 354716
4434 2314 365132
1078 6293 1985067
3520 7404 82544
2271 6405 626359
