142
5884 9045 2402113
1717 3046 307841
8005 6948 1091812
9292 4358 1067373
6655 2036 169109
439 3200 93003
2732 5343 127088
1200 6012 136367
4201 3587 836928
1767 9500 1355217
4589 2192 1058468
8330 5028 220901
9266 7915 281169
5982 258 475963
9917 8551 869279
8734 8150 27055
2558 1792 312170
3332 376 2316304
6365 2021 217660
387 5713 902843
8785 7429 154043
1722 4842 297091
7691 9755 562158
5007 3267 1537884
3976 8707 429494
4076 2384 336308
1488 8231 424146
3463 3442 1100118
6609 368 1285625
1955 983 65677
9707 1412 937459
4581 3511 158031
1654 5208 448675
3599 3236 136351
9399 832 546296
6167 1986 132025
2585 3952 32712
1197 3810 130457
1979 5457 730108
5893 769 166958
3431 3613 37930
9700 5112 58805
584 1833 531645
2400 8557 116516
5931 5904 2291857
2968 1887 607813
8067 5610 43222
3680 1351 463621
6615 3276 475384
4365 7295 778779
6277 8993 1254912
6636 7341 815631
2486 5998 687622
216 2543 708162
4406 1915 1224742
7492 2719 126380
5880 5234 810920
6660 3465 286539
5004 4770 339862
2735 3917 1445736
4024 9361 238052
8470 9472 1199705
5640 9110 1389318
1966 4558 395681
5239 446 1190320
2560 9662 635484
2598 6062 284987
6285 6374 239497
241 7552 466127
1096 821 480164
8072 6321 38539
8796 6412 101335
5381 3779 1630526
5749 1964 607675
9709 9294 340913
7566 9299 513930
1803 7949 408272
231 5339 2167400
3806 7232 2183766
7036 1314 1155153
9221 4548 1362711
2717 8135 361877
3631 1824 923953
9511 650 291541
682 7054 790274
1710 4162 53513
8536 8419 1067910
3455 4909 494135
3037 2025 110445
5814 5948 2117898
204 6093 69082
8553 7606 759441
5304 3439 1321124
7974 436 187717
965 2992 657220
9599 8111 580528
7962 9563 450253
2125 7377 2964
4614 9282 2217798
8406 8967 1286770
7551 9341 1133671
7714 202 67778
8234 3632 1196271
2968 7349 619358
9950 8426 760377
4436 6910 1451117
2397 6268 707701
9466 8151 319670
4400 7178 4374514
9059 1778 736462
7616 7995 329498
4817 3265 99558
2922 5651 147640
3061 4065 390449
3043 9050 2071973
4912 9687 98908
6881 5438 38417
4937 2652 13886
7440 2215 260630
5066 4548 1139049
6294 3116 287031
243 7237 1859816
6796 3749 467401
4008 5038 933151
3487 2553 1039965
4538 325 309462
9686 8353 50035
7177 6355 733766
9115 1204 1071028
7315 5476 269706
5498 9149 1540327
460 7452 1109911
1982 3134 478329
6792 2448 438934
5030 5721 1083804
4983 9326 392587
36 3487 213695
7411 1936 774549
2914 3277 304952
1842 4150 894585
5632 7910 346196
6059 3504 1683488
