142
9686 2474 387059
7761 3795 571404
7875 1441 140544
9570 9797 706218
3041 7449 586969
4763 398 1166180
9352 7550 1596301
7446 2918 939998
5897 3500 139107
2968 9291 5212279
5742 4462 833924
3933 9282 345287
6610 2078 2289753
937 9760 593528
8476 5780 58630
9071 2575 96041
4467 6203 841241
8296 7803 532559
2180 5766 714924
931 7285 184701
7820 2907 1088124
3681 5719 1266439
2458 131 701659
3874 8653 1172115
2889 9326 634507
8169 3746 148452
6190 7054 9277
3442 9776 1171879
8155 6112 1269104
9431 6765 2035541
835 9712 111685
3806 5285 71116
7367 4086 182848
45 1607 234745
2700 2077 156653
16 5911 329225
2077 4531 594038
4498 1926 572354
4422 5965 1258607
5571 6972 107381
4240 8802 759034
5873 8439 350166
8244 2797 325498
366 374 77012
6057 7286 17260
1656 868 37779
6465 6248 190257
6964 6957 498521
6963 8114 1250452
6195 2578 209458
4239 6424 471209
1692 2462 518311
2768 3227 433472
7875 1813 659317
8188 4562 1358693
4552 8907 257229
2207 9396 123663
8376 2397 460834
4352 4496 1346713
2496 7915 1086
5938 8671 33375
8393 1904 53658
2090 1812 1468873
3395 2855 344777
1261 7900 128167
9398 9224 947072
8977 3062 1365434
2002 1486 610301
5687 6921 353793
2314 6336 646291
33 6639 253853
1391 6047 1550560
7947 2380 1073342
1404 8586 506516
9339 6406 124986
9373 3547 294829
4710 444 2328436
2839 140 299543
6856 5695 286073
9284 8333 1586900
5271 3732 56753
2711 4080 2555969
2124 7326 1617634
5138 2432 817664
4929 1962 1655670
8480 8099 1978374
1213 2172 477058
4397 7510 47658
3543 4767 23396
7615 8992 402475
997 9820 211983
2602 7753 279374
2945 6321 341530
9919 7017 1099903
9080 557 632383
9492 1840 169620
832 5118 226216
1253 5891 539825
5948 5317 90729
8320 3199 2121407
6020 9799 795396
7733 1818 133939
546 5993 60645
1187 9014 569618
1440 8609 473896
8630 4636 808055
1218 3642 64310
5457 5101 2696464
9406 9619 85710
6302 6151 1648489
6280 7048 83376
8026 94 228959
1133 6339 148228
9337 8899 741016
2386 5576 615173
7168 9376 87502
1396 3337 126993
9420 8119 501055
5353 5440 2576640
3176 3423 1074858
8239 2893 162781
660 6329 118771
5206 9533 616707
3325 416 57585
2920 3564 194881
9021 5793 435031
5920 4809 508926
225 1058 117662
9592 7110 959522
5261 3142 174428
9606 4018 414030
8571 9361 3564453
2423 1978 403775
1749 2564 811017
4622 5089 1422845
2751 2193 94174
7234 8381 1145716
8480 502 695869
6863 5671 460840
169 2037 218301
6632 3586 2060966
2109 5579 1840638
