142
4052 1713 2771552
6262 9522 2623
1207 2420 1373191
6803 2942 1315138
1198 858 659876
3433 4891 33703
9713 2249 118988
8645 724 826722
6306 5103 483939
4564 6810 300756
1154 7850 710421
742 8132 3923209
1483 1309 934113
1889 5065 206287
718 69 867735
2420 8821 1042230
2404 8825 105518
9703 5818 913845
5816 8387 1024412
7298 5372 457995
6686 1876 1359864
4649 4745 813838
33 8609 312379
1165 2273 42530
2127 2244 1607758
6442 8974 378440
3504 8100 787946
590 6882 63072
6454 7945 660807
6505 7201 509216
6288 3372 2409924
7334 1664 753447
8395 8401 761151
7824 4540 608053
9299 7916 28037
7982 1357 1691528
9419 9605 1240382
3870 3641 198979
4799 3602 295190
1619 715 72823
309 2087 59467
5380 8189 1822541
6109 6731 1526550
4157 152 626741
4824 9381 149383
1136 5241 917679
9777 8306 54441
3034 1070 121323
4295 5592 778883
8366 6572 970990
3338 7070 1041111
6960 2301 6034
3220 9903 302929
4687 887 630944
4155 6688 1215065
537 7202 325492
6121 5666 7336
5471 3253 200617
1390 1590 175185
4907 8338 564017
743 7930 716588
3869 5726 311957
6316 3950 1131071
9025 4947 3527
3179 4360 22664
3017 996 219311
8288 8824 884604
8577 1974 1157102
2716 3455 18886
2430 1192 296942
2763 8814 743937
2087 7646 213483
9600 6878 340299
2228 586 718226
4633 3560 116939
601 2319 116579
8602 7330 2013577
7023 1748 3433989
6160 28 72552
9146 9855 414588
9934 9083 91288
8844 7233 382747
9209 3500 273291
727 1202 349868
8051 679 987117
4580 6152 891264
142 9642 4141
9749 8518 358257
741 6037 680918
4461 7526 54001
5608 6680 548060
8232 9111 173254
9351 642 1790855
4157 4017 1142026
6357 2759 16150
2113 1466 4934
5357 2874 1527051
1928 935 308757
7126 2551 333130
9 6699 604841
8708 8372 471158
4230 5734 1305166
3100 1969 1575750
5930 9589 138471
6965 6934 268797
9077 1943 3257590
3179 4933 134232
5093 8217 1248695
1234 5120 2125707
5305 6828 42408
6374 3899 448723
2072 4303 484508
9265 3592 433263
4057 9819 1640048
180 753 639603
3654 685 151144
9104 833 221890
7113 6589 73468
3670 1810 95849
8240 4771 471360
5992 6506 2047
4451 6208 535112
3906 3376 1783445
5023 707 193302
3264 1322 639549
4199 8029 2102100
8781 7996 34460
760 3924 3030073
4941 6566 48773
8939 6966 110336
5795 2662 158462
522 3695 265786
3719 321 1790100
5247 268 855421
3087 6019 1332243
9114 6423 320397
2098 1371 236558
562 9804 12073
5571 2217 371572
8445 900 1048474
2538 5027 1378702
7194 4885 890069
