142
8496 826 1188821
5908 6731 124101
2092 4047 448769
8665 9582 4894245
5405 1824 285620
5600 8236 161589
3752 1544 225644
1595 738 735668
3507 487 129951
289 1102 150031
4477 585 789408
2994 8226 649500
6567 1047 762909
5223 9204 4554648
2200 6312 715101
5018 746 290263
2858 1902 750967
3130 7415 1992868
4980 2078 2182551
9030 4564 289994
6302 9662 2507917
759 69 836833
9734 3016 227036
3183 2630 2577938
8685 1114 248304
9810 6775 916984
6644 7730 130244
8830 6615 697624
3678 2606 2062633
4360 6476 493873
4481 5115 476256
7797 5884 38785
1074 8976 137042
974 2817 136155
4446 6406 423666
5640 8686 903537
9541 2464 1469356
553 9146 1059688
3134 2938 37743
9488 4669 71406
9105 7431 106064
7273 5166 1819881
9665 2249 644811
9355 2717 770423
7602 736 2065726
3829 3747 527451
7457 987 590064
4502 3845 962449
596 9826 516543
2125 4874 348848
7486 4647 1345298
9575 1661 1067007
9859 3123 494070
6456 55 328563
2884 3197 71692
3865 5437 1867110
4334 2621 129020
6960 4978 662816
6958 8589 261497
3869 811 9398
8018 7150 466319
4208 2441 215482
1172 4357 1762580
6671 6566 511584
6367 316 356809
1510 9371 441487
1133 8928 683582
899 3401 226530
2593 9037 47728
2865 9937 306652
1269 2843 1797756
8928 9305 532481
9267 7164 745525
6120 7031 1266088
6069 9859 149041
4026 9069 25228
2423 9128 492150
9646 8291 45324
4743 4198 575680
4416 7615 170088
1606 1535 32931
270 2565 991457
2371 6117 224331
1259 8627 386692
911 1579 251707
5021 2750 651692
7755 7347 1000425
807 619 150647
2651 7254 1570881
5915 2787 2630269
6887 5202 183444
7962 6974 262082
4850 9701 26927
7926 7695 259430
5493 8291 746670
2214 3315 403405
8586 9212 1388311
5402 7273 190883
9381 1432 1422805
8091 4002 390818
2966 3244 40966
9633 2324 2161994
5815 7073 1186171
8830 694 701491
3712 3470 1898350
1930 8677 255293
1476 7947 470955
240 3589 93737
7651 6390 945454
4494 9604 145354
8198 6585 350009
8096 1685 288147
1272 9729 371416
5449 5558 43088
9765 8154 30576
8584 489 104781
9658 338 135826
518 6128 621296
8186 6760 144230
5331 8567 870247
8078 4489 28126
9801 3744 2159289
9570 4075 1234488
5009 314 473174
2991 5397 48172
5825 7252 206655
7507 5884 1234097
1822 5788 253001
3623 7826 52150
9894 4861 763063
9613 7014 756893
8364 8410 1043872
9992 7126 825804
8552 75 66815
3250 335 68980
4047 2969 891843
522 8092 161483
8306 8263 501408
6560 3600 1316551
2991 5045 1271453
9139 233 58798
734 6137 376184
