142
2617 2123 571989
8638 7891 919375
809 3902 761107
9767 3160 522663
4673 506 95497
937 8945 25397
6857 8368 910306
605 3241 1346041
2962 1785 18900
7915 7067 2112830
4000 4033 169024
9889 7576 1647335
5785 449 87650
299 5093 1057099
2177 1197 125290
6571 6570 147564
4420 5238 304124
7095 7215 622575
9407 6770 611085
363 5775 1090548
8 285 524523
6703 4478 798703
9203 2430 1152697
6679 3647 3274829
3775 3843 264850
9247 3964 154169
6377 4042 340460
1563 3189 870862
7431 3069 3520642
5837 6881 422017
8310 6223 993656
7596 770 1305731
7950 1012 20880
3296 5843 505188
7629 6993 1765357
9609 5527 251733
6090 9945 248297
9368 3746 1089460
5692 4866 28050
7487 1928 320510
8500 515 295604
9841 1963 669713
7487 5785 1067908
4489 6791 357498
2625 542 2992
7475 1081 57687
8078 6254 708526
1443 7678 173427
8119 35 442100
833 286 2039205
7238 572 61921
6694 6146 572339
1173 7761 800404
1438 2896 39265
5921 1786 946579
6648 5506 59454
838 8182 1004183
1261 2094 704269
8253 8897 455741
4388 7357 376862
5063 1755 43541
7526 1121 49573
8375 8967 775434
9731 1591 51569
56 7135 364072
4783 9098 307173
3662 2841 31068
7390 6915 299796
5120 6078 305668
8665 4778 595158
1102 2616 660933
5911 6917 380467
3883 742 1875538
3576 9568 498688
9127 4668 264838
1694 1310 123863
594 6489 698829
7982 3991 642092
769 4532 41908
6974 2017 2375735
5981 1054 481450
7458 8236 2183679
1648 9072 1410472
2382 603 1124282
409 6454 41277
6133 6893 450176
1643 2704 252571
9084 7280 2217664
5590 9086 1856446
9047 7778 180041
4725 4310 650246
1557 4243 159026
6295 1243 998363
709 4365 1266377
5648 5389 1383928
6706 6050 764630
4707 698 147983
2494 6897 64859
3850 841 78408
5030 2295 1612807
8394 3234 65742
4268 4708 1071627
393 532 350170
7778 9591 346274
5215 419 352768
2158 1672 31557
8018 1564 362460
1659 129 3032502
8474 3850 1139068
845 5811 1182631
8825 1766 208099
8953 4176 673262
9587 8480 2088134
764 5955 15552
3809 5663 432439
8729 7459 723069
990 2990 570565
6620 946 1193931
1785 8712 418677
2596 3144 113497
9915 4808 452691
1906 8241 558021
8383 4714 385649
2050 1725 447226
636 1730 672959
9962 5016 207268
2178 1892 908397
5164 8191 32020
4746 8464 467974
8021 1840 506157
3286 647 103340
8364 2209 967481
8808 6069 496517
8328 3097 1505051
2958 6571 851014
6682 1086 165861
4737 728 2377235
8908 2149 1105646
7786 173 744986
6891 5575 1907187
4998 1959 560769
6591 5560 659209
