117
909 4596 988849
9506 703 1488158
2711 6291 861327
8507 3390 1452185
3951 7813 473824
8810 4602 915696
2260 1233 454219
9156 6091 627542
275 5080 3139300
7467 8435 786295
2882 1708 202115
8387 8621 116195
2141 6735 183506
196 9957 424011
2492 167 539257
247 7015 342704
5292 4359 1270703
5830 1355 283761
573 9962 2260520
2346 9838 1157018
7703 3703 1245869
1511 9556 802598
2904 9750 297521
6134 4965 403467
9845 1655 1527031
5172 8535 879820
773 6480 1190879
3890 4928 2410491
7863 4267 477632
1710 5612 1014973
4798 3792 1047758
4664 3856 2245546
1496 9464 554366
4162 1786 1541488
6599 1498 1704524
8087 8550 196147
7986 313 1010593
4820 7566 819625
2855 1074 1946280
8113 1448 1501435
499 646 404523
9946 9232 75240
1718 1308 1738890
7227 7789 1068724
7996 6452 294741
5737 1419 65431
6066 791 186433
4427 8723 1719228
7386 2316 60312
5859 4841 31990
7291 7799 484518
7144 5632 1705515
7182 5261 212919
1165 6840 87838
9593 2634 945997
1746 1006 1753147
498 5451 322294
6777 7209 139864
2475 4733 444314
9082 7710 621860
9783 9367 306098
625 5196 1444358
4113 5338 216752
8893 9001 1056985
602 3403 1327615
987 3862 640518
3786 8377 179757
2186 2219 2830896
8316 3759 87845
5932 9588 748417
637 2533 866571
9513 9196 1463808
3108 842 175003
4373 6984 156781
7130 4313 296391
962 8795 550333
6010 6864 1452597
2157 7466 126509
2631 5852 1496388
2387 4601 2604583
2380 158 1609165
2651 2565 3235304
2882 8396 252173
9984 238 454260
7592 1518 330962
7049 1406 717025
8793 9627 1295935
5852 9529 1563674
2136 636 636479
2073 2640 404390
4495 9449 3739
3604 3989 3483627
4876 3778 251721
2038 843 105660
4720 342 963665
5281 8777 1625027
2888 6686 482921
5336 1563 614607
7410 3403 719049
5728 6576 174503
6570 4232 979489
1623 9694 2711314
5836 7752 429543
1097 8353 642753
2759 7303 209601
2700 8467 69507
8363 1491 1714365
9055 1218 337282
2858 559 233039
5227 6093 212485
5909 5804 348130
4577 168 93360
6208 297 313434
7744 2248 159419
2097 6914 337630
6230 7272 443212
7022 1394 664340
