117
2010 7726 795584
4688 9955 105826
5266 7904 1957744
154 8284 71741
5268 1724 964360
1145 4057 55686
4403 7908 2753840
8391 2549 375130
1415 1839 665388
524 9162 2618194
5629 3571 1651338
2687 3302 1914873
8743 4395 191694
5818 9310 1708230
9420 5143 986733
1656 3257 3107367
4444 4394 161992
6982 2895 488335
2453 5023 339668
6775 1629 1438697
997 9412 121029
9139 3287 337206
9495 7114 150667
1283 1640 1017979
8587 5153 369626
4660 3800 1084787
146 8487 1369066
1606 97 466677
7525 1371 1320551
5107 7194 1580754
5248 5053 115995
5396 1149 94812
2902 1914 464263
168 4792 1174008
7868 1859 2468391
5494 7121 622587
2937 9601 52967
3679 4249 33590
8697 990 214265
6382 2073 813597
5705 8682 195865
7492 3934 372404
5101 7310 81327
292 7335 2107597
7520 9138 238085
9133 3046 179999
4216 9374 862293
6265 1240 154649
2680 5998 704202
2824 7735 2693035
425 2509 1188873
5483 5161 788114
9996 4955 1653597
1163 4123 137744
370 9323 602369
2679 4577 1265658
8782 8870 231536
3905 8246 209269
9615 3504 1329329
8025 1001 692743
2060 8849 205402
5325 1360 277778
2219 7143 421608
5718 5087 98003
3149 5077 1112141
1677 7470 1207663
6076 3869 164707
4893 641 254452
798 2642 2318174
964 2948 650646
4961 150 185692
2311 7835 104160
2840 2075 130316
9435 8616 405530
5146 3013 2585053
7594 3846 1620810
7902 7628 1473197
9447 8717 3730807
3607 1195 623535
2724 7515 161361
9778 7419 56924
4227 8932 871095
5190 9748 1221788
5616 5846 1281045
6002 958 2053184
1974 8839 350869
5616 6577 827102
7192 3158 2605772
2026 2360 509498
1470 1044 50607
7676 4746 1911653
1147 7650 2526708
2104 4457 11821
9190 658 616374
1002 7196 858660
8714 8748 2707595
2283 7190 545539
5336 6295 230836
9418 4102 523199
9475 1214 985725
1170 1441 242222
8446 1466 618380
194 23 387722
4573 9750 135269
7994 480 60007
8805 3528 1485756
6220 8382 450002
713 1451 283147
8074 8829 723489
8851 4547 868263
4333 3722 232962
7951 8143 225490
8867 3197 1486344
7699 639 508161
5393 8016 331738
996 2553 305975
6310 9870 1264119
