212
6113 3232 534368
7710 6700 138431
2972 7702 250077
7440 6499 156319
5752 3494 25294
4490 4062 863828
7392 9908 275012
554 9235 450984
9843 3981 279811
5398 2799 29627
1164 1880 243882
2215 8925 62443
4941 6593 3611
3132 9441 71033
1924 7855 18464
45 4113 98891
4454 6230 901952
5133 398 138097
7762 9921 198738
5186 2675 1026555
476 3649 212452
437 2710 494963
2647 9602 399167
9293 8278 143758
4475 1760 377822
9454 2549 677619
8692 8184 352005
7692 1589 121054
5985 6582 551480
3591 9910 46980
7239 434 581968
6931 5601 681430
5684 5778 219888
1860 2808 94323
9719 8311 511509
2070 4546 240190
8735 5761 3472
9863 4764 2075705
4981 4790 396855
7910 915 271089
357 354 1106400
4633 7967 29917
2240 9526 590014
9367 7976 1165403
2046 225 1245650
2112 8610 120545
3982 3336 217337
6276 5075 659371
3088 572 564892
1620 2907 20728
504 2673 300772
111 7407 731027
5086 6902 703478
5019 5282 730441
7869 6330 1108156
5221 1447 508913
5538 9257 347591
2496 8644 415507
419 2593 463482
9855 1542 45634
2560 5091 275138
205 115 285389
9142 9553 421196
6894 235 183087
1069 1085 311258
8800 5015 38240
8865 9387 295175
1748 9070 377028
4841 241 923088
348 8112 191237
3654 5255 1182839
6363 3912 1634691
9370 7125 233165
5327 2985 47111
2588 2577 743313
843 4756 551797
7607 195 916420
2916 2302 76171
8650 1807 10869
5361 1415 71540
4015 1104 222149
964 9006 6075
389 209 339506
619 3795 426436
8429 608 256768
9048 3962 77819
6392 8177 71052
4937 5817 144165
8626 9646 58545
703 7916 1270466
2037 9417 30772
6880 5250 648781
9416 2824 472943
2508 8389 35227
3278 5599 768410
2032 8968 258114
947 2358 203473
1271 2616 91691
1976 4424 830912
372 2693 409191
5948 9942 862288
976 5570 223774
9860 5764 147892
5149 2442 176582
3454 4011 38914
9194 3121 634328
9151 5349 137717
5724 1564 201141
732 9809 66349
2610 5363 940061
9040 3052 59208
3956 2785 497861
4547 9899 118042
6175 4956 54022
7463 8633 151206
9507 9107 170472
8991 3807 142396
9529 4572 199252
2298 9820 741936
8346 9795 356194
5756 1704 198073
8200 7427 53823
5396 847 124173
4586 6186 819304
8748 2701 3244322
6580 8970 1292019
731 2632 470553
2580 1076 2447762
7955 7386 145735
3627 792 684462
6165 877 63045
6260 1351 1744317
8857 3112 911068
3670 1385 652739
4975 9 201103
4760 415 619597
7886 4882 511198
424 6318 1398496
1179 3858 936826
1653 6614 79324
8000 4231 173954
5117 5654 95136
161 8629 758824
3297 7 2093095
3395 6960 437164
2069 5397 231176
7839 919 179122
7301 8732 562068
5220 2023 1048748
5240 5751 522120
1280 1882 492792
4751 4492 263133
2667 8475 1025033
1855 2369 723151
7360 9945 320142
6649 1057 99290
2905 2211 705474
5207 297 47870
6183 1286 522167
7650 7838 102011
217 399 263220
2979 5080 1371222
7810 0 829852
1276 3672 225404
7629 6954 146525
1242 8368 147600
9275 2692 29556
4186 9116 291863
8192 8431 762123
4450 310 726972
596 6174 27439
9461 4561 879838
5988 1894 305893
2982 3870 356657
3500 205 1254173
6102 1488 1155565
1572 8604 614131
8731 3747 358587
279 9232 671026
806 1628 315318
6487 4898 156181
4044 267 150308
1419 572 260387
5127 8053 18987
2106 6395 1018690
3723 511 84092
8086 7882 331089
6735 5738 582941
325 12 855261
7414 8866 72742
5432 9793 2388896
495 8161 99540
9205 5085 14677
13 2450 518335
3665 2190 548767
9670 5129 209007
945 1886 415742
8435 2745 1013149
9018 9928 97994
3427 843 1703457
668 7309 340259
5840 8238 56805
3302 6872 816424
8490 2463 83535
3299 9588 1515984
9986 1037 750992
7678 7938 101277
531 4057 270495
5872 1482 38277
2783 803 333525
7249 127 425091
3766 2638 386435
