55
7278 4185 1993975
6106 709 926916
5915 8764 136324
2570 189 1685929
5614 2142 93186
2713 8076 316103
8525 7111 307375
5011 2444 1963348
4830 5155 1224109
6187 6008 389691
5069 711 422231
9883 2779 6173179
8953 4809 1237623
5283 1083 3197395
5544 158 3864406
3275 4729 1311098
7591 8486 657830
3054 6142 615641
9776 1368 2951242
651 7822 2584737
4907 912 703987
4084 7028 1323301
7221 2055 779436
427 4018 45120
7829 160 428572
5033 4020 1038578
8333 2726 571241
5115 8783 3620747
8479 410 3403952
6514 6955 40279
4104 4393 1541854
5009 7962 282163
9192 961 1679660
427 9628 4587153
2471 5876 1745818
7989 2668 31054
3486 5508 518330
4630 8553 2506549
1292 4818 1948320
5917 2952 2323045
596 1977 519195
4491 7703 2700944
349 8465 861840
7964 5647 319473
183 2352 3912132
1170 338 2156711
6119 5171 526290
6030 8269 4638687
8069 6718 2296681
4586 1536 6502176
2106 6683 404085
5892 8282 4378492
7060 4882 473365
1300 9491 6123091
4462 2616 3015341
