55
5237 224 90226
2683 474 10871966
8383 7294 427483
2245 7424 506418
4299 1674 541056
3532 1373 869489
9587 3365 220892
9680 9491 2984714
6952 8188 2822766
9361 2624 3344360
5312 4883 749743
4731 6509 616748
4165 1408 1821806
7050 9882 6634493
4042 8810 702674
8740 4704 357602
5183 3184 270142
793 3917 3526756
2556 6199 6019975
6445 176 1795584
2841 1336 1124366
1277 135 535937
2833 6849 1134512
7736 3175 587197
2324 2934 3157857
9719 7185 1569856
8853 9191 1604025
8592 3366 177240
2069 4102 4189417
6144 6368 165241
5415 8039 864325
8816 8702 1271178
8694 9014 153815
5912 8552 509663
9769 8021 2960413
4109 7608 3575
1471 3159 1055198
2960 8836 2124624
1183 1373 171337
5564 1037 4259888
9259 1761 437330
3139 2491 1222365
1546 198 139952
7825 1516 7731157
6150 7330 1415578
1185 7897 839378
5685 5506 3544336
9178 1988 740413
1818 4301 4751513
6828 3934 735854
2303 6464 477387
1688 645 4546719
5596 8376 544280
4371 3132 77644
5679 3960 1537
