55
7688 493 1160960
5486 4285 3712563
3974 4680 533842
8676 7747 547976
7110 3465 207680
6552 2109 390993
9749 2167 1028030
9639 2082 1882327
8066 5157 1146706
415 1577 284808
1333 9006 795963
8520 6144 4659821
4789 7712 6824639
9269 3524 452640
4446 7453 97129
4569 2458 1636051
5185 6257 1444850
3722 6475 9009075
9540 5877 1017189
4958 2164 362108
4473 8223 73197
8336 2087 546159
348 2634 4546555
7840 7578 590010
4562 918 2222897
7158 2440 2471937
5028 2575 611019
6698 5245 4812197
7917 3077 1797341
9004 925 2543052
9573 3922 1751826
2828 365 1766585
3605 1215 3225366
9040 7275 731136
3434 6984 848134
1096 5650 1307804
3151 2145 1416821
7380 2092 1048237
232 2689 630105
3517 807 542660
4564 7230 443528
6254 7330 4214453
7826 4792 3235874
6909 8205 328454
9036 8908 2808069
3133 4895 3441222
6169 2504 910486
1386 7582 4613533
4879 9889 820313
2914 7550 1571143
1007 2301 443307
6944 658 3431152
3901 2398 271157
9445 9628 1154898
2597 3024 1634023
