55
1580 3068 1044620
9383 3827 256264
9604 7964 2260867
904 5954 1212615
4194 6454 210497
126 2114 1268123
7244 3992 1763261
4311 6446 3634030
7271 8997 6314164
6595 9496 4805315
9157 7865 2191411
9176 549 2808468
4418 5758 844458
4902 5903 1365192
199 50 1108769
2324 1587 1881865
7850 8474 453715
8559 9808 3089114
9758 7196 1128945
8496 2057 2555377
8874 9885 141442
2401 4129 740870
7026 9345 3020070
3267 4443 362411
3429 1227 553247
7039 8018 897085
2695 8847 227315
6258 1196 156375
8887 4983 35333
5832 7698 324958
748 2770 1483515
2265 1812 2795995
1797 5583 1129549
679 7920 5701371
8753 1793 231129
3615 204 1148710
5951 3480 1100127
5522 6614 501931
1224 7175 314265
2578 7045 4643852
5962 2836 672718
112 3156 6110408
8334 7490 941163
6766 3241 1595130
2795 7816 1874811
284 6231 36858
874 7573 2145275
7429 7005 4502026
7752 7502 997606
9194 329 278439
2964 1738 383167
8664 846 7480505
908 6909 5156228
5283 5854 498095
4272 5237 1620951
