55
925 2315 3420771
3672 4861 516754
3738 4566 254945
200 3401 715427
8899 151 3881718
2687 2015 2611641
5520 2652 2569648
5657 6946 2065889
8837 4295 805450
990 2975 1519718
5650 5037 560543
729 3220 499109
7020 1385 64714
3231 7698 142570
1572 4694 1440954
6184 6410 2695428
618 3565 1026753
1425 7480 686377
4496 4222 2218804
336 2546 5320039
7797 1303 2400352
8511 8233 1266061
8514 3375 216945
2838 3502 589712
4956 3510 157564
5892 7220 1447836
9385 9599 2127130
3387 7240 1043382
2045 9874 206292
8557 7576 4302
669 9129 2322615
4719 8796 1287696
8994 64 2487885
3038 5531 626774
1664 7374 1412508
217 5957 272771
5049 9262 4507324
5863 3990 2398167
4877 3657 5462215
4943 1628 21403
2822 7605 1112981
9872 6443 2754119
7999 5611 2348496
1794 8244 3702784
7325 4849 346673
7734 6978 3569558
2548 3877 7019529
8384 3110 63248
5823 5277 4253850
3059 1238 619693
6804 2599 1311876
4402 9751 2177611
7181 5804 700167
4250 8373 6087241
834 2410 655988
