55
3456 7865 10011018
7660 9124 79159
6896 885 2006417
8047 9619 131306
617 7374 2786742
9269 1600 549591
7544 238 1655745
6022 4648 117272
8267 4614 31487
2441 4111 2226204
4713 9964 153324
9317 2622 191626
8612 1839 3102502
2863 332 1063456
5455 4937 1589858
7615 2016 1406599
5671 9694 486554
6218 4308 3880176
5009 9448 1569662
7148 9386 1620618
7156 1402 53928
4059 4081 1335402
7487 7888 1166727
3150 6420 929211
4597 3379 4960473
531 6749 2457802
1967 5917 832343
7186 4857 1352936
7952 8847 6224599
623 9691 1459734
4097 5292 4917593
1933 2131 2926959
1477 2324 329448
2831 2670 1715583
180 4543 529539
8775 6760 5868283
4261 2684 1356855
274 3968 186101
1985 5602 363480
9237 9943 2629329
9 5837 2189994
2419 5623 1736293
1578 2971 1923686
2101 6225 225672
9703 6719 1074135
9192 8766 410875
7594 9118 718700
6337 5134 693453
5897 5744 7706254
4722 2192 870870
2478 9002 2605048
355 2893 1023769
8344 7510 154087
935 1156 2123524
9136 3982 287999
