120
4414 9262 677166
3931 8899 308195
9988 48 2261264
6131 3784 176597
7940 1487 192227
48 6522 124373
8671 1733 1135825
9253 5060 2074351
736 4654 114287
6953 5702 1172231
5537 8254 170437
7017 2165 631581
5846 3714 240919
3694 8762 500138
3395 1317 250489
3807 1748 163771
9245 8733 77609
5386 682 2007264
4730 2053 612394
9069 2267 290226
6786 9315 231408
2662 5836 67318
600 9695 124936
9886 9564 169398
4134 6366 1393848
8523 4069 898572
4974 7457 268074
1107 8507 879532
7053 7775 968296
573 9045 349214
8486 7908 746345
1167 353 275224
7346 8556 486780
8867 1111 881129
9640 1060 2488009
4025 8436 74313
7218 3543 1866957
2693 4517 534314
5069 848 1298473
3519 6767 1536833
6845 9485 1746022
3377 7106 3112045
1937 6369 837048
770 8768 544584
6559 2087 237056
621 3614 128327
6700 5080 397535
7011 8913 135793
7688 1116 86044
8832 4547 67960
6040 6632 688264
750 5632 1441183
2824 1634 143594
920 1767 415284
4636 1974 182759
2859 9820 623857
2814 6099 60694
6236 6039 461671
9189 7820 366967
5562 5990 1013256
9424 2847 4776223
8113 2259 740151
8993 46 275240
6298 9726 60507
7772 5616 1122878
1676 1827 628480
2116 8012 162021
4787 4100 1529572
6589 4525 1741509
8223 5451 1423412
4282 8870 1223711
3632 1428 1800774
7893 4450 695546
994 507 2129562
9596 2931 373680
901 8148 639487
8382 8476 92239
773 1403 364352
7087 3271 503032
1666 3075 500315
6674 3596 457990
6808 6845 1301919
4237 581 461299
8090 8946 1489028
9706 7452 1078407
5179 3855 279777
3781 6637 736613
3160 4226 1133702
8187 2556 1164329
5047 4201 1775801
5912 3368 558337
3123 6227 388167
8103 654 715093
869 8850 99656
95 9809 415219
8211 4227 76240
2461 9856 417559
7551 5985 1211330
5724 8880 757687
7280 1722 393200
4189 9685 916074
7360 7002 191768
6083 8519 9583
8163 2897 266792
3924 825 619198
360 2067 4920744
4927 3912 1064788
789 4581 2291356
9075 7614 2408612
8107 1575 1217091
3920 4840 854535
1201 8708 102999
1556 8571 327930
6740 5566 1756014
3241 5126 1611685
2723 3612 213440
1063 9817 140740
7943 5410 1134779
1139 7431 1408717
1912 414 1438851
