120
5758 902 168140
2337 9518 1357936
5714 4796 1377838
882 7218 842918
8014 5153 27347
7350 2287 2322050
4382 6657 592944
8701 4798 482527
6423 6373 520399
5854 979 2903819
7596 6175 527124
9490 6705 685910
4664 2228 118810
3558 9141 951152
5072 3038 1042764
8917 4162 1659644
4664 1572 258091
1005 8924 362439
5850 6548 1090557
4819 335 3332946
4197 4791 438785
1572 4336 2174372
5425 63 266452
290 7438 1399662
2054 5866 107492
1445 648 750099
2615 7955 123015
3369 13 282106
5788 276 478857
34 8048 488349
6982 955 1960760
581 5758 739860
6814 2675 173771
1691 6680 1332678
6767 9776 291339
6913 7318 672698
9625 5167 1263277
5803 1413 1806699
1660 4856 251015
543 1125 941253
7030 4724 2180038
8518 5351 27766
6648 3598 2253291
9997 982 822341
1729 5740 867570
38 3276 434905
1243 7675 155869
5473 6280 1332660
2010 1756 313912
7856 5481 773091
8861 3626 1776819
7713 6529 795414
4886 5252 1968079
5476 2325 1819748
807 7869 743900
4403 2506 46614
1053 9257 661489
5353 5341 674360
5085 8388 476189
410 4726 1006144
2537 1387 453842
5718 6123 103506
6115 706 88780
3655 9568 57265
6669 6448 1528402
1571 503 620131
1597 4973 827508
4013 7445 2334000
3112 6086 620688
2389 2936 402258
2045 5813 321787
8898 8290 1718352
6157 9734 1592071
4471 5760 747929
6210 5474 246473
9981 7584 680323
6815 2539 267968
4513 282 776413
9116 9528 2038154
1568 3952 304783
9174 6341 489279
754 3838 433036
4883 5735 1825802
2788 8448 1038434
8683 2368 1055740
6659 9543 165264
2084 9823 1998163
7754 6267 17520
3703 1213 111499
7591 4390 126711
8013 3770 1651603
5151 7050 617195
6642 5276 288328
6990 4788 161368
4435 1479 714631
7339 6793 697334
5519 747 184064
4207 8578 681797
3552 4960 569544
7954 9025 448079
4676 2302 2550386
683 9183 1631291
6396 8034 775859
9767 8921 25016
5411 8166 794576
3409 6023 2649132
5463 718 398946
2301 9067 600205
3822 4381 166706
1231 3462 427051
2791 3506 725289
3667 3877 380400
118 4216 489310
8623 3092 285487
9457 5530 1413038
5870 7957 403395
4791 7573 504038
1528 997 59081
693 8688 741036
4718 1858 275641
