120
37 3753 157067
2810 7369 95498
6682 3562 266649
1286 5370 2202801
6527 8202 1250872
2225 5015 3344782
9795 2509 90750
4538 5667 158364
6176 1616 491501
5973 3483 557466
577 1947 259543
9887 2570 949073
7337 7127 328302
2755 2748 430950
7716 7610 191368
8747 742 956551
6058 790 4304642
3435 7840 290344
4553 9788 272656
6802 8805 1997647
4903 8333 1101671
9616 5970 221407
9914 7888 3263561
94 702 273758
6757 4387 31477
5470 1200 756512
3760 8979 2765993
884 8128 542535
4087 3142 1810726
3299 7101 2134260
6751 574 196358
9435 9660 123190
9409 78 2537309
958 9016 530895
9598 7717 139189
6681 4008 48465
2006 2031 2529514
7992 7000 2569905
7205 9165 735679
2027 4383 251445
3797 2836 493967
8564 8363 186083
2237 1971 26881
6257 6450 3326768
3052 5332 322824
9779 3987 559840
4693 52 124582
751 6671 1295769
9087 6515 218259
6850 3577 270960
8347 9519 46178
7786 3768 2029966
1755 7052 928463
4853 3177 1784387
1642 320 299441
7653 1187 81755
5425 3773 261488
483 8485 553738
1645 6052 594919
8800 3670 241716
1827 6791 3085414
579 2524 316880
2743 9285 308829
8953 5047 317815
1546 1738 68289
6208 3400 1625448
1822 2360 604212
679 2450 590768
9467 6139 21285
1250 3336 555111
2389 4821 797937
7064 420 872150
6383 4838 1000354
8718 9627 743506
389 8095 484931
7643 1450 1065478
1520 2597 917453
6167 6395 699190
9615 95 618088
331 1836 467229
795 5057 120360
2765 1816 679763
8652 7609 547900
3087 4857 389919
3443 8894 1001592
3955 753 1179365
8336 595 425106
4874 9232 848764
4251 4577 23267
5107 1739 478190
7123 1869 220523
1093 1328 534249
3093 2241 1226531
8809 490 2465052
4819 1451 325873
7104 2364 902507
380 5539 1287371
372 1282 1863794
8782 1778 229924
6663 4650 1860237
8386 8357 1235490
7235 9730 1492229
1950 8659 1221228
8741 3567 249554
1499 5997 535174
9415 3873 452705
6265 5442 301380
8137 1466 30170
4251 1122 345049
1057 119 1066206
6071 1895 310822
2066 8302 673448
1106 1516 27609
3530 2950 326745
5770 5592 1077422
1292 7921 1109478
6266 3062 712321
5281 2833 46570
8417 2364 1078216
1261 1030 1128871
