208
1795 1243 172217
2398 7664 515696
8037 2508 171952
5033 9819 129952
3914 403 615284
7415 670 260348
2715 3818 1736880
2001 4100 1577367
187 9258 159060
2888 4869 1679955
9775 6867 142158
5570 5012 825831
1939 9639 331643
7369 8253 756400
8118 7256 21007
2013 7870 93412
5408 7518 192335
9610 5540 80899
533 90 1481854
6064 9427 316913
1705 1424 150963
2648 4247 452793
7868 9868 93879
8677 4514 98042
4517 7142 1066041
2626 911 54901
4518 2986 96553
4986 4862 2452879
6805 5866 16546
1156 9652 372606
1204 601 798260
1923 4350 757960
9669 5303 498244
9673 6415 232936
493 2371 483155
2378 3416 214442
3888 7918 2686
669 3763 51338
3304 14 1000879
8192 6549 487706
7369 6110 575017
6968 2996 114476
981 1860 113946
9883 8253 1014809
4831 9947 152202
3269 6806 94434
7872 2656 12447
9547 4518 146562
131 8047 358231
3755 7775 33234
8434 1374 174862
196 6466 257472
8419 8743 598603
7628 644 802626
1082 8573 218511
9264 562 918321
7147 8583 463215
5072 4354 1351062
1062 8630 1281748
6792 6544 41258
5625 4167 1472378
3337 4679 145315
3920 2954 2378392
8279 5086 9978
3966 975 339677
28 4183 571864
1650 8146 2443
9717 5286 640734
3906 4616 756626
9866 5905 302667
3546 7395 481955
3597 7018 474769
8748 5239 327658
5381 1104 318726
5280 520 288837
3830 8479 715706
3699 9630 934884
3722 3608 253175
2659 5088 120654
9797 1632 121317
2417 4540 616813
7335 6790 96942
8630 693 141429
7547 4793 129657
3 9243 167650
5588 3266 90536
6184 281 19542
5157 5049 266768
8427 9924 462457
9961 342 705557
857 1498 321360
7779 9544 435085
6099 5610 33057
4677 2031 852989
6775 5210 88663
9591 3796 16639
6389 5870 20972
9322 2469 70901
9476 1497 110639
5250 893 132794
7269 655 160731
3905 4641 207417
8805 9264 82370
2763 6651 150401
5188 2994 200271
1293 6106 2699016
3353 89 71080
4709 7166 57026
5694 2566 393452
2602 6411 234441
5526 5890 148176
9295 7332 961690
3506 7352 338634
4723 3633 585525
8966 9440 647507
1047 5799 233011
6766 474 873823
7994 4656 239852
5044 4586 318519
5266 1880 1527657
7555 6718 668008
2677 5788 313717
8353 3526 62647
640 5892 95148
9385 3454 68149
2983 3619 307301
7993 8668 115156
7834 7240 132617
9446 4125 5082
6369 6149 768895
7099 1686 1267717
1238 7946 294162
7797 6868 115317
6593 5409 362427
5298 6992 618612
8844 1970 471599
7263 363 164063
1643 3472 17213
7672 3610 113318
7573 6371 232576
7318 7342 504723
7190 8647 836485
7751 9606 1757594
2866 678 569189
8895 7810 155990
8413 2332 1794205
571 5855 250214
1690 8459 152795
2090 8366 757892
2911 238 1397641
2298 5813 385012
6788 7081 1109088
4349 3086 521866
8428 1975 231543
66 1518 238066
9911 9825 212885
2923 6466 396583
6064 1726 239741
4150 6369 368514
8906 5702 1128060
6425 1421 1137963
2090 4264 603935
1378 2085 111764
7732 8403 504620
7115 9209 1756826
32 916 179221
2943 5492 102801
1070 6053 842714
6885 7959 952831
3372 1033 19633
1343 3682 92143
9392 3900 694197
2016 9728 596661
8149 6436 1196325
9026 3092 171443
9498 5686 220037
164 1387 1549685
6300 6441 1053416
9262 2734 431764
1747 8985 202710
6836 1432 321181
1504 7083 1051778
299 5629 2171209
5883 2673 92288
1525 2532 1542836
6805 4214 63474
5529 1761 88602
7493 9383 282633
5738 5763 173424
7470 8218 169471
4134 7919 351386
2852 9673 20256
36 5184 864457
7778 4663 297091
1646 8333 394293
1254 6543 251922
2331 5392 128548
1102 322 213205
654 4015 1750471
1795 3589 675005
189 3262 438733
1478 8316 593381
9430 4646 817854
3715 7374 259221
1873 1706 40371
867 7275 76663
6504 4677 71543
4498 2564 240393
