208
9543 3750 345670
8470 1033 162381
1708 4229 418707
6638 1701 472686
759 481 187527
1943 6124 748672
9021 7561 108033
1585 863 422527
5169 6263 320556
7796 654 122236
9702 386 2232182
9345 144 209630
9833 1850 361784
6867 6118 615159
7790 2027 173341
456 8933 47971
1565 3124 3896
8895 6850 1412294
3818 5408 856608
2709 8647 115136
3956 2527 220941
4073 2319 333686
6137 1082 1212488
8084 345 1356358
463 4322 369529
9401 8905 76580
4370 6099 251529
1881 7053 920780
7188 9847 600982
7611 7782 372526
4016 9577 142735
8938 7197 1370950
2779 5935 103580
9213 9045 426721
1978 9464 105868
3385 4397 53786
1923 9468 274652
2374 6147 391318
3739 4900 48464
7694 2801 1267617
394 3121 61380
5064 4094 262830
6764 6770 86845
2728 5252 235792
8645 8363 216662
8103 5612 407190
1746 8342 501171
2053 5930 929436
3396 2741 537614
986 8872 22695
8367 503 79539
9921 7176 326848
3230 3665 1903243
4630 4766 29981
7531 3768 73847
9284 3455 228334
5138 7320 1059101
3206 4148 121402
679 3140 229701
7153 1728 2521771
8393 3651 438018
9570 3264 568307
9583 6665 235577
6646 7241 349895
4124 8289 997781
1962 4301 881017
8645 6664 568487
1011 1644 1353734
7434 9822 199057
1880 7899 413812
8446 1422 267972
6103 6629 92500
9934 8111 849261
9865 1925 662762
724 2925 163584
7615 9773 277079
6808 4251 140801
1381 1235 506839
8239 6380 256318
4060 5133 826346
3182 9088 161662
5617 5843 126346
226 6362 366815
9869 4757 118682
6689 8721 259138
1961 1881 575215
6702 9438 703758
8248 6277 737534
7241 8046 272806
6373 4414 830311
8384 4571 390264
657 491 1046645
5440 6218 1428231
5842 6379 51839
3041 9376 326660
8846 1558 34881
9350 5637 18176
3848 7787 717166
9163 5890 229131
1104 8534 49605
7387 6131 234421
3755 2700 166786
2694 2456 46033
4451 8322 245534
5974 5442 444529
6529 3017 1940904
2567 7074 407162
7083 1168 18298
6329 667 901449
6237 7329 141611
9966 3737 14344
1586 1727 509873
4332 6191 184145
126 7125 206072
4660 580 184190
6030 2123 461084
4529 5897 776493
1572 6900 1363125
3650 2333 254742
2476 700 404869
6995 509 237608
796 1094 267869
3589 7862 306531
4705 7463 1474509
8840 6540 1254533
5260 9493 269109
7101 4493 528412
5353 699 279611
8556 6169 119482
710 8637 296678
7482 284 735280
7207 3999 219555
8768 8136 53994
9605 4905 307707
9546 5028 34788
2818 7504 634478
3445 6269 1582008
9104 101 165097
9998 3033 904225
8459 2056 12284
7160 6787 97367
1705 8464 240613
1146 3682 290101
8648 9135 629113
1633 6248 2618679
4380 3498 806606
9100 5726 89359
4380 3947 204539
6341 9477 258400
5264 5561 550243
298 7247 330493
9117 7522 467634
7310 7426 1428363
9923 9277 266508
3512 6023 432279
2693 9067 491685
3066 1347 755461
3623 765 544573
9334 7288 153646
6557 5680 43067
5445 8229 315363
7964 1897 113376
8710 7679 1023502
480 635 242961
6963 1463 375091
8119 4745 690653
5305 3426 1316218
888 2963 778417
5367 317 235005
6125 6099 46886
3300 7418 1459835
1763 7832 146068
4432 9623 23105
6181 599 574745
3430 142 958448
9279 7258 54778
6126 4018 336619
573 1091 1244751
3906 5906 45898
3221 9028 1295038
6017 1604 689632
2135 7729 433612
94 1998 446383
83 7511 1209874
8276 1330 251034
7823 4306 341672
5915 8195 11259
4818 5975 519723
8445 4309 228484
823 724 321691
7956 351 456804
9415 430 1419065
4387 4591 237717
5174 5050 105352
9671 3275 58491
3985 1655 184265
4982 7537 103368
5476 3295 264178
5725 5915 72026
129 4161 106075
9165 7556 2076298
8261 3557 179890
7820 4862 84520
8247 6359 460389
6668 9117 581230
8538 6633 355437
3709 7982 265470
2038 9762 403673
