208
9259 4320 534784
3421 4867 844336
5087 4443 1742233
5560 4545 700166
9763 5067 329164
6078 6025 11273
1725 7087 79796
3723 9950 504027
9652 519 292647
4437 9880 905986
7838 5200 1023579
1419 2705 272826
1727 6408 398122
1526 6552 914892
283 8864 1130292
8888 4798 157570
5623 5981 30538
9828 810 339432
7601 8323 487302
8024 3875 417175
6063 3009 48988
1889 304 133735
7931 1658 35101
224 3796 207115
2816 7639 166422
4292 5726 1946139
5367 9850 76555
4836 6953 51140
5935 448 509842
8569 7235 608295
6791 7259 517472
979 6603 1145300
2092 5388 341094
4849 3104 8334
774 9797 625938
8150 4242 153908
6144 50 821823
862 7339 83920
168 3458 713188
9120 9147 987550
3765 611 16895
1097 372 4523
76 7433 677573
2588 3516 48447
5913 6813 61129
5018 8168 19416
7473 207 99739
5138 5553 252257
9663 1819 46576
9172 5852 223360
9992 9180 463153
2073 5450 148011
3553 3049 654958
7066 5478 331230
488 3944 274605
9169 236 285566
2726 4857 342277
6544 7835 33020
6506 5146 320149
2662 3148 516867
9305 8892 215425
7651 164 1129020
2845 8801 679227
3788 1925 278378
239 9056 526831
6366 3802 161390
3386 1601 22556
649 1807 390513
2888 7890 320038
6605 402 909713
77 2764 242074
9159 1518 346447
2565 9836 2239495
3314 2229 668425
6 4244 839713
7169 3355 338348
5246 1744 805935
1053 9037 310639
3871 6294 461696
1024 1536 211689
2586 9007 429106
7359 2648 1100801
3709 8146 239341
7443 3416 974856
2579 7904 97358
1715 4315 539980
2531 3759 758830
4212 2964 1243568
1406 1840 445861
3700 2089 96803
195 5303 125405
9484 2591 11109
2851 5299 193903
2138 8390 564609
752 1231 630594
8797 479 2733200
1336 6310 18535
2591 681 1505084
8663 9978 635092
1839 7527 237291
2834 5502 1701613
4584 639 251265
5869 7173 693511
3754 8381 509860
6562 6936 26180
6809 4230 65808
3899 2750 826231
4017 4235 190308
552 7316 14988
1246 5915 1921368
1212 2739 23679
6719 1479 271263
7685 6936 78542
4668 1125 410620
1444 2577 7889
5132 392 214801
4141 1614 1549068
5100 7797 517616
7090 1128 48832
7748 8023 161098
527 4846 867094
1619 2856 447557
7429 5955 253113
9417 2721 12757
1098 4754 39288
4600 8237 70807
4172 9615 309306
2502 7726 97182
7671 1714 681071
4505 5957 754232
1951 7587 1261381
8785 3178 415193
1205 7500 1353407
8367 1868 1102145
6925 688 174353
9668 2647 145548
3415 590 147898
2264 10 146237
5489 5463 354302
415 5101 185368
2415 9102 1003007
5598 7255 870818
3284 5296 1876569
5724 7624 1343548
1068 1680 164875
3381 8753 5471
4576 7003 43276
3095 76 180403
6613 2716 121205
2701 1204 368102
699 7386 1735602
3400 2372 1486818
4563 2712 60252
385 7259 347864
4959 7622 178299
9356 7965 370715
3887 4706 493450
9936 1475 81494
3676 2977 775388
3737 3175 66273
2990 999 255914
6531 3563 327192
2813 8068 1053425
701 402 234932
183 3579 74045
1059 3366 642769
824 9077 605597
8009 2511 45139
2852 2398 47042
6432 9776 260474
3206 5865 82586
9828 2668 657108
2199 6507 866484
2416 4798 1380414
8078 3630 267300
1162 8761 355397
627 8451 56033
6100 2774 211828
8222 1828 515775
5376 1906 1768167
6339 2962 1774
9187 5750 1239878
1477 6008 1216805
4549 4943 706890
4693 816 150667
252 5224 523943
5109 4744 99122
1118 4237 390051
7951 5369 894929
9851 5078 112870
5695 7794 183635
8515 8443 57879
8284 2502 464148
8686 3320 21289
8371 6238 624792
2321 3631 68173
229 6127 164830
7301 5769 829975
1455 3068 330776
6821 9068 614617
8295 1303 182414
5365 2493 498643
9101 3662 341687
2416 6257 82480
4367 3596 162960
4223 758 354543
3002 8654 1163167
1750 2727 136606
