208
8694 7113 56123
9624 1670 1260854
4504 3265 122279
6257 8270 767233
1128 9463 192069
9024 3137 651498
6705 686 519287
574 6848 557003
7490 8143 536826
5499 4313 1451773
1941 3043 2774
6362 2877 512062
2081 4975 663195
8945 8808 587501
4636 6142 154099
975 8147 48050
6310 2473 328605
81 609 399922
2825 5096 81557
8499 7174 598962
9010 4831 701135
9549 1380 202617
8412 1364 82152
8127 7829 573408
8603 8277 956020
2382 7929 66806
1840 7354 55575
3440 2954 468787
8163 3672 7824
789 9218 472493
1951 6987 68961
6009 8971 166548
8448 5336 1108427
8816 7279 632628
2600 8738 1058750
9832 4745 1589009
3072 1891 55413
965 1861 615096
5799 6317 182981
7651 1352 86033
2280 2568 216315
1390 466 183079
7258 6934 170963
8619 9745 196301
5239 845 743907
157 7888 28037
1657 3995 2103624
2308 3411 56092
1147 2728 245081
4697 5500 631714
2802 2864 70656
8020 1116 260794
5811 4545 47041
6199 6764 446836
2359 196 73510
6171 9581 30904
2826 1222 106715
7469 5466 53118
6170 5675 545533
6650 3123 364899
9341 2054 121067
9711 8419 103333
2502 3294 1621875
4492 5892 32658
3330 4060 663533
3994 2218 1917596
9896 6958 321275
5301 6920 630487
31 4650 681798
1840 1120 351321
973 8179 125465
761 7226 431438
7411 6385 1146480
6434 6931 208573
9312 5318 1252863
4320 792 608533
672 8958 388564
4307 1740 34850
1857 9064 717844
7528 738 608522
1266 1466 191625
6647 6152 1081352
2424 1162 609608
6904 7536 245521
6660 7347 449887
3618 6989 616948
6148 3690 514815
9499 2451 270489
4550 3179 136989
7423 7949 127955
1478 2304 854176
977 6272 210673
401 3824 396959
738 8060 321458
761 4908 556510
4476 1338 523386
8966 4357 26826
1322 6068 53478
4812 8217 134416
6998 2073 122205
3360 9833 578505
6306 2101 1257004
5510 9830 19635
7350 7264 445393
8224 5116 8995
9012 7002 92572
8233 8978 517189
5326 6768 85426
6129 9201 1348700
537 3818 96012
6170 4010 543103
3483 6776 959850
1835 144 270693
3700 7238 834422
4174 3100 452483
16 7317 472034
6100 688 25577
7324 7825 355605
6721 6003 64881
8130 6093 158101
9495 6360 515132
8899 3258 850611
1259 8170 123358
4143 2300 1740943
9225 1244 1850484
8115 6046 498
7794 9225 259586
3754 8368 824640
3429 2662 110220
5711 6949 682455
8034 7533 41799
6707 5439 7156
7248 8510 260154
543 3632 345817
7386 5669 1349101
6873 8624 2125670
1015 6901 1231795
103 5195 200822
7619 1381 76384
1990 561 1474703
7933 1610 337023
5291 1413 683173
3610 4474 166043
185 2708 1032227
3880 8925 7961
3161 8401 296407
6660 7890 1492365
159 112 856330
4514 1900 1940721
8068 9648 465545
7257 560 269557
1766 6591 614524
6449 6393 85245
4666 6095 430821
2699 4240 424660
5511 4213 806272
1324 6529 218642
7377 4206 364141
2600 7637 1039896
2043 8118 92890
2089 9019 5981
8795 4516 318999
6820 4047 510960
1089 9790 268578
2077 7232 127174
8604 2432 364299
8263 9518 504529
3617 6241 1849740
3540 8486 58032
6522 4500 346482
1971 4882 553816
4086 3555 117357
5151 9889 344960
7857 4277 541990
2991 1276 138482
2531 8253 133538
4039 1282 715552
4311 2114 919452
1302 2469 308244
1483 8166 193598
8225 1369 83027
6725 9092 480816
9488 4038 859741
455 108 518438
743 4014 42109
5639 4447 4354
1190 8852 959156
3530 6627 521837
2740 8908 365668
765 2760 757207
6233 5990 73856
526 5141 202495
6549 4444 915068
3724 3281 446559
3879 8128 389296
2465 5758 535070
1719 597 340330
9806 4048 897705
8546 8561 186219
5681 521 572109
4517 8592 351590
618 9481 140992
2857 9684 324424
5580 34 101151
901 9900 824479
2496 5016 1153377
1113 2964 665424
1730 340 52984
