208
346 9192 242301
6184 7637 564019
3757 4645 857714
8779 96 6897
5389 34 543245
1520 9895 1731496
7477 9548 39635
3085 6126 598419
7412 2210 302038
3385 3389 245667
2596 7465 84468
2306 7247 373186
2963 4282 211341
4373 6126 310328
7157 1095 383968
4417 8642 198178
9720 3217 517828
5836 3885 26669
2327 7918 585173
2311 3771 902932
5443 3709 498992
7206 8929 8291
6321 1845 391851
2142 7112 2792660
2210 9957 567955
6127 96 163294
706 7193 71660
8846 5081 439215
3478 7246 879446
3981 8766 648616
5148 9988 1060009
6786 7956 68878
7547 5673 183446
1491 2295 453823
8485 6812 342310
4112 5421 932553
4716 3804 450622
2057 7655 717441
7592 1570 875934
1776 396 1014416
1323 8707 293789
757 2373 140261
9954 1768 725550
3874 3977 94728
4231 7133 619348
5075 4177 267109
3231 6269 619458
3555 8792 248042
6209 8596 500501
3637 2502 316864
2265 7309 487962
6564 9483 63768
5706 4041 33814
9311 9841 37484
6165 9340 197714
399 7286 118300
3329 5676 401185
7793 9263 295472
2559 2240 525322
9850 414 1841573
4295 7351 1114970
8880 1330 127404
8538 6509 143876
3805 6563 157834
8960 6619 302715
9341 8782 155704
3426 7341 260361
6775 8355 619799
76 344 827256
1686 9274 8253
1251 1356 207369
4383 125 1073135
8930 5474 651791
8573 1075 418412
9296 3878 133295
8942 2087 174212
6329 658 1153379
5168 6939 79437
3955 4845 222056
2456 2442 640157
1419 7123 348023
1691 3281 30063
9822 4422 294462
3540 8048 139417
2559 9697 1427725
3676 6645 256738
9050 469 198156
4242 2987 162145
1262 4371 368839
4572 6549 125913
8556 4426 356911
5508 9362 709341
2249 9043 1117848
9018 8367 212465
1350 8139 1567915
9319 5601 312615
5133 2872 195923
9227 6752 1822466
6394 8453 151183
9124 9618 597105
8759 7307 172514
7638 3119 435339
7964 64 142050
5480 6189 75390
8195 4510 224378
7281 7641 1700468
8563 2420 2147125
103 4142 416357
7018 870 577379
1423 9363 408328
3427 255 143661
7363 4295 1986
81 9839 779811
722 7916 914506
3454 345 174916
9290 8714 1179891
1634 3096 133657
4622 8353 34415
9595 5938 285236
6083 6268 255263
3896 1013 739930
3102 7969 503899
6147 5719 67483
5122 6880 41562
7933 8615 8811
3221 9311 113527
8871 2755 346017
6130 2039 815562
3142 4484 92574
6072 5779 207674
4802 28 582202
265 328 1101300
3390 1649 59214
1738 2012 332073
1891 5681 694805
4342 9054 623389
7662 4722 1121330
401 1158 190769
742 5207 719979
822 9388 196146
4897 3451 479989
4290 9421 1038613
7202 5425 664026
5102 814 18608
3231 4515 243431
2097 2576 671777
3917 757 519878
5268 6646 704376
4873 377 11357
1516 1357 1060245
4542 4627 844877
8767 9389 835065
8237 9072 22670
9019 1657 828196
2826 6346 58293
6579 3125 678273
2465 559 821936
1709 1799 43344
5150 9874 231971
318 521 89902
1558 8584 515855
9996 4287 502712
894 6099 51133
8082 3858 380737
3779 627 358361
6478 9942 307213
6879 5009 23749
3741 6089 190729
4304 1219 148474
9729 3174 940075
2419 317 54393
1700 7885 315492
4289 4749 869457
3565 3116 77564
1248 1949 418204
382 1929 287356
540 9542 761969
8715 2346 431208
9724 6618 1032381
7027 4742 239316
8614 2343 32747
6631 4907 203025
1586 565 268986
8157 5807 326116
3105 6490 175069
5404 2308 541771
4126 9501 118185
9623 3939 303264
9982 5230 2231275
497 3526 173371
5402 1346 688967
7107 5469 63966
5720 2728 324826
5267 6428 1886086
9272 4301 757902
5141 2966 553796
1674 4218 1780167
7703 8189 626416
2223 1464 1260581
6794 7286 310730
1425 4444 38601
1107 7078 166425
3358 9555 483881
5780 2912 286096
166 6367 399011
6653 7689 504897
5969 1749 332581
2016 8054 645315
