221
5799 5432 524599
4122 4382 734238
3273 9821 254460
671 6095 106881
3959 6037 626829
4418 2440 1605855
3459 2954 738442
7198 7014 869359
9865 6709 933548
506 1208 255098
3991 1040 339059
184 9894 1412353
4990 3116 814318
9516 5146 110247
2345 9248 217054
3314 7376 597148
445 4677 106824
9867 8937 345542
7478 3045 892272
5642 6443 1922298
9612 8104 421553
9712 6472 33217
5445 9842 200620
5869 2997 690439
2466 3071 467096
7871 4984 42193
354 4367 32710
4002 3809 45646
7577 8229 378900
3854 1609 379907
7139 9422 565788
4405 4613 263563
1437 9758 175850
7129 3258 314355
6239 9160 48300
754 6693 360918
9504 5529 477980
5593 5216 57615
7845 51 299481
8471 3705 700460
6263 830 1174155
915 2064 935226
1335 30 311963
6723 4627 873973
1605 6977 68619
7635 6954 33229
9410 8821 277548
1075 3863 830
9700 5203 105234
5434 5392 731948
7729 8692 212544
7117 9262 650782
6217 1008 342412
7058 9560 512422
1609 2334 264640
9708 536 7005
6551 9500 214036
2865 4260 494826
1217 4025 1974535
5233 3581 100132
9664 4 517100
6593 3623 1442245
9432 2473 608087
9070 7213 175223
5015 6940 85055
2797 8902 283819
5803 6122 577699
3595 7511 148538
714 3911 369833
996 496 776508
2363 4413 93094
4255 9388 244463
1906 6912 207522
1572 1036 226647
268 8715 620924
8206 9207 314947
1716 3466 497392
3961 6140 339289
4789 4247 334536
4998 6048 333061
7614 6145 348860
7809 4992 156558
2640 378 1777421
9217 4200 913451
9980 719 369812
9827 8937 1412875
13 4196 1535320
3791 1237 95572
7510 2933 240280
2537 1760 1205307
4029 7294 109799
6892 3238 38931
1613 5347 892761
5202 8386 329408
4894 4176 1066095
4242 5254 149405
636 5085 1812866
3605 7574 367739
7599 819 105700
7924 9275 23129
3465 5409 25390
4759 8408 1029284
3223 8601 159825
1035 3102 427276
3711 7570 495991
8665 2047 422548
9147 2853 372001
5450 1435 94639
4983 2026 88207
2841 6963 207596
7178 7106 570675
168 9116 531176
9350 8876 504711
8420 2099 75144
4553 7268 259564
8143 9694 66393
8004 5445 323241
5857 267 18868
5188 6165 222966
8261 2908 61236
7788 5855 17867
4519 222 6290
4723 724 172331
1331 173 189485
9360 5898 1191887
1292 3288 103036
575 3887 454948
6318 7702 376110
3295 5174 370242
7168 5843 22091
5474 1207 53288
502 7522 1718032
3361 4192 12434
5629 8288 95654
6307 8751 481977
4552 587 401158
2361 3482 268001
4934 6367 566981
7592 8052 30563
9672 6186 642272
5497 580 103750
3277 4404 548225
1837 6355 823739
6989 6174 329938
7837 5715 383533
3413 3163 117268
7204 3870 242209
3589 2744 258021
4184 2238 7863
298 2767 25910
3223 8431 129298
8811 315 713746
5747 7408 661912
6794 2524 471745
1829 1035 1481417
9914 3686 566565
5145 951 666281
9942 6344 1050375
5292 4224 203508
3122 4520 8237
3877 5250 203168
7408 1427 211576
3548 1764 42192
6686 7715 100621
9788 3906 922802
1579 7795 2488489
4780 2668 157979
7621 3447 908248
1726 2015 1236044
461 8150 236872
8747 2901 315869
1602 5694 558422
2206 7993 30870
6353 6971 328976
9629 6942 144243
3165 1888 5409
9399 6761 193722
5068 4793 70397
8371 2956 580758
5952 3543 294348
9632 5524 59720
6031 9889 182340
1843 7353 38841
9928 1635 740634
7060 8561 733399
4463 9927 1139602
8167 3664 339544
1004 1532 77283
9072 4889 216196
4144 1023 669871
5220 9832 407068
6366 956 922635
536 4155 66450
5148 6779 90790
5248 1971 352353
7048 913 615039
8161 5498 303014
2433 5359 52716
8257 9500 408130
1334 1489 533810
5091 9854 347872
4165 8718 232114
4496 4527 1328144
3257 1925 1186925
3975 9716 407616
2984 6539 661663
1893 7825 426257
5270 2572 235925
5455 7268 275731
2114 187 472991
82 1266 830607
1003 6381 373490
7228 8932 167289
4835 5064 527239
9123 1938 78078
2333 1006 1771227
682 7923 293181
5483 159 529548
2052 6303 231043
4425 4906 520789
9128 2391 400568
