221
8677 7194 545985
7619 2256 118059
2687 6334 167954
9447 5542 249661
9104 3737 2372073
2824 7588 36203
5306 3358 3565
603 3330 62430
6240 4564 497288
9441 4020 7701
4744 2977 36950
6880 4241 233286
4861 3629 1746487
3788 1015 38438
6769 9700 281712
9977 4502 41731
5363 6712 84223
3620 3732 1151350
4851 6424 632291
605 6208 701747
8195 7265 1554371
2335 1311 203641
3851 6807 314873
8815 4782 763654
4429 4377 1235496
2194 5658 76483
9319 7005 1849505
4335 7166 584972
6210 5614 466207
7058 21 837466
5313 1662 127025
338 6895 377800
1923 3613 289466
7323 2841 76251
7608 9941 59657
4887 360 40835
83 6631 84566
9385 3291 214036
7603 9107 552324
6378 249 593010
4735 8170 53227
9411 4486 147159
2377 6761 766761
7883 4214 488929
1842 8014 478520
958 7347 309775
8045 483 357818
5445 8721 1671223
6245 6189 1341776
762 6687 690088
7061 4615 528254
3691 3831 444490
1543 4232 177953
3796 9989 652079
6437 5753 300807
189 7505 832228
5309 7717 93502
9125 9751 85653
826 2291 20543
2264 1689 411108
5068 876 951911
3778 2482 68535
1742 5238 334260
8063 2916 609874
9754 5960 266734
3120 5807 369177
7666 3290 285567
7985 4739 1471164
1850 4543 183792
1220 2379 525993
6387 4806 276887
3295 1126 196673
1642 8499 28627
405 5717 149424
8675 7822 139776
6797 9494 403566
9720 1039 422941
1693 1378 1181644
1306 7176 1298717
483 9617 1033963
7315 9224 4028
1488 7563 113863
9138 3442 163569
386 19 135413
4710 1740 314637
7683 1163 14084
9211 338 282076
5282 957 1684258
6773 6824 271788
2893 9271 1101043
1694 391 101317
1064 5800 15393
6492 9909 73524
343 1377 653752
4912 1125 115051
170 7252 39180
6572 264 1687714
1937 8613 162188
2187 6833 636071
1176 5690 860757
8857 6955 67155
1251 2830 481037
1679 8199 306115
3679 896 71516
592 2556 370389
2475 9212 58961
2807 2094 1822161
2501 7943 983779
1102 6529 274762
684 3795 734057
6605 3781 282164
3647 4070 208257
3399 7 95028
4792 8446 226249
8483 4608 46828
80 717 229292
4719 6920 95526
2731 1300 220242
3120 8399 325510
7265 7926 962024
2211 4060 48666
2884 4645 370375
1135 5124 1287621
4801 6839 997258
6607 6232 1424594
1037 9491 14991
9483 5841 727884
6172 167 1446618
7100 3078 455580
88 6948 230666
6738 3160 259051
6137 6132 4716
5978 9230 278486
2198 1384 201237
492 6227 349105
4033 1570 202133
4199 9157 21869
939 4901 1523694
5867 1412 13191
8954 8764 126336
3727 3294 100436
7503 5916 822947
1412 197 175565
4521 9176 603062
5744 6425 98054
2752 2152 294641
7655 5244 5229
6196 394 208627
5318 6702 412411
4171 2732 4091
5870 5837 340196
8648 1045 38876
8069 7163 33965
5627 260 29456
4686 5596 610922
1168 6887 160576
7006 6151 533196
7806 4747 617587
7005 5967 2133173
1666 995 66372
5500 1863 304932
9347 6761 347290
2323 4014 42896
1446 9257 119732
7801 9713 1015909
4779 349 311553
6464 9976 197215
1924 1031 388319
2176 8657 56099
4806 9243 977436
7056 1968 200612
3437 2684 33431
3442 8027 580981
4821 2862 472450
7708 3882 364085
8694 3902 76829
7674 3696 849629
9485 6096 8259
8876 8798 445359
1816 918 615957
1464 3424 1238284
2065 3023 307376
3549 941 1048114
3906 7574 39774
2969 4585 233452
5570 7219 613384
5633 3583 25214
8601 373 609497
8964 1513 152338
5557 2331 16053
9766 3176 148692
7195 5004 330234
9109 4090 188249
9324 9355 1235292
9455 1067 1253171
7443 6432 208971
8509 4902 111808
6966 6037 654617
5322 9084 568445
5145 9401 1283616
1862 2050 21461
3816 6628 222018
7092 6112 406703
9967 4987 146159
2359 3169 2342082
1411 4453 427247
3165 4413 408144
7304 2026 384039
4426 3380 131891
5035 87 566890
9690 8054 1351145
2673 2251 65788
7671 7429 6743
2526 2772 499435
2625 8304 695181
4193 2183 223779
3551 487 77968
2217 1071 112179
7252 9761 563834
6235 8520 139764
4030 8828 605895
