221
3122 5025 317933
1180 9285 767809
263 9055 295415
7063 4263 228360
274 8275 198686
4349 9654 467341
4792 1790 447105
2969 4510 160449
8505 5442 738660
4652 2596 657503
4829 9583 543779
2499 167 1014251
6202 6457 144022
5405 4950 142639
9076 8254 2124400
8591 9856 381516
3213 6378 200733
7970 6002 105957
695 9476 274122
675 1113 243160
6621 4965 916716
3501 8163 1460093
6058 80 1977080
2974 5670 30411
2878 4638 18672
5304 7933 170526
4389 9357 170822
579 6111 718830
5285 9113 1471307
2997 1821 1029886
2827 3193 35391
8009 9088 70357
8329 2815 106626
2961 1100 9190
7200 8506 27995
5830 965 169487
2592 7493 7602
7767 9174 1283438
3538 9783 1288436
4312 2350 292311
2046 3851 546183
9304 5641 233038
2322 1182 163098
5237 8331 590519
1695 9354 135844
2457 9664 1073565
3103 1639 640083
1774 1309 602873
8923 7884 427326
2231 2783 509340
4624 8615 421016
2162 7348 1695951
2456 8131 211684
9247 947 428196
5350 7489 252655
8301 3373 398726
590 3563 175836
6501 9925 156297
6800 5668 294799
1641 7807 312243
7139 3473 190281
5018 1653 117956
6258 3844 421774
3430 6998 813091
8937 2113 374051
6620 5384 976783
4417 3429 1585784
9692 8316 475863
3405 3697 194422
7546 8725 23639
7675 593 740982
8286 2260 73229
9197 2432 38465
4955 6497 227192
5138 1201 592788
2099 6417 163940
3814 4644 387756
3698 9902 1063521
6577 8170 1641190
3401 818 79284
9808 1359 751302
2206 7418 908
175 7671 257681
8519 417 440835
3581 9913 250220
5351 3924 232385
1830 4254 152170
2329 1648 571295
6434 7833 108078
3079 286 45749
8585 1285 945364
4447 6808 562945
4932 6723 126881
5464 9621 247077
6024 4126 105614
7994 5561 159113
5830 697 216897
5136 7649 330586
7436 2561 384523
3486 4752 41067
8322 379 80248
6406 2064 212240
9174 8970 85921
7060 4307 140828
4339 3165 267100
6146 2334 5786
1915 5231 1120760
8931 1125 10745
9732 4371 109916
9161 7331 1316025
7251 3145 476737
4489 9867 89851
3029 7448 102726
7760 4545 1538947
1224 8362 25251
5525 6346 567638
870 2678 469854
6009 2420 320070
9777 6837 501209
7099 2397 1098830
5241 4486 947403
6877 8047 825355
2630 6987 523512
7909 4771 38492
4140 960 340659
8057 1548 999303
6290 2040 35080
7088 6496 425798
6148 1801 293920
2728 4089 783467
4720 844 1202615
2870 8012 416634
779 4997 41461
3768 9133 883138
115 4286 200296
4062 6505 19771
9327 821 77443
7371 8595 42798
1454 7499 142374
1918 3265 21099
8792 359 574833
3138 262 415633
6148 5471 198083
778 3731 147286
7740 23 448321
9842 845 59764
1018 8103 381716
2231 2142 682836
8470 8350 536842
9807 5268 447450
402 358 163810
7913 5210 2126990
5890 6124 116037
7574 3651 878530
3275 5507 1614226
5346 4311 322365
1465 6059 228094
6233 6003 2043367
2943 9802 132524
1086 85 704612
5688 3103 61570
3291 606 66121
1548 8168 1961457
9263 8813 393263
2115 178 4854
5305 914 438701
4184 301 354577
7240 7089 445118
6921 3708 122833
9529 787 329772
7505 640 215594
1511 7596 62809
9644 8678 723404
4614 7610 59253
2569 9418 333673
4105 6255 375793
2382 9397 366345
4809 6910 107740
8180 9915 342354
8438 1268 646521
855 9760 299053
7528 3570 57379
1255 143 52103
4146 8322 182007
6508 5342 260555
118 8431 383872
7226 4118 479749
4063 9543 372709
3322 6157 145111
8764 2818 590310
175 2552 692309
2355 7651 404807
7647 415 1590406
8746 7704 1051965
1596 5510 1140
9312 3968 291536
522 8812 434144
4712 518 397441
2370 8070 547892
6409 6907 54289
8982 3739 106452
2400 6114 1358817
3286 2573 477875
237 3732 2756
3875 3214 94083
5600 7743 799244
9484 2060 250665
6926 922 416678
6566 5068 842852
2090 5913 471030
1667 5861 38432
6086 3194 493064
4332 3815 497465
431 1509 154231
7434 8538 192231
2553 6846 311333
7118 5827 249098
9704 7217 199949
3140 1103 618533
8957 5474 1113157
3880 4957 495938
