221
8258 3260 153814
2276 4373 371019
4528 8478 522795
562 4267 434312
4565 8136 32902
3759 7404 93983
8905 797 308760
2433 4646 1609468
7544 3816 102458
7229 264 535501
5012 898 58182
214 3132 444528
5871 477 116340
5413 1497 41326
5079 1883 54867
7466 5539 32517
455 9172 205474
1687 8686 309740
85 2660 271728
4465 8031 1112067
4048 91 276340
794 4491 291748
5282 400 13567
1073 9183 258988
1370 3143 169636
465 6109 74027
1821 5774 462231
4796 9691 150287
675 6588 692722
6686 36 12260
4774 1794 737243
6573 3724 187893
2257 5600 240568
3999 2796 659988
1836 2276 399345
2351 1266 346669
9339 4241 365944
9115 2110 70879
1279 7348 269524
3644 1257 1120616
3335 1077 992435
466 9554 713519
3475 3391 562279
9033 2104 6634
4462 7005 957302
1638 1135 129571
6071 275 196878
7093 8772 150074
7799 8537 204791
2032 7586 3950
4271 8005 95136
5572 7497 520294
2781 5848 116017
1671 2182 40906
9523 4880 176905
7349 3314 39997
3992 3942 232181
2189 6580 65982
4456 4248 1882569
2915 4163 51172
2816 4208 152033
4464 1166 426804
1723 6199 342692
7426 8666 46477
5745 778 1169893
6547 4024 85442
4161 8234 530839
6794 6061 272085
1400 417 420518
257 553 121122
7756 6839 320148
463 4798 675132
117 5792 120827
4043 5493 603641
8259 8078 85259
7886 5120 1208
5816 7707 11982
662 9093 10138
7538 7546 1105928
9147 4498 36295
3493 3191 135903
9014 7554 65410
4444 3708 1237592
2138 2493 222026
5081 379 914247
3536 2715 1130284
7968 8081 842843
8659 2044 1706345
7251 208 337807
2551 5949 9764
5899 5300 446105
6807 6917 1038093
7813 2648 887993
6354 4760 197244
577 6464 397595
7585 917 770286
4764 2993 902322
5769 1153 686351
6748 9017 23657
2435 4680 966725
1134 5830 40406
4832 9872 80993
4330 5789 99931
6542 161 179440
6810 1775 155312
4960 9118 251097
9821 4034 749223
4944 5604 548153
5206 6844 91818
5787 5589 57936
1416 2035 264031
2382 4350 451991
6834 5148 104786
3463 7794 224072
5237 5159 271614
6558 2067 2295851
3834 8747 540179
8887 5780 394469
7618 7534 296587
1542 7901 956298
4801 7909 998051
8464 1469 24957
1810 7721 109862
5610 2610 1271403
5980 8036 96333
4102 1006 96186
2776 3895 193170
3727 7035 711441
8010 4994 287731
7364 885 242035
9733 9345 808099
4398 4310 319092
7738 602 825121
7845 2704 256376
5949 1188 367262
4434 1366 84180
8712 2749 307488
2688 5252 693428
487 7173 135980
3977 4220 132665
9716 232 302847
3993 8016 699851
6883 3605 503169
6128 5333 556544
6332 5386 152398
9896 8241 613019
7489 6850 32224
9121 1796 876779
1240 8897 2135181
5190 3758 1327454
4280 4263 24965
5636 583 794218
9398 1191 218780
4488 8145 633366
6958 7497 166790
7386 1651 203959
606 9600 760373
879 7711 1162387
1702 3062 348245
9200 775 279389
7012 5253 601623
148 720 863585
8878 4075 1431
9506 4786 344827
9102 250 110435
1233 493 675882
6963 3447 810256
3222 1546 829600
7233 3411 183164
8297 8070 183382
59 7992 3106485
6364 9131 183109
9735 7357 91890
8787 4642 66063
3169 8370 241168
536 828 1092196
7264 2404 1623282
978 8022 135283
1790 2628 330467
4506 2300 209882
312 3119 980842
5462 6559 241228
4215 54 595456
1807 8169 800434
2510 5882 509177
7615 4456 35454
5865 7164 203880
3886 5136 312796
6059 4857 1130511
9574 495 193142
8323 5111 45566
1754 1987 1703087
556 9723 434217
5635 657 527994
9306 9039 1745558
870 2887 118130
9585 4030 53965
2380 5369 762998
3481 6377 1476972
3336 8857 393574
9405 5978 329247
8474 9329 63207
6037 5372 184082
9258 4544 77163
8633 6569 367984
3196 4003 292047
1405 7719 46993
5468 1738 481266
5481 9769 825429
6656 8115 121653
3704 4732 159396
5896 6849 32189
3636 4354 438634
3415 470 1281974
8410 1579 180401
6905 7905 498039
2280 3945 108787
7000 1961 1702977
6811 4997 499227
7282 8771 147128
3669 147 198298
