196
5650 9173 238832
7769 4243 79163
2593 5881 124304
3132 5535 183917
1490 5572 301508
3842 8079 694487
3029 1454 747182
3365 4656 82888
8111 9328 173253
9592 4556 59079
7856 2851 251668
7916 7840 51122
8019 3592 126064
4532 4428 264466
2147 6281 392737
4054 5188 116416
9723 6515 139688
8867 4448 576351
9974 7943 358132
11 3213 830541
2483 9276 858453
6389 4440 367958
4344 5223 491364
3131 616 83788
1695 7846 1814488
675 989 305407
3632 3447 456622
6001 3004 1375986
4211 7163 223107
6235 2018 118318
2596 5597 515512
8785 7078 241053
6646 7264 29242
7209 8986 265705
485 3292 930218
1997 4851 842368
1543 1823 760256
9554 2104 1160612
4480 7983 103634
1466 2986 344829
7447 4122 313116
9220 9718 529230
9416 7741 567220
4222 197 1063154
5732 907 386065
3814 3400 1126451
4027 3190 752483
8735 6671 1381773
8866 7271 45537
8337 7399 674108
6866 1623 367747
7766 1642 33327
3614 7537 1073077
9828 6405 1069733
1965 4344 1679
9302 97 554543
3968 9949 1483662
4390 8866 688787
6482 8067 414500
9258 9944 304201
5014 1354 517671
7472 7372 369337
2458 819 203441
2627 7106 87638
7950 3033 54832
3579 960 350307
6233 7949 837608
6061 9002 275231
4519 2620 181330
5103 570 1099917
2796 9361 1524488
3082 6944 481875
6456 7742 160082
5913 2550 444282
8165 1255 28100
2698 8130 530955
7821 8944 962439
9720 8415 448637
3080 3875 604363
6940 231 276868
1969 5312 209202
8159 225 10259
8731 9551 341560
9200 8999 330745
6687 7479 190257
1220 884 707929
255 1223 3025236
2417 4602 67324
1624 5035 268677
5728 953 59376
5477 5913 74423
8169 9944 24526
3772 4658 53669
1142 6908 143992
2056 7262 826931
3389 7575 229068
2977 7852 551920
1908 6979 246736
4480 3323 1916257
2063 7849 650530
9692 5273 988013
2946 3176 137103
8548 7883 85350
4707 1067 359104
373 6647 245049
3065 5127 311256
1338 1407 1207115
4397 5579 869972
1870 395 220067
3463 8040 331044
5066 4183 130873
7529 7882 82749
291 9526 299908
1809 900 639233
3503 6464 1007047
4556 9604 17676
6156 5868 53730
4838 9563 30457
8103 6492 990587
924 7966 791832
2536 3162 11310
7488 5480 215230
8616 4647 477448
2246 1086 2084547
9239 5346 437740
6475 7634 855975
6371 228 314204
5894 9523 768567
8351 7242 392453
7130 4812 90351
9948 4711 361163
6714 2395 427091
516 2218 192935
4205 6616 165985
4781 8717 353684
9826 1524 593740
4214 9071 18436
5800 3201 14661
7354 1208 1322691
2048 2060 6056
7168 4730 28217
4746 6596 1107039
6042 4586 649047
2224 3037 219364
9348 4701 542236
5923 5633 832528
7056 3907 136249
752 7471 59907
7992 3617 511514
5201 4035 2411852
7777 5039 174070
8416 2104 41464
563 1436 143318
8260 4886 427377
1169 3690 43740
2583 3076 560904
6197 1113 152338
8610 3396 692658
7984 977 1129642
511 6233 165266
7924 9787 198802
9213 2177 305232
9394 8645 98343
2747 4803 376205
4694 7397 538286
577 1073 22466
1368 5538 1175713
7471 4475 14932
6416 3669 506445
2318 9941 660030
9840 1632 1382317
3409 3653 825097
1121 2181 538938
508 8383 351459
802 5857 67757
6014 2787 10901
1998 9301 2027689
5173 4945 511882
4166 3005 2580746
1469 8962 241187
6595 3873 155767
1087 241 1940477
6795 3266 80547
4782 8652 923806
3283 1118 1144246
3888 6749 253691
7903 8923 694586
3458 6687 11339
894 2042 705694
1480 9381 148913
7280 2988 12090
2171 653 1406625
9581 2550 1349127
3952 3359 83083
1754 3847 221181
5762 4945 1224110
