202
2356 3890 124066
8532 6488 514084
9428 2789 593346
6551 7194 181538
7041 2050 1119553
9131 3910 574037
849 9478 165165
6779 5795 291663
8528 9369 164537
5028 8441 103366
6176 5596 240066
6369 5915 386225
2328 7896 600673
9270 8471 477398
2698 8730 508274
2789 3140 191630
2423 9224 144590
7992 7708 104895
2870 7077 294475
8904 7788 36283
3322 8003 475886
5287 107 103379
2679 8828 401732
2148 2134 712909
9258 9640 723995
1752 3943 1845380
5334 3399 64582
9361 5936 573116
619 9344 330154
798 4498 631549
886 9525 98800
276 6785 792911
882 5476 1329910
5148 4408 66139
3609 3166 335006
6136 5672 168316
3262 175 447304
3735 9665 1350929
7503 4085 140740
7941 5822 39259
439 9869 148344
4116 4460 1475220
8095 950 25334
7030 8423 357304
160 8058 103665
7081 3410 232204
9157 3577 317331
133 4247 1016435
642 2805 147193
1967 6776 69971
208 2102 975730
717 7016 182965
9488 7941 134819
9685 3799 615428
2878 6917 613820
9000 330 45827
7268 6915 190401
2695 4837 401997
2314 9955 237747
7775 1778 48704
3930 3931 1145638
2542 8988 691773
8433 8411 817868
7124 874 105516
9048 2456 323631
1437 7101 4296
5142 1264 2130976
9442 2670 549568
9129 6053 308045
1229 8670 294512
1000 4647 262965
4632 3347 83461
9171 6865 1431541
9977 9548 429873
6872 5443 1188385
7727 7181 25825
3783 2147 217038
2346 3866 368587
6411 2033 634404
7807 6129 173224
9122 9243 49896
8821 5194 312196
4933 2858 35624
3288 7830 1097694
1461 9032 1089412
1809 8572 1195839
5863 1804 281694
7962 9172 546070
8900 2860 1245475
6005 1528 1136501
2817 5859 34630
6923 926 592839
2924 5707 429083
5548 1590 554375
9338 306 251503
3712 7473 325572
6589 5353 1161128
5113 9212 209151
3692 2378 51995
8008 3372 110486
9702 2492 761693
7277 3500 1224056
7249 9831 104859
5187 6023 1114079
3282 5425 561348
7078 2752 547666
4239 6166 170237
8988 7486 263748
2232 4989 93527
2992 7694 154654
5031 6843 334149
411 9577 496780
7443 3275 1087517
74 5449 442887
5104 3477 310662
973 9006 171547
8458 3973 6917
7293 5338 303773
8659 5926 134806
472 8737 1294795
330 2023 453636
6400 6851 922694
7305 4438 1232318
9456 879 303929
5247 6643 1712182
6202 8344 57793
4850 3557 249889
2320 8262 159121
1923 8425 507501
5275 7374 1260054
4830 9077 1368765
9952 4901 466483
7443 16 539994
4412 5521 91257
7168 437 85782
7724 1442 388713
902 1368 1373276
7618 4349 856503
2305 1994 365770
8342 9740 466616
8725 3745 374110
4897 6051 537326
7036 796 196380
8730 6955 84065
9319 3221 273863
7472 2897 148176
1650 7792 73445
7896 4543 4257
4023 5455 138324
8652 6547 564484
7534 6731 324913
3150 6334 819791
181 2546 133541
1678 7827 421213
6414 9737 53847
2890 9803 124367
4321 1260 824162
927 9304 1333196
6801 9585 167699
6176 2463 1950538
359 6365 9499
6648 8900 157981
4977 2231 95802
4011 6894 926054
5743 2544 114229
5763 5843 160034
5570 3723 342324
3167 9848 644243
7619 1958 1394524
5145 9614 799729
2125 550 701905
3752 6950 58243
2449 8024 317962
3320 9220 231998
2693 1931 886959
9591 8514 6589
5141 327 442218
8711 337 146220
6028 9290 1936272
2862 9601 748193
2302 2841 281243
4596 8662 553653
531 441 691336
7563 7081 452170
1678 3195 475315
1646 5718 1031512
7186 718 717068
3825 9651 520586
1980 572 93948
4944 3922 493601
5041 17 1271628
3653 8977 1267835
5043 7727 390368
3072 3126 354335
3596 4018 155894
4843 1994 1397672
9139 1652 543483
5932 2463 919000
6376 5708 75829
7646 4179 23796
6512 3797 75617
98 4602 416872
