202
664 8774 458190
1124 9955 416970
7758 9943 833267
2108 8984 910090
2136 7153 181479
3958 4458 1619076
1148 1160 433583
1105 3589 216562
1856 4677 2698205
5882 4303 9917
9233 6530 312587
5575 2887 111497
3542 6365 236185
1386 2233 1739340
5595 1632 461818
9366 3649 330582
9071 4605 1635
9564 7444 346773
7997 9043 936350
2742 6589 56458
6898 1220 450862
4598 7448 435481
3292 1607 510594
192 7323 161277
2370 6666 30934
6803 5857 679105
9957 9434 445130
2200 4837 14766
6536 1901 894654
2909 8722 134159
9021 2449 313475
2135 8560 14345
2983 5964 595435
4895 3061 472976
287 2321 543657
3384 7034 100568
6505 5394 895944
8064 2311 100961
1689 1176 302224
142 516 569052
4098 4982 953302
4064 8245 1687186
6641 20 1181356
4390 2309 223368
5958 2738 87226
9380 7267 624140
9666 682 74478
7418 5326 1033727
5153 9130 431857
7313 4575 56473
5567 8186 824930
1370 2082 260064
1101 9319 635117
1708 645 498640
3897 2558 620497
9395 4481 30547
6834 8728 436699
6571 6907 883288
4163 5188 101116
7190 2406 1379100
7579 3094 623110
2672 1954 24978
3967 1471 173854
7053 7008 4508
3706 7071 251030
2746 3868 610787
2833 2132 1239696
8916 1149 863716
4576 325 547361
3301 618 968208
8126 6461 267827
4402 6342 87548
3482 5066 272951
6782 6926 654422
5986 515 254529
657 1813 1831813
4947 5530 1144543
1994 1914 145646
9851 8562 133994
5977 2633 244497
5281 6494 119723
7221 6279 516752
5087 6939 205887
4744 8699 507740
3292 4706 584786
9769 7365 72599
8609 6815 118572
3965 4896 5786
5060 2628 442494
2158 1732 477964
5758 9335 281001
1991 7778 1140001
6577 3295 178346
2796 4418 90905
3632 8574 27547
157 9171 1118196
8826 5273 1056605
620 2208 560732
1590 4189 469279
5698 1471 333911
3970 8717 2550390
2916 241 1321441
4040 6447 46474
9180 4502 214546
4694 8732 248395
9488 6727 503900
5426 4574 614803
3012 5449 12649
117 4337 636698
4138 3522 869172
9407 5181 637039
6745 5218 600617
9328 3177 101928
9397 806 1578601
7409 2444 720922
5363 3960 232973
135 3496 413980
1531 2892 687292
6606 3570 112199
7376 1343 300186
8844 934 408953
5967 385 180197
7416 244 62230
9445 600 26862
1466 1380 294556
4599 1245 37394
3832 3090 480888
7106 4760 1000800
3491 8157 475412
62 4629 653527
3497 8752 672429
7310 3729 228423
600 7724 263507
6986 9880 135552
227 8222 501175
3821 2331 611957
597 4823 776184
6479 7869 1035518
3381 4526 280901
6781 4669 497505
1372 3819 1428072
7224 1540 112395
5816 4383 13303
9031 6317 239008
6875 6326 9465
6524 4788 6614
1871 5990 326023
5599 2436 348284
8319 2051 1235754
3160 7664 220775
1697 6240 138393
7518 3578 683428
5056 6637 192236
3169 7648 42208
4422 8978 1093796
6754 1877 111655
3571 8865 926890
8268 2344 1172066
1045 7583 405555
8556 8215 87853
1471 5916 495123
8817 6568 109837
8864 2929 539755
9529 1932 1016433
5405 9774 127695
8105 5021 244275
3033 3508 405856
5436 7530 554182
4094 2294 63602
9766 9321 948121
3301 4962 1377699
1462 6388 186243
5601 954 272398
1783 4496 86918
1072 7178 1883058
7527 963 53572
2089 5993 81625
3742 7784 96469
7172 7249 203375
2054 2639 22919
1587 8029 338195
2375 5013 1376
552 4124 165339
4407 2210 197201
8045 1585 52710
6114 2679 590416
8407 5270 272770
9060 5686 418253
3790 5120 16047
3628 3815 505667
8129 9455 236975
3355 3230 326150
696 9040 1834145
4327 2450 18351
6909 7524 888014
6321 8848 566515
4305 5944 713831
9450 6523 13297
4717 2348 1815443
8648 2598 875403
1131 9644 675194
3904 2862 234487
