202
59 9416 13425
6747 1837 1243471
2615 9661 152991
8833 7866 256046
741 2882 21870
7770 1639 34729
4866 1709 100985
5817 9712 952145
1211 6926 466284
8395 9004 1125410
7670 7739 367182
5091 8561 1218317
2739 9203 16071
6364 1471 612142
1301 261 408736
6103 9124 1388745
6500 110 131175
7409 442 498097
783 5333 48315
7405 7057 116875
2309 3390 487033
9202 8460 770211
3528 2770 802874
9333 2432 879016
2649 5392 1087608
7455 6941 275575
2867 3554 133842
7192 961 191304
3991 2279 1264677
6987 8030 10650
1606 3987 1262883
1947 5306 80809
5867 3633 714947
4011 8185 391989
5667 1588 28041
2188 4804 471475
4071 3563 136179
8107 1239 317806
4891 3466 868957
7632 4391 458537
110 5235 270607
3518 6346 1083437
9278 1967 676465
3677 2895 138649
941 9535 1089808
1351 8380 10951
6938 6440 779363
3572 827 1099351
4866 1404 21828
6235 2152 681890
7422 315 859290
5147 6027 46394
5411 858 135371
5809 2844 102408
904 9358 400077
3267 5202 163595
1911 6903 3199732
3984 4631 613515
3262 8077 1220647
7476 9051 993624
4695 2929 103948
4354 6742 137997
1271 28 155229
6480 1910 903652
4597 4778 474326
1156 7784 404661
7100 6459 969789
6590 5664 823829
9675 4209 2818
1447 7389 178333
756 6925 491966
9932 3277 741978
4216 252 13094
5635 4049 457565
7154 9847 372870
105 29 119406
9569 5308 683944
5838 5008 177684
1758 5701 172457
589 1358 313145
1647 7934 696019
85 2350 1114431
6109 5031 551555
3767 4709 1023706
9649 9594 1804333
9229 5486 483843
2251 5116 259431
8385 6981 3330
5759 3633 802896
6188 2634 294474
9091 7107 204635
8226 2651 130230
4554 6771 210860
3348 4202 199707
4575 3994 628695
6153 1575 285866
1073 3665 360054
1815 3741 617096
3507 8323 340194
8682 2384 715945
293 7400 1016908
4831 1787 358864
6172 3639 1086064
9934 7411 9333
1704 9630 283634
9286 7370 250287
826 7841 499613
4440 9488 496134
4687 4721 611557
8904 545 119653
1817 5949 2300
2089 7786 130047
6369 371 552325
4761 4169 89710
908 721 98991
9527 3034 185828
6071 7764 1874869
9967 6673 565313
7967 6989 327109
3234 1779 284324
8912 3994 61722
6144 8481 2169328
6595 4069 52183
8753 154 877749
667 6916 43676
3815 4457 1074959
2540 6533 1150939
2481 7462 523119
1138 1315 459061
8319 9894 406806
715 896 62795
1697 7962 2866953
6952 450 524988
6512 1010 551521
925 6438 281247
8150 7525 112607
8571 2745 97770
1138 3315 982377
5667 1797 511855
1411 6734 111308
6691 1197 132782
4454 6988 270298
3230 6032 464906
7729 8664 360213
1279 1036 739614
4167 5956 25836
277 65 1236124
9536 3148 382333
9192 7262 65824
7 6424 200436
693 492 424205
6159 1846 55455
3930 7576 55242
104 7793 1493645
3575 7106 2357175
9000 1328 473152
5128 5410 74878
1072 6325 192015
3597 2151 71463
2802 2318 348283
4451 5335 825959
8828 2062 279907
6259 2146 1118259
5719 813 176589
389 2234 261837
5296 6025 160298
8113 4952 666521
7596 5700 220044
1041 1981 43808
5088 9854 1156238
4449 5769 232012
1486 8211 153507
7210 4729 80667
7434 3785 199867
287 3728 319367
7573 8777 509419
7718 4859 419973
7268 5874 548141
401 9499 242386
5699 4316 56933
5959 8350 244882
378 1723 500708
8576 6742 63011
2409 3050 301807
9880 6910 62269
841 8156 189977
3868 8537 1058094
2256 7360 1721662
9193 2416 140376
9987 8579 513451
8625 6995 72724
1476 7234 400272
3848 353 67814
7975 7984 75745
4764 2265 193302
3649 1094 41880
6390 8993 1434395
4514 2810 132235
7815 2690 766366
2235 3892 380293
5359 9504 168333
3940 9794 788550
