211
301 5659 199720
6323 1608 599316
254 3675 275808
4643 9297 162873
9369 9695 1429721
9634 160 1047215
1811 7981 455611
678 3919 340975
5862 3613 355387
5207 8063 59160
7004 1356 756941
9386 6436 351332
4314 7026 469015
2055 2717 276836
1347 880 223264
8340 4093 120898
4460 1928 592280
5770 2713 302520
9692 4442 676146
4092 1493 610877
2410 2983 405441
2035 5268 117043
4443 8115 1526341
42 9165 861286
8444 6833 366069
6114 4872 75383
6828 883 255005
2880 266 95814
971 890 49695
2302 5477 393849
4467 9642 1062930
2472 571 1117829
6901 1851 619128
8819 7041 240931
6653 7835 28550
8856 6926 127321
2910 2169 198969
9464 5678 181464
7062 4940 332169
4413 6530 15819
9707 6239 1511716
5996 3007 291373
7881 6201 60059
4413 5116 224143
5544 2686 740715
6403 63 224528
7541 6505 183208
827 5898 519745
6317 3193 224181
6325 3459 85208
2938 5505 284217
6321 3552 745023
5218 1237 361424
3171 4797 910193
5703 7362 182250
7589 9059 1159065
2245 641 71010
7457 5687 846499
5650 3763 987658
4662 8479 360387
4876 8337 182378
2080 5765 493524
2331 5502 529115
5802 8713 276447
5756 8994 264578
7269 7224 343598
5480 7826 48963
3114 2841 538801
4148 8545 341230
2013 9801 267592
9848 5048 14082
621 2227 253725
1833 5868 1673292
2691 6690 148954
8278 3836 323274
8381 2539 2203438
154 4722 3185377
1383 6583 120482
9613 4213 222325
7415 3914 533422
1579 5583 26075
40 8597 163456
7806 9512 354731
7438 1655 178945
6698 2045 60835
8805 61 227327
7204 4536 1178125
714 7907 346196
1276 4332 220059
6525 3961 79511
617 9821 193731
9557 7355 383414
5587 5353 930527
2306 9176 526111
2378 8996 48832
3567 1389 730589
8550 7513 51038
5121 2764 349454
7324 8890 17625
7291 7666 644374
995 9482 149390
9251 9091 333089
1251 480 265245
6727 5345 19775
9064 7246 1477583
8985 6133 325305
4354 7898 858155
4872 8808 325123
304 8881 254789
6383 4343 448736
650 5574 154915
404 9271 286578
8667 6458 553255
8706 3181 48670
161 6824 37448
4300 5889 21095
8981 270 545184
5055 2171 39992
1611 2376 1130711
7164 8455 831299
9070 3178 144916
408 9291 85232
2274 2685 583051
3681 1752 551513
2164 1892 2164811
5075 9615 802317
8519 931 1260014
8097 8600 268192
1527 2189 1114377
1637 4358 206841
2302 3322 1663082
9303 6980 94124
1974 9061 734837
8010 4382 43685
281 9075 347025
4088 2802 639053
6688 4269 418498
2762 5454 150297
472 2675 894643
709 5429 149234
3167 2073 163134
3856 2641 1561667
3459 3229 822454
3440 846 463039
6426 2192 17099
6875 9155 380651
8910 2871 1072798
8978 6802 551412
3969 9850 26738
5166 6464 126211
4732 7074 64704
90 7169 83999
8378 3954 417974
9365 6672 612526
3794 2996 569411
7786 7998 243289
3957 9099 155490
4848 4777 390494
3713 351 352144
6917 7834 1307793
2861 5568 102852
1917 8921 22305
7491 1865 44891
2605 8327 1299528
8937 6838 653682
6307 1792 443055
5360 4320 158738
9486 1940 142284
6726 3625 34703
7961 1879 459837
6578 3819 385132
6272 3805 190885
8972 2425 31327
1686 2475 2018792
2093 7145 959697
1466 2636 430767
9530 6937 1816209
5598 6565 275745
7878 4184 62698
3567 3993 84747
8591 6541 43353
665 1882 219500
3259 8753 32978
4898 5366 977121
4938 634 319248
7829 7791 2020614
8334 4610 282146
4424 9212 89862
5521 4828 449394
4123 3746 256198
2336 3940 1138363
4352 4391 153428
4342 9028 14318
4024 1092 19097
8463 7269 613562
7974 3863 685051
3358 2726 52497
5785 1503 571609
6210 7995 89498
5683 9641 2318941
6852 1018 1216718
7351 2822 189839
2738 2036 586814
3530 1746 59237
57 1368 635027
5196 4176 21876
2900 2299 587209
7762 3087 5080
2916 9284 338760
4840 6169 114332
5129 9807 450265
