211
7995 3973 648268
3286 5006 125972
1350 2271 58085
7336 6625 38552
6523 3633 662887
9216 369 162885
6837 4605 80286
2246 1613 322834
6789 6026 146872
9429 8862 336005
640 6384 43299
2075 2515 964116
3959 3379 177240
6704 336 338101
7858 5896 943485
6596 3209 1040144
7787 6254 474544
4733 3126 430139
5644 6159 9008
9500 4871 389519
3593 3574 203491
6230 4263 679555
7174 6104 306841
9136 113 161096
896 1659 171091
6407 2228 934773
9519 1140 1383388
5735 1806 317629
6163 3724 374746
4775 8395 589499
9643 9288 157364
6205 9457 246714
806 6991 13698
4229 484 507544
5667 1853 486646
2643 7640 88788
2902 2971 286344
9048 5982 179343
368 4711 114207
310 4035 1415715
367 6573 1193416
2659 406 469954
5113 339 458839
5170 3278 657936
4286 1468 493894
2236 3516 12104
2048 9104 324551
6026 6532 962861
2799 1894 334067
726 6071 231215
778 2630 379784
8352 5550 637183
9686 112 105377
2329 967 407881
801 7915 57990
3582 7818 101158
4572 4211 17634
9147 4557 553821
6844 209 76072
2575 8580 2455218
6731 8146 548031
1892 9551 405617
7206 2658 742251
4986 1716 451343
2762 1894 167775
254 7716 604501
9736 5092 703915
4243 1126 1186581
1616 6508 876395
1304 6518 866678
3359 7473 10512
8016 9141 1690979
4433 6305 1214223
3903 6741 30307
7194 6256 413657
1124 4435 263737
7038 736 75675
8430 5080 1118723
2458 6048 429921
606 5784 594838
5024 5521 633030
2827 8972 227478
4958 7 699335
1820 5587 234039
2267 3525 950075
367 6653 534039
8898 9036 440695
2895 7841 317869
9761 8535 41167
2735 4341 371754
339 6313 1050251
3541 6238 154986
1614 8351 182869
3487 9134 18630
3479 5835 318846
8330 7186 542624
4700 2990 199846
9957 3700 412836
1803 2984 102657
5581 2944 180441
7271 9449 242015
5436 7329 186994
1009 8366 169329
2831 7733 398522
6703 2727 404612
2683 2049 350212
6777 8999 170080
2411 9120 1156675
4224 3638 1085828
8195 3217 518769
9689 5699 155348
6244 7178 1245626
9336 8083 984676
2018 9806 1523860
9568 874 2015041
818 1849 112574
8670 6929 166723
2752 8497 140719
3201 3056 487166
1592 6462 12506
5843 7492 771097
9300 2837 227218
6319 8162 703990
2831 9644 193254
6583 7957 156570
9507 8377 572805
3533 7543 170948
1571 9972 512119
6084 4398 655510
328 9255 18375
4761 2711 114445
5453 9074 195787
1337 2025 360455
83 7823 861387
401 844 82957
2737 2427 154404
8442 7100 140762
681 8560 568209
4145 739 589826
9661 5793 392121
9496 912 78508
8312 1088 57429
9061 283 499133
2696 8609 50804
1596 4010 247774
6962 179 141968
9912 8618 1354460
2310 9912 371810
8259 2036 781977
6231 7505 1342225
747 6052 713437
1157 564 324273
1142 4864 159836
4410 5002 1256248
7505 4375 100311
2786 7251 341200
1435 3556 55079
9200 1512 133604
9057 5362 158776
9130 2218 489913
8331 784 327212
2950 631 900470
278 115 823497
2593 8230 554100
3338 8781 773952
6821 8491 223938
7719 293 1012122
2550 8600 494868
6974 1733 892562
3965 2580 971745
9107 7533 1152017
6655 4136 547311
7288 743 199482
8608 1024 31352
5224 363 1913817
1035 4990 146459
9829 5728 137902
1278 9892 575458
4824 409 4865
557 3280 55510
8933 1245 601468
4999 5036 161954
7090 3809 206043
2966 4387 79824
9402 5308 1296806
2920 4106 310927
4205 169 1258878
3151 8064 45103
1760 317 335364
7075 3944 509432
2491 548 43321
928 1042 141926
1712 3439 499186
4309 4150 785034
1871 6841 1363
712 7539 418
7397 3925 1574082
6549 8278 607937
7887 4633 304896
293 4492 347810
4372 1127 600158
7856 4423 463787
9825 4065 1242822
8528 8101 10836
7019 3379 1444112
2280 8602 1034729
7019 7959 356218
1580 2022 8432
7218 7159 198564
3573 1555 175457
5103 9219 35401
