211
4569 444 1198439
4924 381 293730
184 9890 153839
9676 6870 937534
1741 3604 126009
3978 9704 52575
6741 4659 24050
6122 6572 132288
66 774 52446
7077 9319 2407670
1332 3133 345347
4026 6113 642798
5159 1315 883638
8350 6342 5393
4806 2577 472002
4487 1133 339470
8763 6505 702350
3237 4555 296535
7563 6878 638892
2425 8009 86281
2586 9732 913966
5918 9784 204137
4571 6283 105303
2631 6739 1435999
9573 3500 2144910
4973 6938 1740877
9829 2696 808335
8461 9658 181330
3885 2324 576380
343 9181 632865
4781 6272 742721
9899 3449 26881
2686 4184 183211
8632 8855 18516
1610 9146 1901804
1543 8796 581201
9813 4052 332142
8757 3191 691248
2996 5298 508026
2896 1784 58854
1799 8816 296523
1017 6149 60118
2071 7704 97046
9791 9046 240191
3482 3860 274391
8371 3320 667111
6780 3798 365740
1964 8201 248426
6877 7220 1119065
6686 1728 472252
1828 132 167465
513 4291 645102
6439 6169 248906
2331 1063 1251070
3459 6238 51230
2407 9005 214663
6383 9869 8376
6785 4290 525200
8990 1707 2213544
3161 2378 609572
1366 340 226580
6 9568 105597
4991 3152 101689
2111 6960 1526082
1915 6815 879239
3973 998 146691
554 1563 73015
4850 1530 352199
174 1509 1758935
364 3638 159872
4717 5120 500607
5659 878 243199
7391 5210 703340
4424 2428 330315
9108 2110 1469052
6245 1366 320179
64 2919 378833
97 9931 919373
814 8938 181372
9498 8701 278590
4876 7134 416460
2575 2859 319413
6343 3775 322511
2408 4341 385543
9676 2081 71864
1612 7930 647550
3732 9633 642762
2674 9752 362033
1812 3579 647252
4887 5717 338991
2044 5427 140755
2948 9705 322973
2860 811 4639
4870 993 137789
3587 8251 267434
605 5602 1529925
8509 7739 31965
768 9811 183046
3403 9814 5288
5378 8524 23372
9696 5622 25132
9057 26 109772
639 3062 964526
1673 1486 353342
8960 9741 648457
1202 1329 271383
116 3268 330910
1088 7075 129547
2429 7426 84546
9564 1972 341375
1208 7387 529056
4984 8776 764733
7371 2785 82089
2372 8463 471492
4065 8513 114974
9088 4335 586056
9335 6276 76366
6940 2467 172915
79 4513 325111
3622 366 129762
8372 7610 390141
8994 1527 369349
639 1772 256738
1205 6836 721137
7105 425 590532
4936 2955 363666
6731 9962 2315698
9571 908 257518
9823 6735 705640
9255 4751 660626
4827 9274 388687
4816 9386 256886
2795 4471 96736
1414 7468 7868
8222 3754 113672
3082 674 501053
5575 8098 869998
6668 8819 1494699
9406 3772 95682
3006 2873 28177
5119 5153 476866
7290 4140 1068603
4235 7393 140928
3433 8278 718349
250 200 233330
4438 9742 507936
4372 9747 361379
3896 4256 517685
1399 5816 590590
4049 3588 1125132
3005 6697 684001
7968 4308 292798
3593 574 183147
5260 2737 369936
3327 1518 1830969
9728 8120 1133111
1841 2118 221631
1704 7448 74655
8226 4000 323500
2604 1921 552427
7623 3537 34529
2598 1875 461807
8919 2760 869502
9732 5599 561438
8258 2989 855995
8313 8326 123557
9594 2697 95656
8443 8079 170869
3711 7523 108038
6841 7717 760632
18 350 193478
9966 9790 553654
8968 1914 90653
5567 1736 362543
2095 4399 926968
4560 7634 410478
6267 7194 73930
2963 582 151085
1737 479 336487
736 429 217134
6951 8918 745413
1711 3319 216414
995 3582 342250
8948 1866 135413
127 9645 544938
1490 6936 47196
1783 3895 300842
4799 8309 1598126
2641 2406 783136
6127 4116 560143
5790 8425 549814
2384 6923 191456
9463 7244 386175
641 1537 669964
8127 9675 129186
8050 4200 139529
5538 5680 303060
559 7455 60991
1387 6966 526396
1741 4320 1328382
9758 249 157430
1918 8541 214295
4901 7381 1584933
837 6003 195400
9835 2260 37126
460 4548 169368
1714 5398 713108
2769 8825 26032
7379 2261 556401
6300 967 11532
3708 2124 201791
