211
996 6968 771076
9555 2503 167673
7959 9464 124704
9987 9033 171520
4664 7171 554820
8984 4126 901198
4674 6876 611479
5989 9530 240412
8205 5464 388813
3452 4923 52822
5117 4609 543569
349 1738 1185919
888 5557 206216
2452 1662 818275
1828 8989 24211
2695 7131 94389
6103 3927 337025
7837 461 60585
3160 6983 315008
7558 8252 1157645
7402 3611 393715
6210 9196 948788
6640 7124 437008
9678 272 113070
5693 522 52042
6490 6873 492600
8724 1090 1226562
2052 1713 50218
6311 3049 1700928
9973 156 1332091
9952 9294 290586
8436 7365 133180
794 8031 120575
4286 1689 658540
2195 9343 94440
3996 2104 379376
4362 2065 639586
6306 5447 1083480
7614 23 749451
8375 8682 10625
6849 9545 623430
582 6763 421077
632 138 100311
510 6542 431
1780 8253 476283
4596 2027 550687
3331 8332 434723
5198 9197 367143
2645 9573 609518
296 373 467152
6967 8657 130249
9225 4874 169608
1411 5688 389311
9487 7383 74321
721 6978 454424
130 7372 855494
5391 4044 321531
6885 2155 38630
8062 5131 619172
4545 2315 178777
3244 5121 174758
1964 1695 136731
6596 3841 343268
1615 3933 134641
9455 5427 1318206
3455 160 118319
9340 429 891350
1558 108 283200
4021 1173 203640
9811 4655 427342
2512 2008 1308736
4949 309 362964
5223 6324 658182
3523 1398 270548
5729 2136 90567
2899 9388 70854
2844 3871 67531
8554 3273 367604
6736 1236 2304652
1947 974 686624
8902 1641 18897
8225 3602 22629
9929 2876 415747
7782 4518 1022846
5365 9124 676181
1764 6851 4901
984 9621 786962
760 188 34238
6463 2206 198849
3465 8589 46824
1218 9414 160029
5920 1997 742752
6561 8853 423944
145 1546 294856
562 7679 907461
4438 5752 175640
3144 2152 790729
5232 2554 358291
7673 5178 390731
8820 352 777247
8394 6026 747493
4098 5177 372083
7203 3853 903578
6097 9564 882374
1520 4178 19263
8463 5875 1866900
5231 4126 408082
83 4858 539691
9861 6010 41574
4180 4381 20084
4547 1112 538584
5557 5408 516199
7822 7009 35480
1636 7231 247080
4081 8897 1182038
8067 2367 42863
880 7485 693785
2794 300 12386
9420 7273 82237
5108 5082 910266
1857 8144 207358
8437 8757 658579
525 6034 130318
8914 9568 801144
6408 3072 365845
4643 2308 271178
2170 9771 171989
4259 1304 184889
7065 4055 1600419
5214 6025 686487
3803 5791 1034106
3522 3405 972870
1064 6290 2838684
2166 1021 728093
4387 1582 84821
8225 37 814769
4836 2436 797300
4305 6707 294221
4673 2176 1049553
9012 6188 1310
2235 2955 774890
3396 3360 214053
5089 2203 1212818
105 2848 158576
3408 5890 340668
3742 9195 115796
3938 6200 227573
4572 7728 130756
1058 701 1225209
5595 7627 22487
3629 5472 1222269
4678 9351 262043
9346 7835 791795
6146 8236 48930
1209 9805 309805
1492 8747 42773
330 9562 24785
5821 7068 324584
8502 9697 175201
8371 2833 33057
5080 3243 1029740
6051 5330 351241
8478 3169 478408
4974 6406 238573
3872 3077 112208
108 993 707527
5593 9871 390670
6390 7845 109179
4062 3148 869351
3671 6022 4637
1860 9181 14800
8128 9700 87648
9682 5925 38436
6903 2251 177378
8544 2161 1238763
725 9531 693172
5848 2858 156267
7389 6326 2981057
2049 5310 627045
8473 7880 86363
4042 50 487001
3204 1752 53691
2757 2199 1325117
8355 8905 326079
3221 5254 486106
8135 5501 55774
9535 2999 814683
3412 282 203201
9164 5576 316668
8761 256 694459
2512 2179 226742
1522 5738 182776
4042 2974 1122057
7605 5796 141374
6568 3756 310288
8093 1337 867747
3888 3701 3004
6910 635 673223
198 5435 118716
1032 5263 239339
3323 5045 322131
2016 6243 1843254
4237 2436 783848
3381 8996 446471
7685 4691 136390
6369 8303 140042
9547 4553 238169
3385 5375 128274
6165 9850 1841
1072 8864 4354
6098 5900 114714
