211
4512 6379 910875
9592 863 603586
3764 330 693001
8740 2951 706637
1368 8986 357398
5663 808 1561217
3452 5231 65299
5727 7302 883086
8848 1580 193620
3747 9907 1541808
2874 416 675845
7579 5328 397595
4309 5468 774258
1842 2514 192151
7022 5525 707555
9561 2983 578864
4565 7285 158404
6654 1948 772875
5046 5399 74647
3136 1813 469410
7204 4089 1240387
1537 7704 816172
771 8479 294066
5600 3508 33639
5581 4862 407514
9462 7802 794108
565 9376 182099
4083 4837 289999
6270 9027 170626
9311 4792 1465224
245 2063 162694
6282 1467 119506
5529 191 1048537
8757 3232 523645
458 9497 594036
9253 7831 790184
1107 9481 151842
789 8910 34792
5224 9056 916015
3153 8399 75179
5494 6242 65189
7198 8909 599637
5151 3219 230517
9559 6668 306257
9264 7325 699768
4888 4645 340510
7617 6641 507027
2019 8356 82580
2458 8176 661842
7466 8025 47519
370 3862 372403
9899 2943 948093
922 7028 319370
1873 8863 259063
9792 5012 374845
8062 8100 260510
1962 6919 593620
5631 4439 1323134
1262 2215 140411
9872 9582 1206686
915 3628 358181
1179 4121 66071
5232 2810 136968
58 8514 63897
816 4958 13975
6492 5268 635488
1680 1290 407548
3147 4076 447921
5510 6771 474289
170 3571 174302
684 5492 106356
6048 2920 2539276
2619 2111 807749
1525 2862 688963
9191 133 583798
6585 9923 622471
5873 7901 25111
7190 3343 1051827
8175 6245 467412
4902 9617 533349
5444 2473 259042
4357 1840 1941931
2501 6223 551836
517 696 118688
8481 6126 121492
2504 5354 388422
5809 341 401751
3168 9511 567748
3955 6704 4415
8836 5294 333853
6494 3894 8246
2367 3182 111486
2197 9831 1956153
2170 1457 308621
7043 7749 2390527
8652 4566 1040365
82 2480 363926
1720 7528 210888
2369 5710 338591
4917 9110 289705
4805 6047 582899
6870 3590 392542
4180 1696 448582
4900 8858 5042
9733 9875 1065494
729 34 1053307
9911 5866 322747
6667 7059 169313
3163 5012 28555
2321 5145 1389132
4546 5536 1208052
3675 9114 375713
2427 8537 94726
7066 4072 649860
6290 4835 791784
230 5566 11780
6980 1731 125240
219 1474 526387
8146 3955 259186
5509 614 7519
5994 4488 525883
9493 1226 1276760
34 1029 587002
1761 7943 25841
5131 5427 258391
1971 8625 300926
7375 3135 21711
4418 7395 1453213
9480 8425 248429
1625 4081 257838
6654 1935 711832
215 7649 246770
4146 2850 933414
3372 5839 629340
8389 894 305322
2310 7498 416119
4988 8130 92949
3963 8383 48885
5808 2052 77355
6846 3760 1316899
6030 834 363449
5165 3176 895136
7896 4022 1396324
7048 13 79178
8206 8320 210088
3919 6407 177137
9140 3295 346822
481 3240 259454
194 7860 327669
520 1410 323831
9403 8000 339458
6938 767 187804
1503 2806 810175
6199 4937 375637
3336 2825 457256
4841 9277 171163
9774 1648 299864
9838 5996 2241
8883 5410 50646
7164 832 289878
7263 8388 192714
4764 972 148022
3705 2065 109444
2795 9408 163581
1799 8411 305064
5859 2891 545799
4612 1847 225435
1064 9286 549289
1044 2485 54133
6833 7444 283506
3417 3845 317779
4234 5227 275060
3849 8388 83157
7467 4906 98821
3441 9595 257015
7466 4749 221441
863 6192 141043
3604 8988 1405441
9274 8816 2048630
9404 3684 338278
6776 8804 30065
7798 4539 63710
9264 2791 292242
6920 1713 346965
3020 5973 12594
3005 6671 915599
4395 9495 61830
5947 3098 170806
5292 4313 274655
4348 1850 7639
2127 2426 35774
4467 6879 111255
6573 7972 287965
6424 9357 294506
9757 6123 382840
5574 6227 50057
3533 6777 985689
3713 5418 576156
7807 2210 523150
9376 449 325710
6385 2747 293315
451 4110 299718
3207 8168 454332
2340 939 105861
6753 7067 345368
1933 6714 14418
6266 5696 1166886
3830 3484 27523
2843 2914 2170005
5247 4530 1288995
5689 2170 34757
