195
4987 1906 89798
3624 9865 1051417
1723 8771 823672
5421 121 544065
5162 9254 64803
1270 2365 948384
7774 6697 448788
3579 2717 44683
399 982 48641
5446 3642 584198
4876 1188 1295918
1549 5428 195658
2164 5526 300401
7972 7041 94061
2438 7206 619127
3539 4257 569145
5705 7745 744998
4669 7037 1522568
9790 3332 309089
2293 4054 742345
5085 2293 82027
3292 3747 51745
9859 8719 234013
1992 3285 77413
1981 2499 17732
7447 3301 2595
565 9439 490893
4819 3003 261002
808 4176 1095739
9649 3027 1263973
8498 2793 70868
9413 715 481700
5059 8642 288220
2768 8187 212976
8287 6894 120477
5076 8826 231567
7558 9620 253852
6648 4471 716304
5568 4584 35405
9744 3726 281262
6450 2607 186458
2913 8410 13023
1209 9465 52727
5316 5104 1418570
3563 1512 3046918
9631 4971 682112
3464 4486 648441
4166 8046 111912
6993 830 1347490
8501 6036 131635
7975 6677 1494526
2694 8226 1021412
8801 9973 6299
7806 9103 257384
9340 3566 680738
8552 9607 233059
4790 8134 1180052
3725 3997 106862
7590 1835 360067
3711 9465 140421
3544 6352 761630
9720 731 638141
4075 1433 1992924
9860 4566 559718
3139 5789 855782
5079 2312 409870
9805 4514 144573
6257 248 420559
3073 5694 389706
4042 4725 488529
6782 8804 730880
1721 5080 394496
5218 2522 1392945
2324 1466 278508
2344 7617 890032
7204 310 1386459
680 4828 295122
2983 5062 150849
3717 3228 73851
7038 7517 811688
4122 9011 253712
6172 9067 699702
9522 2361 897783
3359 736 795132
643 8670 261349
7614 396 27740
2798 4912 118420
8375 7632 974211
6710 757 164029
6929 8681 295761
9626 434 317124
4203 6377 174811
6876 630 156883
9838 1311 485656
409 5218 465135
7902 6046 709127
6868 1090 680861
6449 8626 207038
8712 6148 142915
6444 5598 24173
4783 8520 992788
1552 1942 415636
3825 5834 310330
8495 9414 288863
7315 7798 1087180
1418 2578 396027
6639 8145 14559
2621 7499 366031
2614 1639 438137
5416 20 21790
1036 159 1947259
7598 2100 284775
161 148 58949
3304 5318 116754
6683 6805 1395685
2326 1421 710683
7361 9215 305086
3213 5949 760781
9310 3097 544940
5453 1277 701533
9232 2378 124083
5967 3311 915849
2947 9214 56756
1602 1427 103911
7680 5902 669002
776 6715 160413
4208 6840 1231539
805 4447 223137
2175 4633 608463
7971 7213 1219598
2903 4515 321674
5679 5058 272832
6344 2165 332791
4742 7054 363811
4293 346 647043
4357 747 803972
8154 3641 299354
3925 2598 9846
3335 3453 74885
6457 9497 58493
1985 8104 278945
8101 199 402323
9801 5578 215395
5009 9078 272711
9432 7755 1510804
593 3893 149168
7882 1452 1290737
9267 362 1227115
9510 6650 825746
9884 7482 1864011
8882 314 462587
6419 7650 245089
9091 1602 235934
5191 8047 387564
559 7176 836324
431 7883 233439
7558 3059 83531
3931 4763 879500
629 3358 842999
1908 822 496068
5727 8173 399485
4120 5607 1297931
3895 9896 583175
9797 1122 25359
2511 3704 1173779
8139 5249 1605936
7033 2252 430258
848 9659 690812
3090 7034 26166
1034 5990 529672
3997 764 186270
1547 6802 388601
8886 3155 1020606
2543 7578 505644
6113 3149 67807
9875 4188 98848
1659 6689 53152
5355 4953 54013
2528 1850 757772
2432 9460 370247
1444 2073 182476
1261 484 336450
4374 7745 182197
8548 6829 497860
3317 4249 1252789
5952 986 399842
5099 1419 17105
4428 5044 533898
7698 4675 741338
5121 4259 119726
7446 5820 187755
2157 1047 132702
8520 7603 636132
5487 6180 648513
8558 6108 121004
