195
2882 1836 447634
3750 5767 68632
1510 9546 92043
2727 3624 566090
519 8000 223868
2047 856 150369
8188 1675 458582
930 5930 689985
8139 1044 196649
6021 735 133119
6747 5535 1332861
664 2288 458909
6045 1015 1240404
5269 1070 267894
7475 573 352012
6940 9077 828973
1130 684 477986
3317 9012 514695
2310 8424 1051813
2945 818 363965
9607 7923 807181
8047 9288 639249
5515 8607 82030
9288 752 585158
1129 6916 339711
9801 917 2108996
757 8119 320999
7391 177 295216
1376 4391 197220
7795 4204 745062
8276 1628 1007141
6581 6283 214821
3206 341 192396
4222 9557 195109
3534 9996 211179
1810 1733 1274347
3330 9313 1130939
9090 6581 22062
4196 9027 1061720
8055 3823 200101
3669 8342 135678
8627 4195 85502
8433 9721 32983
9130 8578 495326
7487 6196 63639
420 9786 379984
9730 4482 340601
4184 2517 66390
6026 5403 224660
7083 692 399358
4258 3787 9262
3286 8701 326483
9804 7801 84982
703 6587 309199
2584 279 211317
3634 5607 254602
2842 186 187932
6164 6253 465139
2379 953 220731
393 1676 141023
26 5244 344839
8172 5863 1239067
4863 137 806432
5457 1330 574575
3454 7749 123172
6596 2996 295871
2821 9955 1095971
6748 7256 663849
223 8300 63378
8984 6533 65842
262 1474 720623
1942 8987 326491
2839 5641 628250
9809 3447 61674
3592 6200 149124
4508 9950 77802
2130 9829 922688
8963 4526 908385
9181 6544 281470
9344 712 264858
1612 2426 1227878
7228 9995 332196
7870 2964 274208
5044 6961 451854
3994 1597 60761
495 5591 1648943
6350 254 731681
2336 4687 1040936
211 4176 1031851
2682 3425 2766
2943 3804 408773
4079 7186 266216
1425 2165 210671
1529 3385 100229
9777 6669 454011
9067 3153 425295
9226 779 431390
3552 8120 1048894
4057 2555 959076
6421 5254 10086
5834 7143 1556349
8261 4498 135822
4388 422 893214
2074 2345 1567420
2170 1975 356420
5234 9388 564703
9031 902 303371
1324 7041 864341
144 8596 144941
3855 7021 321028
905 4746 27803
793 1432 1003276
632 9798 1366120
5715 6059 961425
1817 7671 60369
2645 4828 172396
5308 1205 22218
1019 7419 219916
9835 3633 283586
7476 1513 166161
6997 1909 87974
3121 5372 45330
5053 3903 288330
4109 3517 17515
4505 7553 76840
9529 5841 582151
9480 9077 1509488
8951 4227 102600
7048 8163 1221384
4745 3834 1221606
8566 4254 372602
1179 9380 1201887
2032 9086 19144
2334 3383 78074
8905 314 1710087
625 4009 373011
9750 648 39956
9840 3398 710158
7235 9461 350494
4413 950 282096
9572 1297 14442
8996 1180 627197
6550 2506 699993
9246 6999 1202750
6083 7686 377279
1296 3939 142591
4611 6312 561078
6072 7552 277623
5419 8211 459530
2322 1536 626883
2089 474 34127
1834 4870 593951
1836 4614 20223
2983 1912 343670
9239 3940 376077
1545 2147 1056241
3610 5258 424655
9514 2744 1583103
2450 6421 701903
6577 7950 2427008
9795 2310 2381285
2712 6661 256215
2319 3449 167357
3748 5028 157682
5766 705 258541
6274 2007 151516
2718 9956 831686
4914 4038 853312
3264 5192 351830
6447 3421 639867
4979 605 3012
1329 6707 2261858
4708 7287 1107747
5641 123 752853
2081 8828 169522
7780 4359 186713
2277 7763 157030
6777 4419 184818
1373 6521 1255304
3374 3906 519431
6298 8270 157739
9711 732 525364
2815 4617 1077844
2212 6304 979861
2008 1660 199436
8117 1942 464273
1064 4309 366393
5320 2072 318369
9469 4689 457931
777 1535 290405
6305 9460 559700
4993 7477 479281
419 8333 112569
9908 938 157807
6117 4596 659532
