195
5502 4868 135711
5416 4057 1504849
137 4056 112748
6412 9786 674982
4873 8623 5238
8630 4307 252062
1343 9965 223737
4869 776 76091
6568 2560 453974
6508 2925 402037
3950 1193 159553
4853 7948 715197
1650 4702 761010
2701 3760 436100
7681 2185 519243
7360 8036 182403
8612 1863 326631
513 6211 558084
2697 2446 540546
4170 8023 602608
7251 9876 1566455
2870 715 29142
9911 7926 59560
2360 1303 1521730
9612 2875 195630
1559 9012 460006
2707 7539 1270251
3480 4195 351167
4344 3142 42897
3386 6619 366973
2875 1142 66935
1528 6041 926469
9795 3878 1554039
1172 3978 269431
6168 3680 88725
8349 6081 235052
7095 613 339856
2458 4030 312957
1559 933 162891
805 2628 575551
3040 3959 617654
5571 2587 3906
3025 1149 244873
7189 5890 552509
8880 795 1052226
6090 1265 39951
8911 650 38828
4384 2273 684942
643 2962 766635
2969 4851 259801
4554 2463 271943
699 1338 661559
6668 3023 2632
2523 2057 1152065
9742 8497 2124510
6361 9256 85396
4051 4547 225991
139 3349 467189
1195 6490 318441
2464 9308 181494
8463 86 195438
6385 9438 73176
660 9284 634949
1119 8428 1122491
3650 2262 229122
3080 428 472090
5346 5983 4173
4684 802 416308
7174 7335 772795
90 2928 292329
8660 148 340690
9233 8260 204145
7750 7246 316361
7844 5789 510842
2239 3762 1417188
461 4210 397935
5075 7848 31106
5157 5195 430356
8980 5011 122015
1825 5459 704138
1066 1365 39226
3256 9231 305405
6788 6799 85735
815 3172 385660
828 7480 27750
3408 3172 229246
182 3116 1116375
4983 9446 293396
7239 1183 4057296
922 2396 976908
4346 7100 276224
6075 4457 765359
8206 9184 69062
612 7549 410417
7212 1117 258497
7807 3263 1105574
2291 2258 130888
8120 2242 146550
5951 9917 59664
6393 5789 83939
6662 470 115966
6822 6253 1425671
8577 5989 207654
8136 7299 40741
9223 5346 1118139
2393 5339 18543
7733 870 1058530
7726 2026 162836
553 9519 513639
2404 7575 99884
2842 569 574940
8544 2852 111756
9559 359 266789
6067 1344 752076
2416 8318 599268
8718 7602 778959
8763 6935 194841
528 359 1325146
2224 5560 3008480
8931 2915 1836094
5605 1875 392144
8025 8320 309445
767 7507 85879
9986 3462 942643
4707 5802 2687351
8944 6521 125836
7743 5098 153668
7820 3516 39639
7114 716 164823
978 5813 29305
6521 5733 11171
4626 9746 228675
8322 3131 1781614
8827 3534 473380
4985 9066 306845
4429 7367 64399
5342 9288 939887
8414 6405 234696
5507 2711 444288
9352 1236 593591
7495 6319 44627
6484 4428 484880
8679 8851 68256
8275 9665 291235
1710 9124 103837
5772 1718 894443
2363 9787 497633
9753 4822 455294
7572 3214 156850
1316 9197 249481
2023 4983 241040
2872 5414 450334
8823 9701 582823
437 8211 537901
3417 6268 605528
479 3191 347315
3592 9063 673750
7501 8425 71931
6114 5794 1414508
8342 6514 1519072
2924 7480 351841
8723 9408 181045
8169 2099 793876
9811 5127 1339979
1497 8451 39089
7967 6610 259748
7806 2231 71259
6235 9867 104740
1750 5966 948523
9354 4122 744224
2377 4490 689129
3025 6134 140930
3845 7275 127562
8005 5465 545738
7061 8792 138192
5433 1242 71522
8486 193 338179
6526 1318 319759
5621 949 650727
5571 5679 489645
2687 7603 751347
3313 4889 446695
5847 900 468270
627 7971 81665
99 1791 1022148
8360 9292 577687
1760 3607 180068
7699 7670 814409
7408 2821 823912
30 2551 34210
3646 5958 212525
2363 9298 1610205
5515 4705 1463483
2864 2050 694769
8498 7313 261047
