236
8867 6352 226479
3389 6159 116075
5046 3888 14698
8860 7312 446268
1017 2163 242951
7408 5450 125067
3433 3436 521287
989 7439 270563
1875 8270 70192
1997 2455 547677
2765 2012 370611
3118 1480 331837
5729 2923 111383
2192 2040 503032
8006 9598 516385
7213 2082 2458
6476 3384 148207
3681 2740 1854656
8030 2926 34449
3337 2278 826962
3058 1336 512483
8818 7451 437108
6806 9886 365747
8598 4459 1162196
8986 5976 4318
3087 1922 778143
7398 4701 46331
2944 8587 485540
8922 3370 626760
7842 29 533101
455 8073 110617
9705 8162 86866
6915 7330 289651
4324 8093 249351
794 1026 1053304
2604 1608 199499
5621 8151 1448519
3828 1264 809876
6241 8250 237019
2260 4851 638466
5267 7004 170739
314 6999 1130352
7857 4800 498029
3843 5878 536138
2407 8525 1465841
9494 9474 183988
1609 9986 114863
9826 1694 317439
4436 8066 64751
3942 8777 1139273
9970 8789 218253
8440 3523 251629
6625 9152 1342095
8999 4902 140589
13 3983 294860
543 5596 345977
6916 9928 378756
2868 4597 526574
4496 716 310414
8172 9261 89680
599 2233 242354
6687 3387 75365
6337 7135 10992
9451 508 30695
9808 1072 561837
5222 2043 254426
1597 1801 143332
2158 3779 134903
2007 9181 1301671
6017 3474 631749
2447 395 287281
7409 9347 106902
6344 8875 29621
4912 4426 279880
440 2688 540167
5962 2385 398061
1848 7537 43312
2854 8146 1610383
6843 2039 39156
7908 2938 492231
8790 799 658716
1549 2839 148289
290 6901 179627
3456 9489 511833
5569 1354 813658
4591 6435 114019
3842 6709 29334
3290 7818 754357
4038 8842 204707
7841 9171 132175
6031 7871 635835
7279 5934 60429
3587 7825 1424744
8240 9554 208080
3630 9581 41100
2382 5352 692290
5241 1637 34660
7323 5906 442530
9353 1046 819580
7001 6294 28924
4426 4363 94193
5542 1179 393870
1969 4534 536559
4453 4380 145674
2068 1075 342775
8300 2022 334064
9283 5424 72316
1601 450 10944
5936 1169 102397
8451 4648 316375
9018 2831 853232
2503 8437 1078568
517 6710 276648
3155 8768 237590
8119 1939 265835
46 741 259483
6417 9452 773700
8326 2677 364979
7324 9956 1498174
7281 1994 172150
1647 7821 359307
6870 439 142866
3217 7967 266815
8730 8277 24084
7643 6852 2921680
5673 3502 601415
4807 4960 85772
9225 7508 744912
794 3701 1848767
3463 529 118515
5263 8996 1090874
1205 2445 103266
9255 7332 570305
2452 2914 50822
6783 1681 289748
8883 1846 1334
2855 6049 389756
4529 6609 261432
5602 6087 1396392
5917 3411 71830
2487 74 1731367
3860 649 266075
8031 3127 235557
3877 9580 636180
6142 5974 79294
1004 7893 44985
3784 8133 43491
3825 9942 360094
5211 9919 120753
5459 7669 480844
2769 9381 893953
9648 857 160448
5844 5810 52492
8082 7616 175365
8412 658 204867
6893 7432 694501
1110 5533 43485
6811 27 1
3264 5494 88531
277 9479 19078
7589 4592 66926
4324 1523 22283
2800 906 795474
5778 7575 349625
7276 8676 783198
1133 2335 375246
7255 5866 1064652
1221 6942 2133
7769 211 241143
2576 9381 389447
6608 8543 740986
1990 3946 196048
9223 4101 270368
1455 9216 731187
2031 5601 13672
7853 3129 147833
3029 7269 352737
2337 7941 606019
5751 6241 944232
7669 9671 763076
3911 377 135004
5818 9859 1476776
1767 7795 862901
4815 3658 151628
8605 4594 573305
5621 4929 46648
2606 7807 86967
6756 3607 311205
6817 2484 1477
6337 8619 390513
8040 2160 722538
5035 6836 969241
6361 9489 957352
1723 4162 77054
1398 2080 371416
4627 2264 699980
468 2315 265405
9911 5199 33790
4923 1579 79370
8959 9628 62267
5558 8745 153383
888 185 1626038
8123 3883 677645
8037 4213 229286
2358 6515 109109
3094 8953 862220
9833 5354 1270944
1353 1919 414933
5597 3858 264566
850 1527 278158
4420 4363 20048
887 2140 164818
7917 3768 705406
1426 3903 266898
7375 307 1080303
9632 2541 839786
7215 850 60935
9705 5099 111005
7187 8132 62741
3252 8365 44557
4346 7893 248694
5258 8722 1109926
9131 1393 163602
1444 2797 627651
3635 1447 762056
1487 6800 369374
6126 1216 354307
5352 47 13571
9075 3429 95728
1793 8964 189725
1865 9434 269260
5804 5558 99143
2647 1903 90229
2876 5645 676389
1000 3844 557486
4236 8540 172602
