236
6077 6189 307024
9511 5569 2946702
8179 8811 32358
4795 3451 88172
197 3788 27064
9842 7063 284985
667 8330 575725
8584 4353 258521
2173 6059 80009
9529 5076 127519
4570 5160 901976
2392 7486 656668
5063 102 723657
4414 8824 239494
5979 3261 3962894
1404 8452 12168
3210 9429 720202
351 1573 483472
7223 4623 668648
5415 3725 471836
4767 9514 662198
2899 8308 108907
749 257 44850
3312 9150 89725
4357 4498 1418545
9380 6767 864963
273 4742 111955
5229 9839 226659
3980 2541 230128
7324 5477 138062
4530 2290 212195
3574 7784 609000
391 7308 207705
6491 471 110686
6864 3206 529376
4296 4137 834360
3452 4540 544119
4156 9837 21102
4004 6781 344000
9676 9614 15792
8056 134 1276643
1385 479 235327
5999 3760 233116
1868 9284 233790
5056 6515 196410
4310 5405 148398
228 5815 532103
7493 1631 538531
3222 2452 195192
1527 1681 820359
9124 7629 712830
3151 205 146690
6691 2632 774165
8142 633 306044
9034 4795 287970
3219 3566 499150
4267 9711 408647
4301 126 220283
1104 1401 41586
4403 7133 105660
3912 467 438184
4589 2411 297597
7647 307 330758
2338 9 193770
5859 5732 412459
4717 1161 13589
9972 9066 453926
9073 8563 252807
7841 3928 369237
3984 214 120756
4031 2292 298660
6659 3097 163915
5926 427 970893
5569 4473 86501
5660 7026 136736
7571 2092 645848
3648 6050 47408
9069 5295 17071
8463 5674 248209
7586 3907 236004
5745 9988 846310
7795 741 131227
234 3091 109893
4963 9270 1369250
3072 8613 499677
6776 7901 361188
1471 8753 186277
673 9986 464805
8112 4157 562439
2352 4073 389123
3482 5206 131502
7514 3582 60059
8544 9135 168168
4654 3011 375280
5708 6253 252476
9771 8670 157458
9089 2586 318649
3810 5571 1102415
1721 2435 360207
6768 8911 153616
6196 8139 345736
8228 7741 261298
5659 9659 478764
6651 2465 178288
7915 1227 507993
6816 9065 69519
4614 6601 675929
2458 1726 197969
4691 9884 885655
5747 929 2924
9550 7827 430123
2182 4335 498219
6601 1049 76477
5254 416 37449
3184 5619 108357
1024 2535 354666
9112 4807 131502
1167 3854 535486
3241 7384 415754
9100 1894 563539
6220 7477 920446
4117 9055 369527
2993 7044 751276
669 4090 628006
7994 1000 1936977
6484 174 78106
3525 5459 152542
6103 7384 1395452
5731 5150 380127
9685 6904 530149
3371 9958 155248
1088 3473 954945
9940 5245 1342400
4193 7879 695685
2536 8532 795375
2042 2483 274888
652 7769 28837
1118 6342 118263
3663 9487 17363
8743 8255 108947
2951 8409 481994
3195 811 30989
8704 7934 526878
4331 8278 4242
9622 3072 59694
3912 4436 83335
151 3215 142405
7213 9123 423171
3074 100 534523
7852 337 333017
3818 1235 686423
3198 946 6797
9136 1939 750972
704 5306 47154
9220 9521 205768
8649 9968 620608
9953 4092 278389
2136 23 105335
8287 8923 1283986
4429 9466 297346
5551 5539 312910
8532 1431 356757
6366 6313 1001633
9246 3922 644193
1161 9456 445018
3092 4593 198111
4471 8612 692863
6012 5116 46542
2640 6958 89542
6826 4754 1318321
865 6861 822022
3722 1886 141717
2138 5864 249759
8982 1222 118860
417 5448 990373
3653 6605 330481
7657 3663 642469
6435 2190 302205
5048 4766 179202
5770 381 291397
1969 4337 110881
719 6397 70524
9814 8734 870095
6658 8286 129004
6623 5421 414273
3933 5370 40341
3304 7071 201942
8807 9782 40166
4441 8139 890653
8656 4109 295199
7446 7445 810362
6694 7863 31830
4641 359 412877
8226 4573 995017
1807 102 130469
763 230 260881
8303 9605 47734
2971 6642 424195
9565 9723 92814
918 3254 611409
1480 8521 45393
1161 1161 918522
2803 4705 568740
1708 3764 543702
5302 1383 361001
7732 4373 59270
9270 6470 1226521
3649 5242 4382
6932 5211 265952
1577 7245 129151
3681 4269 514286
8151 6550 74605
5637 642 642458
3799 7740 419344
1612 1696 64267
1032 398 139244
5562 4356 719237
2478 52 127139
3350 6182 49692
8784 8488 455850
8917 6700 84510
7193 1229 63973
9601 1890 389909
8271 7972 1335848
868 9498 507018
9909 7127 215896
2290 6464 409502
6031 5982 157611
2117 3117 631982
134 3077 132255
3186 628 810706
9218 7258 145098
504 6786 1231763
8835 77 1288762
5189 835 638679
4276 2439 738797
