236
6154 2745 229201
637 5616 272006
5433 2634 159985
6332 12 239865
4230 1907 27293
3695 42 112607
6060 395 161422
6898 3103 407569
4729 9534 9341
6017 5827 99066
2291 5329 903749
7586 1564 319651
3254 9593 759527
416 7545 1244
9178 8436 81949
9508 727 587365
5632 3526 214394
1579 2145 495564
5535 647 789796
2286 6466 346835
5017 7480 222961
8146 2063 206945
8525 7465 1122249
1667 2289 171158
2562 1875 388135
5928 2155 888062
2034 8396 265490
6758 7491 35746
7652 2348 20838
6122 5269 323145
3024 8714 180811
5853 9871 272742
4856 7103 475073
3171 5579 458078
4495 2958 309210
2408 6850 130648
8158 1034 351181
262 7922 371779
5050 6954 548003
1979 646 94508
8465 9551 109494
9651 6776 636924
7321 1190 617193
4023 7662 108031
7362 3387 405778
7545 8730 269586
3074 104 387085
8239 225 376584
90 1423 16985
7810 5195 135363
8705 3711 909058
9938 6350 65638
7518 2668 2216223
2568 115 311423
2550 8896 84630
9805 1405 108226
1327 1616 362006
2579 9914 240520
7365 9367 421867
9167 8751 363315
5270 7197 278928
1960 2526 1020212
4327 9821 673829
6338 801 341559
7912 9232 2315620
4495 8376 208190
9059 3834 295042
6856 8120 117005
6149 8971 24896
2741 4137 202135
8124 7798 2850
1088 88 87514
4705 6921 81602
4923 13 485877
2056 780 47532
702 2682 659450
8181 8622 60716
9844 8025 1571408
9331 3762 269727
3472 9424 47564
7217 7754 487244
8394 6362 176932
8255 1023 25101
4802 1419 161774
3611 583 61430
2825 9425 372990
9161 8846 613915
2153 3242 184496
2838 1694 112289
8735 9036 378368
6895 8058 539607
9561 8131 646983
6856 2340 1205621
8681 7153 1480317
28 4430 367294
3708 8596 3056953
6629 3633 334715
1140 5429 135576
4065 1061 244498
6849 915 1108586
6347 5147 21833
7485 2653 921200
3548 872 840107
5473 5058 291013
9355 1801 342185
2578 2927 869096
5327 3717 80405
9893 8183 1396682
667 4548 261466
3888 1634 1269217
6609 4461 668536
3809 2742 917299
7518 3814 716655
5834 9212 168148
3019 2968 75080
2974 8831 157999
4706 2839 316092
1317 4320 469710
6431 5473 549743
9925 5846 665810
1921 3460 284622
3025 3076 34173
3139 6499 347698
8685 6624 398998
4659 4555 913613
9969 8782 189537
4428 8904 1102107
9816 7406 151432
1148 9202 252020
1516 8991 81352
693 6657 13903
1685 8454 1340384
8407 6241 227141
3328 2294 289611
7358 5321 1923394
3120 3943 76097
8595 9478 49881
9047 8212 185957
7867 5961 325510
5258 2794 347771
1420 4052 104945
6432 6529 111249
3747 2340 611890
3823 4548 325224
1548 2061 918154
1556 4703 173665
5049 4280 447498
9105 1759 385719
9221 919 500094
4791 3039 88726
5225 983 96224
9749 7195 549487
7355 9858 14380
5659 1859 410604
7509 9507 317708
6485 7248 868749
4971 3584 172370
4929 8912 1369647
5715 2756 1078992
238 5229 315680
6219 9731 731502
5633 198 504274
1168 584 143478
3233 9293 120783
3756 4896 265672
3419 6284 94557
555 5455 361468
465 98 65830
401 8513 184989
3256 9398 250347
9382 8863 413255
2901 152 475509
8693 7630 249159
6755 9622 259175
9473 2950 17138
9760 3277 1583819
1079 9203 1007
214 1571 163238
9578 7418 276318
4020 6767 194036
9499 6484 470829
8673 3015 626604
9714 1318 901075
5517 2358 30488
7040 1262 171705
4259 3915 40121
5043 8697 3650392
7630 3293 228447
8086 2201 185158
5458 5899 107957
4663 6061 33593
9831 3455 885337
6114 8827 666036
490 9976 502971
9787 8699 20362
4114 5361 101851
2642 7963 34989
1071 8681 4657
463 1878 102162
4583 4276 977164
5942 3250 93031
2553 2120 185625
2198 9062 307077
423 2840 61073
6106 6353 240968
7079 9004 116627
2371 249 32372
8064 8727 340439
7117 3222 84715
8880 7379 908115
2476 3710 128672
3275 3475 172217
7222 8505 53099
7275 5544 877442
2195 3158 542508
9824 109 112880
5755 9689 327273
5527 2869 870286
1844 8841 173064
281 1077 213247
8327 2370 210373
9909 3335 255656
3536 2325 1089556
2037 9785 239504
1956 7425 954373
3865 9670 398743
7235 964 428931
689 7466 177335
3962 5825 377825
9755 2064 554457
2845 231 639104
4930 3242 1117707
2118 8258 656980
6574 4244 748805
3636 7760 12199
1411 5264 118323
