236
7466 873 312993
2200 7332 1089581
4547 2444 396216
5270 9390 588062
321 4010 615321
3638 1614 24561
2729 149 9118
3463 7177 135964
3880 6146 1441
8846 451 241953
1478 3505 588691
6997 7773 250224
7029 8546 189381
5685 534 994461
9503 8796 1312646
2691 3066 455099
7374 3518 55816
5613 5515 101986
3695 6127 419364
6987 2462 2193960
847 4044 165647
3301 5196 210633
9819 374 35903
4039 9643 1065738
5327 1688 450954
3812 7447 195764
7620 8622 171595
5395 3981 857429
4637 3708 14153
5653 6086 443320
3838 7882 145789
4470 2089 662079
9220 1207 7324
9937 3928 335043
2215 6845 443813
159 1683 980416
1551 799 132388
2653 8273 110024
5494 2241 537810
4507 2235 125540
8818 2325 467269
2118 7811 465300
4051 8543 1188483
1843 767 401331
7773 3732 93718
9709 4077 1249573
7344 2092 222807
5541 7620 599465
1225 6307 509527
5198 4342 127390
5352 9101 539144
7320 3357 531080
1490 1671 658278
627 7350 183216
4500 9057 237971
4147 1821 111618
6948 8967 793915
6465 6207 235993
1361 8386 556932
6999 8602 510947
1175 888 361833
3615 8233 408578
7498 4462 187884
6986 4447 417337
2492 4729 239293
8451 3956 188136
2213 7170 162862
5655 230 329374
2407 511 5129
2701 7580 443942
9562 1094 359271
5071 2375 560778
5627 3606 1120904
5082 1930 499079
4766 5191 3407410
4141 23 1829
5833 8641 17121
6919 3907 463990
746 1500 162240
319 7202 101872
3058 8139 93689
1560 4189 8890
1664 6083 158560
2840 3726 899520
8089 1174 118932
6687 5818 334365
9849 4274 161447
2973 6366 495474
63 2446 272048
7283 4940 26917
75 9312 76790
8088 3787 1232598
1568 9384 1364006
3370 278 223778
9637 8553 37047
5885 1242 77025
1083 2178 261509
1817 4936 106941
9877 4386 94313
6733 8758 502362
9266 1274 19261
163 248 170275
8087 7362 881339
8397 4672 80195
5473 8473 103267
6617 3301 973696
7653 2864 52947
6096 7307 210635
8773 7308 45383
995 7070 623943
8745 9094 595921
9653 7124 716103
9174 7101 126726
9014 8373 81444
1629 7845 576518
2364 3106 406073
2469 3429 1099947
8795 8883 45380
3972 6110 108696
4284 8113 107730
126 5155 235018
1516 7714 23043
9876 1089 446699
8990 2154 367862
3085 5607 251380
4987 7281 185888
7321 251 261775
8666 1542 632589
7632 7400 35142
3753 7805 16379
6692 8059 774420
2625 1452 1166306
2067 5497 766322
2665 7077 42085
43 131 104842
6620 9563 455229
1218 6618 25831
1208 5917 80234
999 2442 379885
2058 9926 1037241
2802 2860 256072
2842 5874 1421565
1001 3991 1287332
2186 6175 218232
121 1031 235541
2190 7758 570395
8508 7880 337500
7489 4153 136374
2467 4228 559677
7268 6067 240351
1523 6474 1168131
4811 9068 108004
1207 558 551567
1880 9318 292752
5117 8629 309098
3897 3828 226364
8363 9718 116214
5115 1643 559482
7053 2587 315689
1215 8012 660399
6096 6315 79476
3140 2591 183201
7729 1379 403402
1258 2829 264492
2926 5006 19038
5072 6310 1197737
1975 9552 1391917
6947 4950 235162
6438 8015 794311
5726 2601 792101
1431 4092 1764800
4031 2181 1692235
803 3072 908493
5152 9070 420891
7584 4376 713666
6505 6931 130186
3479 7055 22851
5658 8831 104111
8983 22 407986
4693 8898 2380
433 3546 786890
8691 2459 68157
9878 5589 255767
4444 2624 14937
592 7889 188264
2316 5976 206028
2373 3866 104124
7976 5419 250260
4106 2545 518244
8926 6498 336748
2983 3860 174480
1947 7299 323425
1527 5574 70707
8158 166 562665
3012 6826 275494
1766 2944 174948
9769 4813 233757
9278 5115 485209
9393 2556 43723
6044 4621 42861
525 5350 1271726
9357 9198 57053
2541 725 432932
8243 1341 1059334
9302 6831 353113
373 6314 530889
3603 1712 26345
6975 3568 9646
3833 8943 374802
8834 6371 97274
66 3816 62576
1294 8447 9870
9254 4635 23967
2894 5830 600316
4791 280 18477
9909 1474 328029
3954 3781 268174
6996 478 378014
2287 6186 900247
5939 4673 3497013
3194 6308 175969
9278 5998 204515
8453 2204 331974
859 9175 150798
6259 1623 143038
3356 7593 218583
2335 6385 448525
9934 9009 564415
1133 9481 575462
9312 4138 853233
3126 2597 282778
1576 1746 163567
2489 1658 1395230
1185 6324 227636
9664 2846 547862
336 2890 149876
