162
4927 9350 43884
2178 5011 919157
3865 5147 29426
8208 530 320224
8989 5975 930222
4458 8760 1562402
8273 4648 298354
105 1422 1811
8136 91 122168
4839 1563 681132
2248 8939 234069
7361 6204 78822
5868 3851 377537
2652 66 1104418
8058 1295 364785
5298 1943 29140
4256 2179 1135097
720 8576 2037215
2978 6599 399554
9229 3072 101428
3142 9684 2965516
1821 2909 829975
1072 3008 343670
4268 8078 346300
2839 9603 174182
2055 8330 376776
8498 6490 634988
4649 2110 582510
900 5397 215528
1401 6342 129548
8732 1109 1782473
8596 7240 288772
4829 7623 858678
9374 9686 96409
2119 95 724530
2397 638 1954469
6148 361 149635
7703 6240 610639
537 8782 222453
6146 5311 1228866
4725 2040 562210
8369 6133 185905
3271 24 60171
626 9834 2276306
4460 8309 930340
9249 404 824635
8299 3007 1234210
3196 9255 58752
9380 9491 263498
7247 2488 725702
7010 7242 899438
2858 5563 182760
5531 8888 188680
9902 154 97290
876 4881 835839
5587 8101 245708
5869 9773 357664
5086 7399 194179
7155 5470 944867
4791 6625 243374
2100 7711 3062
4200 5819 287135
951 713 2389664
6509 1830 877216
9012 705 542070
8541 8997 257178
8904 1440 85553
8781 5715 153318
8726 572 2171124
2 8963 151214
4103 6210 944514
9393 5650 93634
3836 8231 754653
1744 6386 432661
3175 9166 283419
9460 4537 241351
9363 4290 263856
345 1013 168652
4571 5428 236408
7800 2291 382977
5063 8384 309799
4559 1910 277390
6259 6498 132855
7226 4175 270772
4959 1985 738053
1548 7711 2244
181 4506 746570
1398 7998 171632
8061 1122 314240
7796 324 207733
2033 8448 60586
3414 7767 1654822
3743 4752 252879
5630 9134 269847
1335 2259 402683
7611 4890 583383
7913 350 1491004
6279 7206 166251
1919 7200 373038
3182 1428 568496
6479 5895 841175
3189 190 113891
7025 4614 1208061
8480 1500 339885
8348 3526 2895683
618 1421 34074
7137 9044 1197801
1187 598 1474633
7382 7572 290069
5783 9221 110384
5361 2938 1082395
5398 5420 673906
9667 4746 810836
9115 8160 2907580
4412 4291 636629
8326 5288 70007
3098 8845 607632
4543 4252 994409
9529 1633 1064949
2809 1063 67066
2962 491 170493
4870 9226 545948
4711 8124 1573295
6148 9293 98569
2795 7190 131586
5867 6072 83924
7144 5823 201759
4909 8596 291999
846 5796 273418
8873 322 1541454
8422 3783 98
7731 2237 637192
8198 2984 323906
328 7679 658469
301 1042 2140511
9907 7820 56625
9672 5451 1601525
6745 3386 256169
9556 2271 1228955
5223 9253 305162
8517 5484 1391229
7921 2220 8562
4009 2922 624274
4684 3626 1221046
8708 4272 285211
5031 2461 668255
6295 8747 2161237
1281 3613 394101
82 2258 549224
8776 2030 249464
5062 6815 1586379
6077 8023 664576
9185 487 941807
4016 5988 1066309
4436 7075 237988
3679 3301 76835
624 6974 384255
2360 255 574517
1662 776 21629
6626 2658 650839
3396 2149 384061
7177 1341 3854
