162
7375 858 9942
9042 1594 757224
2380 2430 545459
8766 2583 525951
5068 5597 63368
2683 1741 1343060
3007 4058 437925
6878 4242 263759
86 2473 317152
2360 2233 663939
9682 5277 3222232
4732 5331 1759
5895 2688 873465
7833 5436 240254
5281 8973 776586
3476 9646 808572
4414 7842 69930
8519 8397 636585
6211 6072 271646
5367 1406 190171
1477 7751 342596
4177 5942 1179664
9847 2937 1128918
8197 4145 447639
202 5804 926740
2027 2123 163868
6732 464 505262
7826 8814 863897
526 6493 502383
5634 4472 476758
3132 7103 994806
7734 6202 686244
736 1466 615632
8110 8200 117389
9465 1980 19081
2419 2579 1025277
5746 765 679734
9399 9347 196300
3947 694 1657062
1049 1633 494932
699 8197 1213566
3448 4522 68682
2499 6932 309229
408 7273 945251
3561 6460 58590
7475 4327 1184899
1930 4141 242276
6479 6235 651882
6711 8251 275671
7561 4067 2377994
1493 9429 663936
5268 7640 352487
555 3846 3090009
4502 1218 929490
5366 9303 49469
6525 2930 211377
6944 2479 435556
2532 8064 632715
5558 5248 203640
2973 207 322323
8558 4251 773124
2500 6216 1812473
5659 6354 527063
3776 74 1291197
8820 3867 416598
9034 6809 883253
1229 8832 1935641
7646 3383 266852
8458 652 113425
8815 7761 321073
5639 9312 330470
9026 7570 113134
7225 1944 290851
3958 9055 68503
4463 6484 288380
3459 9807 136293
5687 1067 460796
3722 4840 865627
6407 5425 536
3077 8751 344683
9147 5028 578044
7366 6389 499362
8870 3365 35819
2909 8054 233905
789 7216 637131
3762 4332 917960
9626 9965 235771
8300 7437 741199
2375 6087 1207698
65 5504 195680
7183 5167 868964
9653 7799 396565
287 9626 369290
5260 6181 228011
8719 592 766951
1687 4051 254469
5459 3885 1044167
8598 9914 1048253
8716 2096 513243
2263 2008 920578
4605 2473 330278
6588 6671 45560
210 7971 234019
6398 2225 39196
8581 581 446198
946 5464 360407
8287 9726 519654
9730 3944 681364
3383 2124 34036
4366 6482 143375
1076 1153 4170817
8827 4946 72074
5518 4625 1918495
9976 9101 523567
6883 3001 473794
4670 5765 437330
421 9055 208286
4822 7432 63997
3795 422 2142085
2251 5192 916604
6998 9938 582832
8790 3283 531905
1210 6538 580485
1880 682 130844
2388 9138 784028
356 7348 481012
6732 3040 801694
1901 4743 180589
3035 2517 291333
8709 3331 1134112
8130 8234 324087
7672 5103 810806
9799 6535 262733
7298 2485 320048
4590 3165 449001
8340 3998 2092654
584 6527 510309
5404 8775 371716
9513 9241 954799
1962 8761 670962
3355 3954 698264
5090 6332 49221
3186 9312 1124744
8631 8636 293158
3235 1618 243234
4668 3243 771236
6920 4454 474422
9990 7975 105994
7239 3806 532909
5737 7167 907226
5752 7028 1412000
1583 5958 883315
7955 7146 1446014
7279 6426 108518
3100 4326 352526
3031 6414 1178314
7411 5030 322240
3607 9392 376756
8916 6420 89779
5120 6748 37408
4482 8059 145864
291 6145 224538
