162
9450 8616 217232
6841 1092 165343
4290 294 111659
1952 9974 1585372
2790 1667 457807
1171 2597 61073
371 9274 658190
4423 6200 305373
2822 5357 662823
2883 6949 320226
809 3399 62347
6264 3679 680909
5845 3891 610300
1875 1638 59427
9258 3870 1728960
167 309 830413
6695 3542 26169
2692 9664 154972
5861 9539 438193
4435 9354 1071585
4220 9021 82520
5344 167 361076
1176 2511 241067
239 1840 1360154
895 5398 2011218
720 9877 681624
890 9272 263177
8829 5885 275154
8709 6635 406624
9705 1978 2760432
8541 9794 643648
7683 9454 808506
8044 3095 339519
7824 3324 917755
4795 321 1410021
8698 6060 14148
1445 6609 943651
3970 205 19698
3775 8167 1855932
8013 1468 68525
9924 6073 377806
8578 5732 2066542
2504 1294 793942
6609 3539 1349531
60 1232 194778
3188 2416 1490962
6545 1785 1046287
10 8208 729366
5034 3819 387661
4601 6576 18778
2827 3745 1524920
4260 3621 689026
8562 2952 890732
2414 5477 577144
820 7741 320155
861 5636 185312
2429 3130 437709
2992 6820 426607
2150 8559 140935
5669 2552 1574233
2018 4260 424697
7052 4850 187617
3339 1655 95060
3347 8766 60828
5252 4699 299239
3526 598 964747
7877 5160 142631
5435 6919 601480
3580 3751 1129297
5562 6712 929891
451 8903 241847
6544 406 1412146
1903 6508 41149
4225 3059 442932
4899 1427 953447
3175 5194 17071
4395 1994 1242855
9071 4018 557795
2766 7063 273830
4924 452 223513
622 9628 34128
4599 9551 318346
3315 4164 955171
3368 2384 132346
9568 8517 186963
6045 6304 93952
5065 6358 321850
7925 6816 10692
8000 2685 233483
5181 2364 355822
2952 6279 415602
3646 4437 519052
387 4338 229417
9761 277 1158133
1586 6277 845484
5252 2620 521357
5851 3653 449159
8626 2928 298602
7405 2241 255047
8219 2487 320317
1143 6870 124296
7666 1854 1997749
7675 1354 326752
5431 8137 1368665
8078 8011 75154
6679 6883 542670
4089 6672 291173
3130 8551 1466327
3146 1292 430977
5453 7991 396879
7456 6371 1890592
9829 1096 1861923
3257 4589 820771
8125 8620 914758
9144 6459 229165
3449 654 1170440
4993 3419 408828
3252 7080 159664
851 3967 753578
3728 58 549251
824 2961 152394
692 8466 68843
543 9344 484556
6600 1394 2011861
5252 2015 593712
3871 8877 2028842
3508 3864 330649
911 5123 494006
3046 3455 364314
9324 5523 839350
4123 1595 2904484
4309 9001 278315
8526 1121 161989
7870 5494 281662
7215 8319 230463
5886 1044 175285
1640 3918 362137
6669 2570 92370
9918 7611 893702
2613 4736 50276
9927 5988 4443
7665 6720 781363
3134 1949 912387
9823 6492 268741
134 3029 600272
9093 2884 133233
5794 5074 2583
364 5372 2133872
2213 1409 209551
8819 5700 565115
8641 4118 9647
3478 604 65397
7463 7950 840526
1602 5231 1058464
6511 1855 752434
8188 4465 1504517
9649 9076 115247
610 2849 8562
7603 8770 400110
4558 9361 435231
1015 9424 693723
9158 8133 1133517
