162
161 4163 305007
5902 2317 535321
2849 8272 83615
4075 4511 163326
3193 9483 342588
5415 7036 401964
1152 1621 339054
4812 8306 160212
6764 9179 40570
7463 4825 773962
2838 557 438897
7048 5483 887068
1975 5864 984622
4339 1841 942286
978 2908 97611
4655 5625 1539921
1664 2086 591224
483 3399 1004716
998 4047 1627797
7356 4619 2639
9235 3451 1442094
9958 5674 573766
8619 8004 1280363
9761 6264 1385919
2748 7262 244906
7591 1558 649233
9806 2095 693295
6334 6760 128059
8938 254 1392809
1416 5132 121806
4579 8999 206061
7344 8677 174435
9654 5084 15503
2630 4921 62602
1855 6519 261604
492 7457 1525596
1804 5164 175932
9817 4779 524590
5964 8876 467671
8644 3121 54332
3764 6137 68350
6686 8806 609363
5738 9956 381221
6020 9251 205160
6591 5677 139208
3077 1267 1705483
5414 837 104692
9758 3537 786700
2409 5906 1203644
3314 928 271300
3581 6898 191913
9180 1427 394364
9944 3491 430520
1162 4080 225303
355 1292 1449666
2939 9663 1023934
2627 4073 432984
449 5248 43189
4131 4682 52864
2946 4511 210953
3272 9611 3703324
793 9702 1351131
7895 7723 201036
2144 8735 1294654
1730 5267 442708
2728 8798 119671
6818 4839 1253044
3861 1050 869440
1536 9419 1578643
3752 2366 1397227
4544 2550 56888
3785 4553 781788
5051 6080 210256
5033 1368 130711
8107 2350 412334
9550 9425 792550
9587 3525 402427
6019 2212 1015239
9550 8701 2212467
3073 1942 49184
8927 6101 810200
4657 2910 738705
3387 1312 62633
7508 9302 182903
7852 2379 49259
9611 6858 492034
2018 4504 816028
3943 5247 125136
7335 14 227540
891 3629 141284
7913 5356 1008455
9101 2726 358064
7600 4087 188257
3873 3509 277937
9578 5608 775077
4404 7970 262522
1328 7084 782179
7199 59 69069
8603 8397 517729
9506 5079 545164
1207 78 103793
4852 5752 339206
7167 1895 748274
4624 1710 52659
2565 654 1835958
1110 474 413443
4597 3617 1270223
3367 1106 131353
7355 3691 1064005
8453 3205 1660535
9888 1105 348016
3772 6345 652493
6215 6800 1147671
7356 9371 109314
7495 3459 333677
5230 4118 236246
612 8855 137106
5780 4702 1136829
261 3784 879188
5228 8947 1504264
617 2724 180577
8185 3196 605524
1791 7356 325044
1916 8047 185105
5001 7100 523137
2584 2965 18133
4916 8798 553377
7865 3596 559842
4918 9257 2846427
4119 375 62354
5990 3718 204652
9779 9783 1898312
8365 5725 292845
5345 5663 630779
8416 591 298572
9598 8967 191529
299 4770 486658
9821 3065 1292360
4135 6733 1427869
6655 3280 263164
8472 606 1327306
4183 9093 170664
9845 5727 732946
3867 4534 433715
4712 3822 2015246
9234 9246 240377
4673 5343 45783
4600 9351 170637
5332 3281 147110
4250 4329 280766
596 3540 737450
1585 1754 99966
8174 1653 1163409
3723 8710 704952
8892 8145 167522
4043 6645 426376
1410 7037 1610599
6407 5827 371952
1002 7705 623243
5416 9424 246916
8732 4636 464849
6641 5015 1589019
