160
2949 9138 31132
5997 100 174394
2028 1973 1335486
616 9799 1381808
8822 2363 632417
2337 2021 297277
2437 612 1986407
2712 6932 1384661
2716 594 196519
5878 5622 369353
9897 784 139158
9487 4768 147600
1269 2484 927741
3901 175 1349481
400 8164 235127
908 7275 70190
3497 2096 49643
7880 6439 606530
1728 1890 376554
4930 9610 380347
3271 6998 211246
7716 5765 986624
6760 3293 2467729
6451 1540 1320504
3041 7334 203067
1618 9723 1754837
9172 8769 248922
7040 7518 1312448
644 8849 770349
5271 9965 788081
6239 2299 1249948
5612 9487 568901
3553 7978 225097
5770 1846 456946
6903 671 360598
8170 3262 8261
9522 3344 2357304
3033 8172 183321
7453 1713 43909
72 9340 175079
7178 1376 172474
740 2572 1043433
7903 5447 97986
8078 2200 42608
5401 7919 1067424
8249 8718 364566
2120 8488 252047
159 6510 2415440
9661 9961 7087
8917 5090 1287851
2365 2765 103512
1898 6378 767237
2630 7258 226566
3990 3946 401593
6964 784 2578376
8369 9130 623502
535 2538 1718430
3451 9160 1335443
35 9475 1452354
3055 9886 844532
8775 8858 553728
1575 1385 713444
1255 9257 669507
4244 9485 851660
3835 9200 600311
3854 4356 649106
9075 3994 522265
7121 2758 8102
8571 8387 157990
163 7974 213443
8861 4734 423794
7275 9476 617053
1641 8590 55045
5541 518 493625
3967 8567 697255
153 65 261938
2029 4432 691178
8317 8424 692055
6153 5143 468903
9232 9235 18662
2915 5454 325439
4685 3429 250636
8713 338 44124
7784 1181 610162
5668 5878 194081
6393 1994 83941
5937 3917 274866
1734 7936 545987
6982 8550 646151
2116 9147 72312
1054 3473 1199228
4852 3872 220790
284 3167 363879
7312 2879 2601440
141 5730 146155
789 160 694705
9676 1980 1337739
5996 7673 2216709
4258 6569 129646
3038 4792 1700558
6112 2447 1050479
3781 4397 2676554
6411 3609 734622
3883 241 941601
2966 9621 256913
4436 5755 109434
1900 3272 15860
3486 6163 1202661
6541 8261 393789
9405 6318 199461
7838 463 302122
7332 1782 851557
5906 2597 67620
2105 1850 157312
7554 5076 2155970
7441 2490 617591
2533 4827 7717
259 6337 67298
5462 6654 45806
5153 5722 114981
9356 9847 35530
5230 3444 393439
7984 3609 242629
9660 6164 603356
3676 4613 830031
9490 6522 73214
2912 8422 585057
2943 7176 256491
6 7896 283576
9582 6754 488828
1755 7528 138963
4194 5592 1705536
8969 5810 5201
1797 5922 383852
8347 1680 873667
7011 9022 133475
9650 6119 820999
5742 9527 1279146
6963 1552 8416
4308 7299 745925
4989 1600 653936
9783 9852 630022
362 8408 707811
3426 2067 978694
2964 2145 615741
5757 1914 1703075
275 9730 221840
3805 2407 353490
8178 4850 845316
8969 6140 220465
6420 4238 10577
755 4948 75686
8070 3342 436184
2465 7205 307648
9239 8645 434368
4313 6215 583679
1325 6383 266395
5045 3593 889392
1809 4735 390814
6162 494 233119
