92
3053 8443 251080
6804 3279 650782
4608 4059 565472
3855 2885 709185
976 6674 1603483
9165 5182 1497567
9817 9096 997784
7962 7630 1242511
1273 1708 918378
9922 4744 6159725
2413 9543 897979
3548 9776 150313
1146 7715 576350
6440 8030 83125
4054 2436 686003
6961 613 582160
1449 2309 295549
6528 9357 273982
5217 1084 1044451
1035 8469 150851
8779 7194 1821120
3129 7719 1190825
6275 7001 794316
2356 4553 1718215
8085 4948 1466720
9830 9490 919848
797 5175 131966
6469 7313 3636202
4916 1661 1221290
6085 7261 659293
1558 9245 653923
783 5960 480372
2353 2136 1008489
7254 2184 315995
6646 5636 315755
1755 9344 372316
1229 3767 77619
2733 473 602807
4751 7216 1666247
6656 5558 496055
5381 930 1459062
1487 3861 536462
7429 9754 434044
7911 7729 89766
5426 2321 57100
6864 8833 1057514
4127 7171 1323011
6774 614 777817
198 2405 2594903
9762 6133 330419
9376 8038 294406
232 7990 275155
1668 9113 499068
3847 7652 3831374
4471 2521 1843048
9645 4946 2402484
4765 7554 1404119
9226 6125 729
4125 4929 403479
6831 5862 2326886
9563 9618 2100544
5043 3636 448660
6224 8453 879571
9531 1260 2575487
9545 6062 522697
8635 6461 453462
2311 1402 245893
6396 3363 548286
6510 7677 873157
4491 7358 1172724
5375 7257 490742
8449 7511 989511
27 1942 42588
4973 79 150610
82 4424 8316335
1772 7406 1183251
1112 7434 2174354
6949 676 2382913
2701 8956 558377
7051 880 923550
849 3891 56170
8498 5299 137984
8591 545 267714
9297 3319 2507993
3093 7660 327772
5613 2247 3428695
1851 1684 144528
3616 4468 565604
8831 2829 873504
9892 9840 2015173
3024 2774 1624786
4509 2406 190416
