92
3908 6220 101052
8341 6240 1222718
9499 7907 398168
180 5006 2077578
6450 8977 2140992
5699 6955 730748
2476 1643 2093437
9718 1022 1005448
6477 3459 813944
396 3335 1181956
9459 8341 760979
3424 4398 1729429
7563 1196 381978
9950 2153 3008059
3967 5857 1317762
5053 7399 59439
4683 8584 2062703
4158 6582 620954
4182 1866 2059051
6594 9084 662371
8199 935 2241861
9177 3544 789401
628 8965 140424
7791 8504 233893
3289 6857 2073845
186 7720 1004521
3094 3136 673449
8504 7296 1149994
1767 7129 172463
4543 2931 159519
5670 5885 304519
270 6086 1051567
5148 6970 1712718
1602 1877 457716
1686 4893 924950
5940 1520 30017
3577 6617 3806484
9949 6624 218105
797 3931 1835295
2825 3252 1829671
1788 882 58052
165 7637 258953
4480 7006 88219
6494 620 470299
157 3775 2192449
4702 5947 1916678
181 4937 702899
2117 1189 914880
5819 7859 159952
2764 3856 286498
9426 1414 594986
9253 9886 780411
3547 5686 327259
3765 6545 1806852
6304 9771 67588
1790 666 5730253
1343 3796 304351
6723 93 1430102
6156 9698 134137
5091 8390 1225268
4678 8739 384501
862 2360 215280
2049 4083 2118971
7957 7211 627883
6744 6646 1074439
6273 1812 32150
4975 7837 3327590
4400 2917 721744
219 1869 393443
616 5867 2309957
6189 8825 2541
5471 2864 615601
3488 8123 2872006
2392 820 1733233
6190 6105 1026252
4267 6775 320795
4913 218 2599398
4528 6448 580334
3020 6486 142295
8130 4025 1581041
9094 3526 1046388
6345 1438 1161054
4298 4069 1777338
2720 1586 49251
7851 7332 2361941
7645 6805 16621
1005 8545 942722
3168 2208 236224
6968 6441 3010984
5296 6167 1038325
1868 7943 641521
4539 9829 348913
