92
1771 9529 1218291
3725 4727 25367
5063 179 576730
8408 399 4856290
9103 1469 1514262
1368 9338 13589
1789 8608 707214
6827 4336 478870
2552 3487 4247369
2290 9980 96537
9857 6831 866158
6764 6189 963801
491 2486 656681
1362 2791 2044959
6810 5597 1010752
4185 7266 985891
7291 221 1332874
6320 4110 2393591
470 1645 1130109
2023 3839 5277201
839 4960 1142111
4126 8550 135071
3355 9246 929830
9433 4050 900558
4900 3745 492445
4129 2858 2451628
9953 6606 189122
9827 4944 371137
3247 8220 2025430
7363 303 2714630
1946 7339 676360
2736 3416 218973
4042 2511 56642
7651 4097 3050529
4923 1300 419775
78 7860 499459
4921 3450 601284
9607 7523 203157
9909 7760 708407
8359 6080 751384
1711 5520 638059
6078 6620 986803
7481 825 1162681
4078 4169 746371
1834 7277 1690096
6763 1767 1813674
7696 2213 271612
6215 6953 1125957
7616 632 238637
781 121 3133707
4809 7236 1475573
3959 7716 125165
1298 4994 1145133
2205 1863 396822
55 1923 356977
8317 9855 1696882
4771 4626 746450
6649 1258 2108097
5735 6316 857091
3312 9377 45270
8102 3 922207
2961 279 1722230
2654 3868 1038988
687 9667 163421
8525 8586 641156
285 3389 601522
4360 6689 71740
5324 6400 27330
7240 4259 570176
1963 8975 657508
7769 4413 1960556
4615 7805 738606
3986 484 58559
398 7454 1029943
7057 9647 761502
5547 8699 292009
5083 4319 79664
8167 5870 376750
1401 3154 6189722
4422 1257 25564
7229 3796 323042
488 3096 3545170
8 1194 1133812
81 531 237273
5217 2830 402227
9697 918 958010
5637 4064 1303394
4551 5972 1537604
6702 4765 1953094
5186 1838 842355
764 8612 66599
9350 794 72742
