92
5667 851 1666143
2044 4923 2990273
5794 6412 448968
830 6764 567102
371 4115 118506
7388 2789 214639
8606 1865 1457039
1226 2062 617809
4132 9478 841630
8590 8672 37385
9723 7027 481902
8682 3518 1774721
7049 8090 1224096
5356 3066 1927956
2607 4890 625470
6245 5813 240898
652 5386 2268982
31 6003 440024
5919 227 796528
3442 3608 1328113
4387 7916 69651
2796 7957 1052989
7547 4457 122397
185 5111 3971104
9217 3203 838462
3090 5362 60320
7863 7019 933725
9047 525 1237861
3389 1964 1810474
2270 8477 1611810
6147 8882 476865
2106 1650 893673
8700 6643 726341
2447 2776 3132588
8870 7533 1322022
42 5564 1002610
2180 7330 608812
3366 6367 3440877
2731 4523 136772
6519 8673 61362
4973 43 1058119
9849 7676 3181715
3517 1519 548298
9164 5174 1588046
4421 2581 1881692
3052 1312 1959759
6048 5718 858777
6879 5583 2247776
4638 1828 736495
8199 8865 180048
9174 8587 837014
2180 7093 2264252
3115 3570 572717
4437 7424 1108021
2783 3268 401951
3501 3536 617856
711 606 662008
9278 3974 1420572
8578 9426 1883269
2473 5194 370170
3389 6779 134736
4856 6738 2020439
454 1257 341192
4792 5171 932324
3515 4405 940137
5906 9744 264720
4438 9704 363502
9786 5745 564597
4721 9899 345210
3621 9701 2679547
6940 7276 1536267
4996 1353 1830751
8092 8973 1225676
4269 1404 1019525
9292 4648 472965
9937 3616 622882
9628 8984 2533037
8044 7870 2093696
9323 1510 1570101
6939 125 825217
871 2470 884888
102 1009 117868
3821 9688 746966
21 3673 88862
5279 534 7287
2202 8822 2718792
7960 3740 2318589
9782 1967 106788
5570 2106 613738
469 9 7978
1586 2301 1021498
6599 3148 1092771
