216
2659 7384 263210
8088 440 162800
5325 8849 852816
5013 2980 423845
9160 4509 23434
6072 4185 802290
1707 1707 192437
2596 5243 214286
1845 6730 1477011
2124 7174 528362
6107 4367 348108
7965 8020 322153
1996 251 1442442
1748 7912 79123
8222 1380 256001
3172 9565 1653786
1642 6525 33583
7662 9785 149893
3427 4718 69740
1570 4750 1333427
2132 7560 206223
3348 1713 186174
506 8498 143682
4571 9984 624103
3840 2107 219748
6242 895 18032
6630 4212 117105
4172 5145 62283
6433 6241 335042
2186 6931 73377
5634 8672 27992
5006 8061 309231
4451 8858 165597
7385 1109 87099
1484 404 45753
4337 9160 860080
6168 2984 382336
2687 6546 363935
9495 566 696960
1250 8355 923644
4707 3801 125979
5747 4297 1571475
3526 4790 1094771
5258 1272 373789
4422 2823 143087
3887 1268 240954
7237 8921 356648
3584 4790 18266
1364 1020 44031
9474 2565 441474
6734 3516 828535
9090 4481 341490
14 832 723822
7899 9359 354517
7033 706 116995
1962 7642 776491
4721 9705 1024367
8178 2028 156832
9351 3594 259338
3186 4111 59614
7500 4506 275041
4070 6259 384698
8623 750 381044
6632 5390 677585
3592 2775 1247276
5392 846 534911
7300 4364 771862
4690 248 1157504
7892 3228 1968438
6531 64 913708
9749 5986 305282
5717 744 147967
4896 9809 516504
3293 5167 985689
9499 6585 18546
5499 8699 454463
6368 2745 178136
9450 1800 546509
9273 7010 133180
1979 5883 399177
5406 477 134404
2396 5783 183452
5323 1547 211045
5825 3246 62194
8341 750 92635
1647 3028 185503
8176 4239 1745532
4186 5789 147899
6444 6643 638220
3398 706 286109
4144 2204 290673
1177 1436 836351
431 5234 2226869
7950 5348 952916
7700 9386 1321157
2325 5940 132369
6370 3853 349975
3641 4097 115968
1989 3281 120460
224 5751 297444
4322 672 416913
4421 3739 575426
4144 4682 83614
6981 6608 256555
9760 6546 993226
7186 8910 223370
8468 544 1128584
7431 1093 169890
7267 4873 944460
2304 1922 358074
6893 7916 670434
6375 2874 184990
9510 5783 357056
3093 5087 1152674
5002 2329 387354
1 2294 306127
7208 4298 905768
7871 5160 827909
1036 4702 1205975
5297 2022 586464
3191 1371 225716
5061 3252 794605
4911 7198 104953
5015 642 1861859
7835 6824 56036
8846 8677 24551
3444 722 160514
2813 2097 484834
3103 2937 204109
9212 4343 369737
224 7848 577877
7843 5552 192810
5835 8343 165928
2995 675 254597
7052 8875 230424
6229 7204 1851
140 2868 458504
1248 2772 380824
6036 1006 1035385
3809 9985 857963
6531 6705 202919
1894 3467 223568
3056 1325 3951
6592 1861 46717
9861 6727 144289
464 6660 34209
1041 6462 404577
6077 9405 343863
284 1839 20640
721 1236 290552
4121 4089 16406
149 1320 371776
5243 4169 411946
344 9206 767882
7714 8875 135002
2149 6626 1182119
1753 3819 163793
8179 5049 315508
1658 1711 515364
7023 2532 493377
9835 1385 5928
7782 107 196492
3968 5632 1217214
8634 969 1107157
11 9730 389599
1668 8282 442280
2597 6549 363142
7953 5751 6953
4437 6137 875317
5401 792 432102
3894 5901 16098
2326 7664 505834
8240 9592 560824
4241 5222 16719
2731 3267 149185
3891 9632 65870
5491 4946 476573
6481 662 143533
1637 5828 245939
7621 8460 1154199
9414 4362 378680
8395 1965 911590
3893 6396 660600
2176 2459 536210
4659 9673 89094
658 53 822605
2120 8550 582834
3621 6908 338946
8880 4866 823798
1028 5968 177022
8501 2003 620109
2494 56 63474
5088 6409 62084
5850 8795 46391
8563 8323 416038
8452 2018 592132
6493 9904 406842
9358 4702 37510
2690 6041 1186194
1298 7528 373296
3781 9001 346050
8622 7803 855783
9239 5425 362060
3214 4197 145176
8297 1277 447498
9764 7836 744928
5151 8874 165723
2126 1346 417373
3300 201 68857
5392 8971 127455
2592 617 285407
9932 7895 2700346
6490 8536 97338
1914 9643 949646
9131 4763 611418
7754 3166 53824
