79
3932 2555 1135222
1541 7360 1131324
46 1088 2509053
7830 3170 712989
8301 7843 866398
4483 837 191910
3207 2931 697436
4142 779 1694180
9785 3346 1979780
6654 8639 178882
9443 3523 1102938
7257 2353 446227
7708 4807 318665
5973 4710 1270273
3527 5962 855928
8584 6699 889596
6375 2687 181188
9745 3661 2924297
6324 4485 278657
8755 3311 531858
8273 7451 371883
2581 4263 1221992
4250 7998 1868115
8416 3008 1837607
2395 374 897204
6603 8518 2650069
1557 9652 1729548
3005 6142 731575
6232 104 336148
2546 4573 265717
1865 6766 3664340
8060 7918 2774239
5266 3830 1335132
3598 8032 3014802
9197 8561 2531286
2236 797 1437099
8376 4279 1742871
5394 2465 221543
4101 788 289186
5756 4737 845964
9628 8964 331892
9111 7139 42709
8226 9821 953523
4531 2061 621540
7286 921 2749444
9118 2782 2280108
7906 4576 806560
4460 6866 949675
8411 3576 232196
1013 7766 1387364
8446 5043 2717392
7705 6885 4823695
185 7421 3788562
2905 9182 771191
1960 8876 583471
4561 9877 411629
2748 1717 488113
2418 7279 174962
6592 9448 1388053
3705 3822 1626732
3432 4916 751447
1269 9097 227655
1515 4023 2081586
6053 1824 1266874
2421 8163 174758
5617 5854 1197756
8756 9406 501954
8572 7298 1540402
9229 5934 518395
4054 1471 759518
4976 1582 234788
2814 5819 564234
8021 9822 1520580
2013 3615 2825756
8274 912 1512201
4178 3255 3259922
9389 7706 2932791
2547 8773 642852
1099 4971 694599
