79
9305 782 4303
4284 9587 1307064
6456 1664 179639
3888 4078 3463333
5833 7728 199661
2952 7505 5712737
1191 2300 2508839
7458 4288 425479
5020 1515 1034559
8809 9796 1945879
5228 5748 153333
3146 2664 1951452
1212 2228 194645
2399 9022 2842119
3727 5899 455250
6604 6002 229096
967 5838 228159
3565 2832 1987871
3796 7709 3085866
1408 5431 4014735
3297 2534 20448
7182 2346 1229848
7842 2991 2798953
478 4045 200439
4479 8226 175956
1589 9376 2076288
8722 2114 224080
2267 3774 1174196
1028 5487 1946924
7923 8810 616199
7815 8417 469170
5239 1336 2692525
9371 9111 1241071
3807 5039 40264
4075 3878 1360805
6012 4150 582556
4909 9456 462257
9321 4225 136673
3512 5049 355895
2431 1451 2155423
4056 9620 1066849
6316 9178 331231
2865 9951 3858509
518 6223 1943165
4150 2741 3774370
2215 1398 5589013
2664 8136 266435
2873 363 376028
7159 1159 498115
7732 1611 829114
4055 4854 657478
4497 6972 1407450
8237 3356 1434435
2448 3014 352518
5235 3816 492575
8563 5653 609756
7172 7562 3969597
8023 8169 45023
6176 7598 93845
3819 5031 908367
1095 1067 90339
8791 4894 2948638
9904 3081 621219
1967 88 463087
6806 2937 569745
6755 6055 2721666
4694 7008 297180
4809 4547 238426
8553 7580 493557
8190 5344 377248
9534 2923 2836712
8989 410 1570042
2494 3633 769166
775 3658 671504
1402 6585 474775
1096 8646 1259196
1027 4717 1780204
7390 8594 996982
1366 5482 432452
