79
5183 4354 535503
6514 9251 1405783
7707 8896 2030667
7322 2498 1434929
5296 1240 1494535
8020 3820 4085543
8438 6133 398304
2363 7639 1553800
2713 8679 220312
2578 2774 371886
1131 221 1272655
9766 9059 868251
1357 7810 1563578
4689 433 1613638
1598 7284 1156071
6719 3865 376588
3714 9741 294206
7817 46 196941
1613 96 1317100
7602 5368 1329219
6393 4439 918349
4960 8994 1029712
8256 7889 53785
469 9460 1924099
5348 2394 3090922
8012 6939 2188202
6744 1660 4192814
7253 4191 248109
8503 7147 8316
5133 8363 604606
497 3196 2340294
9753 5529 2457183
2444 4711 992815
2665 7578 4108781
7563 6493 311409
3017 6233 214952
4858 933 426587
8778 1389 1048436
9308 8836 1762
7694 9388 416423
5921 9908 320877
8963 8100 2174249
201 6619 4348835
2886 4043 2745857
197 1341 673350
5326 1749 1454410
51 8010 493564
8011 123 1693461
920 3603 434841
749 4275 1090536
1071 3403 1836669
9460 5288 871210
9459 3219 1843514
5686 7256 609275
3772 121 248859
6894 7373 1064994
8521 2326 139771
1580 121 1253347
3544 8981 510703
3711 1732 130936
4779 1864 2305457
3910 9085 2371284
4086 3225 1308372
5226 106 75608
991 9919 2013107
9740 1742 358953
2817 5323 864150
249 6001 3179559
2998 2109 5244
6545 6021 311047
1905 1582 358489
1831 2301 947631
7930 9996 3859442
4622 6723 2511503
3094 6823 1208012
504 1023 518777
5285 9578 1471706
9995 4849 723992
1913 7082 1571344
