60
3752 4675 1215938
2087 7736 52653
3023 3803 816837
6359 4922 303335
2487 3778 2180800
8798 9463 884254
1678 2868 586974
8205 3454 447439
602 4247 187837
5580 6187 822376
6120 6003 1554580
6439 5241 1598764
877 4923 2280346
8445 9767 1955827
6949 6201 240597
7260 3901 3867317
8332 2194 2279907
5757 4546 1129910
8176 7975 1286282
8183 167 272449
5296 6912 2652760
115 5917 63077
6511 8209 982347
7638 772 926456
4420 7872 1996664
3920 8899 1318691
2383 9144 1062290
5270 7559 4787298
3108 3727 780103
3790 8793 2574723
6218 7767 3095652
2935 8358 266906
1815 7387 2881085
9821 887 5372772
9982 1333 2168432
4423 870 329560
5630 2493 5310757
9217 1994 3779565
167 5750 12914
4128 5899 126704
9615 1940 1094816
4946 1148 531942
1290 4267 4751725
2959 346 2645782
8411 2460 989216
8742 731 1484757
2010 5806 2406029
8303 8858 844840
5419 5973 553643
4750 7899 2688228
5076 4038 2458824
7442 6765 417062
7046 2166 1083690
2663 8206 1116717
8306 1212 1575000
8534 2178 1799656
2273 1540 3714835
2145 6460 457220
8451 242 1881114
6984 6940 3051726
