60
4693 2351 976444
9179 6984 417641
697 7941 789581
5695 523 306325
5231 637 1695333
5641 1357 1074829
4694 2745 4162066
8990 6350 547934
1871 6907 1881288
6435 9342 1767950
1758 8695 35708
2864 9052 1639450
9840 8387 393489
9971 6802 793953
7573 6873 5415828
7087 7180 2212648
4427 1899 3651150
2726 528 3018474
5086 3918 1555507
2162 5755 347350
4162 6289 197065
5541 3533 38613
6854 5984 2830371
9724 9532 1690673
5611 4361 2707981
8474 7411 296381
2167 7908 1935119
8415 2268 1521116
5874 6851 356407
2291 9867 1327570
9092 5413 2779140
7038 122 1900266
2454 1346 9663746
9905 9897 1060712
772 4734 3600580
7231 662 292388
1196 1430 2290242
5940 5786 582662
7483 1103 997035
7290 5914 267177
7934 7869 591839
2672 7079 1408476
4774 233 664223
2018 8863 874531
8791 2131 248270
6038 2511 1159962
6149 7898 1224368
7145 8880 1294274
4519 7516 1461851
7461 7811 1565649
851 3795 331348
4419 7147 962382
6904 5439 1112915
9298 4318 1503900
8904 9311 1765341
2102 3857 6885319
2898 1770 3532537
4146 6044 3799058
6860 5718 384293
9467 2149 211272
