60
7214 5190 269101
471 8150 335937
823 2453 74515
8133 5029 2235887
9638 1190 259970
2189 2539 916435
1503 181 625163
1019 5797 2417115
1690 5958 239463
8066 9853 135321
6176 9870 2373862
1119 6139 804741
7035 9464 3690263
1152 542 705242
635 8500 1347847
4807 4904 385397
7965 7166 73372
1476 2149 2698987
7601 3479 4024492
4860 599 484345
410 7628 4623254
380 6131 2442065
3901 5502 131299
4415 6441 264709
7543 732 1595700
6330 7417 593696
2439 7530 2740484
7989 7277 257848
4706 4449 4044650
4465 6702 1395612
4009 8075 2475398
1995 4497 486356
9023 9162 1201045
7414 177 3854297
4096 7907 4211137
1346 3169 66365
5470 5750 2733099
2264 7186 4212965
6272 9451 320297
9779 7629 6246767
6291 4278 1348530
7178 8408 822320
2488 353 576259
6702 9012 1627559
7837 2992 829399
2186 7698 510841
7499 1261 286820
5504 316 2962081
5592 340 1375711
3815 9551 2432920
6505 2599 3045763
6949 6500 248127
6085 1422 1611241
1992 3437 1394311
1907 9306 81624
5611 1554 9192860
9952 4771 631414
1137 2647 1557006
1207 1620 582110
8858 240 888606
