60
4586 8966 3360760
5311 6196 808512
3051 9955 1240286
221 3764 4234785
7205 3209 1527930
9160 2327 1879779
4874 859 188331
4111 6831 2227032
5978 6148 2428258
2592 1092 5010264
7743 4876 465875
6585 1517 5592717
9992 8896 3017212
6791 1021 249932
8468 2969 25009
869 7956 1835679
1186 4903 271761
8462 9549 1552688
3730 8962 620231
6767 1219 104098
7536 2608 453757
6184 1993 180909
585 594 3417968
4350 4692 124991
5041 6621 272063
6445 3382 4608646
5898 7027 237226
7422 492 3889516
5159 6651 1990492
2242 3814 3460368
9084 1025 467114
7061 9100 84768
8208 2917 203806
7928 8810 868385
5705 2744 1238919
3478 9592 1246893
1304 7451 221513
6018 6854 2345381
6302 6060 406951
5667 744 3602176
6642 7248 515200
3537 9751 1324125
9224 6723 1848401
4909 3397 2993586
3025 5798 1090160
2754 5320 557201
5684 1274 721828
8562 7582 1285324
3652 5630 738855
5593 8200 32894
4720 6121 1198629
8266 8102 4805969
8183 8621 438013
9533 1412 614252
3922 6435 64639
9842 1470 411586
7658 2004 6290280
88 1987 3697663
1795 4570 4268612
3326 3745 1139802
