172
7470 5145 495262
4285 7868 431082
9479 5771 873029
3201 1276 102211
4244 3153 1675441
5736 1110 1658546
5809 3735 614916
439 1777 63269
6643 2278 49520
8247 8141 782390
3183 2070 52745
8927 481 237674
8141 6749 1375411
6939 2209 636767
2781 9674 118417
1714 818 915912
3729 8077 233743
6879 1977 69016
4757 3064 320606
9560 4646 2758
6351 733 1094143
2198 424 381830
7850 3372 194723
3143 9483 784514
6398 9933 66914
9429 1066 1719
8826 1762 90223
6758 2599 507889
4418 100 245750
9347 2351 616188
7959 8208 649222
7363 2273 168499
2542 1336 1458043
902 7114 42730
7389 4375 282369
4836 8272 183151
8970 6666 1292890
6252 9564 28119
7741 7696 639321
543 7194 94354
6978 4434 1111425
5076 5423 167405
8698 6861 335140
842 3681 415400
8935 965 3562976
8947 6899 515251
7654 3942 431683
7658 6252 75835
5323 2237 24478
7049 6757 237854
2495 6312 415052
5022 360 396318
7205 3844 335736
3036 3103 642563
6235 8726 303659
6496 5184 38911
6016 986 162636
3037 9390 723879
6680 6619 405344
1072 3530 125946
8456 6659 1442107
9978 2243 281014
378 9913 1033601
7574 8598 23411
5975 3609 1223969
5374 4230 587298
4813 7806 3535701
5560 2110 296502
7623 7078 845552
8432 8679 452511
794 4027 1724
5620 2516 354033
8214 3063 236078
1308 5037 68909
6529 41 2232255
2247 2137 992543
861 8499 45406
2689 4745 491138
3799 222 81837
3026 279 94985
3991 9361 344658
5162 2685 888350
3552 1808 504443
6810 6463 327461
4140 9388 391808
7637 2221 184632
6176 4200 794610
4452 8509 31976
8670 3490 609812
3020 2469 32741
5848 4819 120213
8557 9398 502035
564 9878 1237745
7795 4974 13961
289 1451 828907
6292 368 257902
8966 422 687350
4561 692 647521
3801 8680 1181588
590 3580 496890
7624 8940 301241
1198 3805 42656
250 6347 270552
9176 34 881341
6461 543 522976
3921 4438 381447
1180 2122 23311
3093 7988 324157
5087 2015 121665
1588 7058 435059
9470 8201 103130
6898 4986 821675
5540 7401 199175
3021 3089 2020932
6804 8639 306688
1449 4513 1031407
1873 3841 188141
5311 3013 220192
9637 4160 445826
7182 6210 304941
4944 9594 905131
6564 7492 38711
7948 6645 119202
6367 6186 31604
3216 5427 1019061
1143 3890 1279083
2065 1725 218559
562 7139 937263
7101 3678 10348
5603 3009 47301
2717 2906 670954
957 6694 345440
1707 7238 947942
607 3291 12594
6490 989 533387
9274 3213 795273
6368 5505 127918
3071 2941 137179
7547 9839 48517
4652 3866 409734
5769 225 1090351
2938 6755 11256
7922 2978 623378
2222 5407 784144
9719 4988 435596
277 1296 1923273
8497 4780 1195957
2296 4137 2341394
423 1619 1745996
9197 8225 1241495
4361 2086 721406
1948 6701 718215
6536 4798 160781
561 5162 115151
1258 5940 2425675
2288 1060 397809
3436 4602 1846955
3874 2336 228971
4925 5310 3516
5337 9722 53978
43 3178 231015
2085 8028 563773
57 1379 347724
2786 2664 890598
9933 6895 1031658
7742 7224 1138208
3165 1403 346441
4539 6332 355873
7826 8267 948935
4023 2422 1509755
8975 6394 2529603
4231 1054 95433
