189
9340 8918 526676
4162 5524 478746
2244 7356 147163
4117 9976 610924
3038 3982 1212272
1969 7428 224609
9499 6447 340736
226 3334 284257
6938 5888 606844
5592 3048 96930
6343 7653 1775744
5830 3032 520418
6433 866 107050
8099 1464 501294
1446 1285 75441
6116 1364 516624
8630 7717 784987
4932 8395 798035
7722 9715 248055
9491 4835 43657
5392 6789 227355
9688 9803 321256
3764 8160 2374892
1632 8283 383329
5394 8672 1544897
7061 1115 237458
1334 7464 40961
9802 740 300862
5012 1890 620666
1160 7984 164444
8005 5538 984561
7544 5065 1296819
9570 4763 603454
4217 9810 967649
2770 8104 710972
5056 4449 526132
4998 584 637629
9300 9986 60024
8772 9998 156168
535 9437 956451
2953 1779 438844
4830 4827 983743
4823 3947 178126
1221 450 629090
9377 5047 2796864
2903 9109 1150437
2860 8060 536054
3321 2752 71925
7487 4981 871665
5260 4609 196176
8403 6608 457689
7200 794 87666
2764 5745 44744
4372 9453 194002
8362 2004 343729
6727 119 27369
722 2013 222883
3439 7734 154169
1936 3894 184300
8485 9689 614094
6677 11 185464
9822 3715 3021407
627 7514 587378
3511 8562 333408
2979 8552 39253
7236 9082 513066
1418 3530 189300
8466 2940 286357
9219 2065 342311
4208 7907 35663
6022 9030 14509
3848 1971 179263
8265 6887 152301
5693 1240 41411
9818 9377 62431
9175 6543 380401
8745 8178 263976
9765 9358 456140
3541 478 1698139
8172 9117 395725
1231 8471 22982
7412 7505 101246
6976 8293 53429
2244 3723 1487728
1162 5465 227057
8490 2031 157811
7160 9821 348686
2443 1390 38979
1350 2751 91401
381 8943 518392
2632 5378 488910
1437 4846 97771
4712 342 590904
4974 3274 474924
5786 9001 919633
1477 7966 215722
7603 4686 383648
3490 9198 33560
1873 7590 1199880
6093 9775 1698063
8837 8011 176556
6772 1776 79449
1090 3496 2759478
7134 8433 460050
7075 1036 486919
5164 2998 107930
9394 5992 494933
3189 2730 44255
3294 7108 556358
5338 8497 588991
97 9461 1803145
6840 4087 76626
1312 8158 1809410
3108 5693 250592
5610 8415 221981
3175 8947 136377
5680 6231 70649
4615 9777 845535
4192 5413 924556
7193 8367 1719483
4924 3888 448630
2615 9216 871933
6992 4542 193589
1691 6753 258473
9086 2843 62183
9423 6736 135617
61 8945 521196
8050 9730 78675
6173 1532 194326
9359 2933 845103
4079 3158 319005
8278 874 588657
36 7739 27281
7367 1471 1770141
1374 1288 240713
1122 2810 737316
6148 1918 1383398
2772 8360 99961
5162 682 530613
6266 5550 267014
2087 5036 2114090
1884 9122 95823
9069 8726 337142
5586 4705 1106914
4690 4211 244415
520 822 279439
6415 2592 23168
9397 1439 945123
9740 4202 578084
2971 5535 790764
9169 2442 778205
5960 1236 34849
2247 5814 453009
2436 9043 469935
2995 4679 115193
3404 8517 544570
6184 8766 541927
3449 1302 285016
394 7999 121709
3730 3556 297648
8708 2261 245683
5281 8089 142060
8441 5223 1179958
8187 3690 354390
3452 978 274992
6069 4262 193152
1905 8095 683326
1054 3797 1343283
3752 2848 5998
8786 797 364418
4244 3577 409225
2972 8398 449428
8142 420 542516
96 7884 263705
5497 1932 190984
4736 1300 33518
5350 2445 77026
6202 424 425187
3121 8764 211289
7091 4006 66230
3445 9097 941922
6117 5376 1125285
9656 2495 1049904
7458 9617 143914
206 6180 106820
8206 6710 401064
4663 7405 635062
4768 5577 2152069
2936 4340 1114833
