189
4252 4145 635780
3927 422 437070
4972 632 47931
6723 6067 43586
5301 8860 1771322
3048 3065 95989
6041 6396 317982
7266 800 106254
3381 7837 267024
5815 854 467017
4824 3459 1542572
2419 5214 731456
7466 4427 41083
7535 7519 968081
2906 4877 292612
5446 4107 1465680
4897 7147 452508
4754 1013 147449
1392 2988 471267
5346 5713 214780
2710 2349 142707
7929 9475 183535
6259 9385 98668
6200 8233 335179
6505 5919 476425
4307 5152 78083
1751 7350 48924
2890 6520 194065
5304 243 167167
4523 5035 37753
2483 4762 438136
6387 9243 1239550
3102 1497 34618
7357 9663 792114
8439 5587 236899
2461 2122 86023
908 8411 180680
1872 4282 374712
3174 9180 202656
7063 2685 364835
7349 3031 1808005
502 4933 285632
5138 1904 1506729
3130 460 1966593
4464 3046 16939
5419 4668 278330
6959 996 2098843
2622 4864 302329
8549 4713 168247
5996 6955 1136325
5641 2783 116053
1241 3584 1235525
4371 5869 141830
3908 297 522383
7387 8153 698548
9727 7932 872290
9446 2279 872711
783 5519 27156
1876 7367 1477670
6207 558 876733
7336 4446 371147
5900 1551 222696
6425 8457 235237
9650 5072 1294648
981 4808 503155
3377 4932 875980
3574 6369 357236
8476 745 169342
8049 5802 299597
9308 8849 1175976
2074 967 1936100
2887 1715 261809
4801 3949 1126222
5938 8131 346199
1375 3529 1329038
4722 2357 65548
1123 4395 1006916
1746 358 241412
4958 5868 1459901
1302 6169 1364688
409 5684 1177879
4485 1873 880934
2728 5958 1100696
8096 7438 346441
6365 3138 791134
2011 5118 150869
3920 7372 300963
9446 6082 861497
7209 2195 597264
131 9913 15159
5028 4234 145878
8424 5037 235048
155 9382 275182
7442 2361 201250
2601 3539 229834
2131 3017 293338
1024 7935 928421
3414 4993 413008
4951 4336 364322
8030 1961 294870
3812 7575 489144
6750 222 133065
4426 4155 544729
5213 616 465502
822 9483 48865
5915 4900 1918524
6362 1601 1539963
7880 6724 132455
1113 4456 3279755
496 9221 974883
7313 8196 133148
624 7681 1850317
1931 3402 127815
6085 5520 174403
6194 8805 161822
2833 1224 328621
2904 8308 1176207
9459 1295 74221
5873 7658 55204
2343 3202 562776
4710 345 136275
2307 1980 395780
5672 8770 320220
3447 3101 2999810
5324 3696 882412
2360 8976 98202
9923 3231 82505
7962 7129 733679
861 4762 514734
7427 5449 531521
8306 2988 42307
1144 6001 81839
9164 1833 624994
9534 1133 1350073
4658 9353 1225172
4181 6966 8580
165 7853 113853
5473 1825 384704
6496 2647 61741
9350 2180 996639
4856 1884 418560
9211 9344 81151
5056 4090 134348
847 6790 711867
5562 8741 509268
2223 6405 53373
5934 7600 358859
3379 8488 394249
5006 5979 128084
1283 3177 103248
5278 1183 269309
3816 7673 93725
3668 247 526934
2213 5387 545660
9329 8227 114846
181 9847 293742
2149 7653 535814
7240 8162 42791
4923 2376 1181708
4969 9089 1879257
379 7714 155628
2006 1922 5125
8671 9652 801336
7607 871 198846
9730 2378 384475
3495 1496 503755
7710 3754 220535
3400 5926 120815
2265 9702 228635
612 5420 461489
9713 8218 137107
9253 9213 75297
2735 9257 166626
1 1536 26148
4709 3346 140950
3202 259 699157
9489 9178 75878
7444 6016 120333
5444 4604 53193
9138 8372 86163
791 4864 100307
7668 7830 473053
1140 2241 369388
8546 5915 1047967
6961 8222 1059780
2616 5411 117809
9160 8643 30177
8222 4502 982269
723 1224 138630
