189
9891 3528 29375
3624 3549 58663
5016 6875 360419
9173 9314 117125
1975 1643 130874
6339 8585 190096
8307 6980 183595
1127 4305 74904
6064 94 116199
4516 5787 59417
4049 8324 1073946
7705 9958 624444
5997 1 906315
2352 9865 195477
434 9377 98866
1371 6491 108649
6061 5745 820022
8104 6017 379580
2598 9778 21789
6566 9563 1679539
3683 2396 350555
4148 8646 450863
2954 4235 639539
4422 2677 686755
6837 2059 696279
8117 9599 416524
8482 5149 138054
7041 1848 381238
8115 5021 113671
6187 4162 51452
8302 2426 154835
5597 661 403745
9015 9301 315212
1250 3366 177305
7084 269 77377
5839 2888 657611
263 5672 1863905
5339 3763 278259
1178 9201 183412
5807 4058 174867
1939 5701 365929
4051 5481 2332328
4395 2681 276330
7922 6332 1214181
4317 1326 348344
8890 5887 29253
1835 5893 220069
2797 7781 129467
2789 7260 7983
8571 5498 10785
7862 7141 1149786
2584 8819 953482
1973 5928 681965
6200 2601 521533
1947 4261 147833
6365 8499 1027326
6319 2041 955681
2574 5003 265853
7201 6430 1135047
7745 7425 494571
8233 9060 137461
7618 4317 1475722
7765 4408 208364
5514 1607 137677
2760 584 566954
4171 6614 1422537
1391 4315 96268
2581 286 518005
1872 4981 289726
5673 5216 426047
7074 1933 868562
4729 4756 110589
7774 3393 560213
8854 2143 178748
297 3533 270588
5943 4694 393316
9907 4507 143360
2627 4245 591617
5117 6926 187140
2175 9047 18811
7660 7554 251975
552 3365 380941
3667 4634 671128
2080 5355 1069555
6835 3590 208527
8985 3928 537496
9900 479 85209
5257 972 314816
216 2980 1099205
9398 1993 261263
6025 9202 386449
5386 7816 19256
504 1356 161133
4681 8688 1119496
8613 1069 423833
7767 7788 441683
9580 9419 241723
4003 7215 147186
1919 93 346413
3066 1688 592034
8274 5467 302873
8180 5906 106002
5140 9488 971946
2743 687 336389
6912 3268 1053386
5771 6052 564081
2695 8210 2226039
9669 9199 531653
298 7178 405840
2050 1214 495255
2132 1779 10084
490 9550 2263054
3389 6126 17165
2301 751 911209
7993 5052 231949
4877 7098 248476
7159 686 542775
961 2051 458851
588 5255 224841
3902 3291 141739
9258 7830 232118
8257 4728 1129319
2280 1698 2022743
9925 355 1330570
4726 7618 466078
2380 8956 424454
5960 4135 2864
9903 2791 312579
458 8871 778134
3586 7424 651335
7544 1208 182885
899 5326 762510
9898 5794 1906918
7131 4307 16242
2971 1605 334955
3640 2586 828
7215 2460 266404
2774 5249 136538
420 2789 454975
412 2378 219834
7096 9566 144062
1203 634 685055
6386 4889 308012
9887 7653 273974
693 744 315891
5524 8561 1995960
5702 7920 89420
2289 8932 391105
5531 8227 870719
8814 2461 102907
9734 7226 34033
8987 1298 625836
505 3953 382008
3194 2984 539521
2396 2337 721935
5713 3046 1332216
7687 620 437813
5963 3302 1677964
2143 5298 763227
5658 7404 262955
3704 212 1194504
2791 3931 310648
7657 1990 1053298
9001 1742 1100306
3114 4472 1045914
8173 9262 1441453
7713 2049 1548450
4100 9871 840272
5563 157 586340
8632 8423 619829
1111 3060 26352
2778 4468 21800
6939 9041 293040
8380 299 204509
8492 9827 280236
1026 5379 509079
257 1410 1467946
8951 3111 25152
2028 3370 501644
295 9654 541282
8919 7005 251216
2572 9929 449742
8053 4095 831343
1886 6593 796345
4799 8695 238123
1932 9648 852965
3216 8047 964481
1095 1429 667244
248 850 636460
