100
8312 7576 716293
8721 9816 603477
8169 2173 334797
8113 7121 73055
4171 4461 977380
5096 1982 1021801
7206 2618 2991696
4751 320 146145
2221 5015 512777
3485 107 3439087
4409 8692 1025210
330 1285 2111167
7799 9667 333405
930 6691 718393
8341 7766 1961433
1927 446 35072
9056 7767 63761
3425 1285 1415047
2900 726 39350
32 8976 390591
8121 9921 1592152
8078 4143 669530
4214 8880 27410
6817 4617 1793591
9210 2341 1307978
4184 2913 2504320
5293 5804 2193823
9932 5663 883622
3351 3931 13126
215 4333 4081478
2049 5909 380299
1689 2838 3045
1861 6362 1004869
5381 4496 2729990
1404 5450 4370694
4476 6851 843046
2221 2195 876237
8291 6524 1883346
7577 5461 1463484
8859 3678 776636
1120 959 1692113
3998 6069 1303355
5293 534 2832930
158 697 193557
8747 7715 1540054
4226 9012 1932772
2904 1688 5670
1903 3722 1455990
6740 9770 182436
7484 5356 518535
3306 442 295003
2037 6912 564689
8490 3805 3134939
1130 2965 1993565
5088 476 2000375
1762 992 666049
3763 9968 450438
8951 8807 526173
9625 6389 162132
3494 8558 203208
9402 2475 435058
9048 782 1687724
8277 4071 1627148
990 5845 122811
6728 8950 391134
3791 3144 164250
2705 4061 1316296
6896 2733 833882
4882 120 3363059
7094 8867 145896
3149 4844 1551719
6638 5645 899624
8623 2476 1555380
9354 6738 165997
5228 3251 703956
191 973 994416
6763 8156 264815
1967 9489 360543
6562 6055 159805
1484 2098 324034
1826 7456 367369
7088 8595 1623783
78 9180 17853
7923 4812 2188576
6657 1823 391352
8839 9349 574484
6835 2281 260253
2771 5057 83786
1305 7791 769670
9504 8478 1290542
4677 3513 54672
9236 2148 44577
2921 3283 1188762
6221 7009 937896
709 4638 318947
8210 1547 17789
4473 4815 1281277
9663 9622 745232
6060 788 210591
6331 8894 602446
