100
7605 6700 1297868
3987 1568 1530699
1032 6780 131468
2109 7913 451017
1296 9872 527344
8491 6995 560891
3502 4061 163791
9323 5769 112175
1456 9176 1751657
3356 3193 118958
3764 4063 618218
4449 9528 364256
2591 1166 287342
5095 9715 526252
8476 6262 1264229
484 9165 1130850
9673 5485 271030
329 6977 2733221
7798 6327 1183732
5786 5944 482158
1168 2816 1028137
5034 8365 657064
3185 9257 767173
5703 9637 633326
7284 6194 2074997
1148 2612 512862
7688 8879 1947449
9824 9674 2431868
8780 1677 1482787
140 8939 2125530
2853 3644 3154009
4650 3196 585923
9157 3550 3484068
127 5205 219544
2792 3781 1778473
6935 6091 378754
5690 3065 890472
9403 7671 40295
667 7737 1312576
2930 4495 252244
2728 2444 573092
562 7962 1623635
6589 4812 76096
7416 3785 21594
377 53 1688011
715 3420 1248518
8166 2665 1112349
8095 5330 1951564
5953 7774 257183
4378 8381 810741
2148 6190 1317477
1620 40 221963
4519 556 244522
3371 5595 1070329
3800 5464 335305
8170 6360 1064469
892 2258 840126
2280 8986 360245
4411 2350 1412472
8803 4610 311695
1611 9262 840314
6593 5221 343995
7845 3998 1510195
1945 3482 132436
887 3236 1729190
6485 426 971657
7850 159 3799
1305 7170 1746449
573 4880 1360459
7790 8419 3117621
7712 9135 654704
2568 8442 1262876
9083 2897 752367
6545 8902 1827721
5453 143 2880452
141 7028 245604
8983 7346 1040385
5204 143 368771
744 9221 675338
5762 1333 145301
5961 3880 227540
7096 8097 1183497
3758 2582 1607207
5474 2944 263091
5154 9015 2519645
4051 8457 712968
8960 3830 591543
6549 5849 277628
7042 7689 104191
8521 1454 450167
6125 6465 2001376
6279 3386 3043840
8672 6478 1346490
9064 8609 983047
4157 7305 253494
3738 2542 2647736
4284 2092 1258920
6004 7354 272505
1979 5008 150316
5292 4401 689072
