52
9536 924 232737
9914 8524 4052643
5479 8516 1544488
9109 4624 1938695
3080 5066 106343
8840 9075 566884
9285 5041 1864284
54 3773 2503248
2084 2927 6351396
9711 129 979458
5740 1491 1780497
2579 1247 429218
1560 3247 2454794
3198 3374 1070524
1335 5143 4550873
8139 3476 8538455
7990 1328 91175
1000 5919 135011
4256 5780 1123615
7974 4684 567165
806 9024 949722
705 3861 3729680
8422 9770 871892
2923 8784 2194636
8357 7868 3847872
6676 5087 35810
2933 7416 841410
6289 4546 1456674
932 3573 3152885
6484 218 2926094
6289 5328 349382
1265 9653 102795
9045 5076 476044
2133 6396 1919662
4065 6062 2622734
70 3899 130107
3160 5686 14311559
1915 30 3816389
8853 7537 788867
9561 8344 623285
1689 1827 268096
9964 4330 7153
287 884 5366287
9972 3128 1584699
7300 9689 1889597
8661 3092 539216
5686 2543 463195
4957 6358 1664728
6923 5681 254933
3149 8297 43399
5862 9228 306115
8235 4080 1583580
