52
8903 9414 3607825
7252 1745 679992
5328 2592 276132
558 345 733750
8259 4133 144238
9574 6240 100593
1008 333 842522
3156 891 2549243
8710 1117 376252
7297 6497 499769
8504 2978 3361470
4410 7230 2970711
326 5466 1430145
2486 215 2184633
9047 7317 2487052
2228 1172 1998490
8954 456 238612
2415 2633 562198
7553 5466 4327254
9379 7548 210876
3309 4492 4511839
5264 3384 1488109
2042 3803 245980
2739 5902 532807
2347 5107 406153
4035 1285 3270905
6071 7837 2529593
4120 8441 6722817
169 5181 2005542
1868 4983 954110
7800 5429 97580
9125 951 1283603
4153 9588 638423
4661 4353 303255
6740 6164 4993157
4440 8646 2855365
5900 2390 1047426
5445 265 1998328
7977 9958 6814991
7610 763 2040409
4415 6144 3581343
2741 1005 8468310
3536 6735 1746767
5563 8598 535983
4458 3175 2036118
3701 1685 445345
8471 4372 2750606
8171 7015 183933
7130 3111 3060083
549 7524 993537
7466 3085 64495
9447 190 1811331
