232
4682 4977 616355
245 666 391019
1237 7880 2283800
357 7197 304710
106 8570 547043
7228 7136 1204487
3521 3057 718792
5339 3351 360018
4881 7968 133669
3625 2512 206246
3251 8973 1146877
8508 5730 118866
266 9403 257810
3916 800 521914
6934 6678 83938
8160 8239 778465
3436 8266 298428
7711 7782 202633
6723 8339 107756
926 9040 19892
9236 1169 581899
9110 2084 249517
8201 1409 155059
499 8408 343046
3309 9499 915603
6776 3322 771211
9706 4574 71280
6520 3873 193190
9757 6143 379419
6866 4816 915400
4978 50 73393
9457 8581 531373
6456 511 401144
2505 9153 304283
8357 8409 441570
586 1625 443210
8026 8149 31787
4425 5705 795809
5488 5644 30654
8835 4426 368943
9792 8914 293259
5983 2663 1133622
9424 410 116590
4899 168 204786
448 2347 191484
7719 5026 561769
982 9707 34228
8115 8747 685405
9760 9795 164355
6023 363 641009
4638 7905 234706
4749 9586 683613
4835 9245 46065
5921 3861 141091
7752 2402 963456
9460 1651 400491
9694 1806 624824
2843 5134 1040265
460 2142 318838
2555 2457 430117
4050 3154 42573
5184 8082 466881
3245 3460 489631
8775 9681 545899
8938 4491 368498
6716 7257 986863
5213 2642 456367
3303 7738 765100
102 8668 21575
9658 3723 1326055
6118 4492 588455
3622 1314 548380
1483 37 437528
6337 544 1226397
4284 9189 502138
7034 7664 583032
4827 3832 776065
4765 1011 222730
9332 7325 15409
3077 8448 194110
4804 3110 335958
8181 7333 72635
8318 2713 739443
8324 8497 1026184
765 7179 6185
441 8942 496616
2318 320 1787043
1466 5085 5185
2080 9108 238317
8542 2212 3301
8971 9511 59715
575 5126 1143704
5784 5099 140931
9005 6886 110994
3673 7421 296812
4363 6491 904865
9245 9844 131146
9771 7953 22282
3623 5574 808315
5823 9289 614103
1661 1593 22020
3400 3005 135462
632 9073 330883
1884 569 1069831
7773 8071 190311
7143 2847 495529
7525 5928 418563
2784 6876 169596
5851 4923 106739
7175 9686 73749
1915 1191 120829
4829 5081 1600777
7758 3491 121042
9523 9299 691199
7144 2699 344837
5710 6657 49223
1412 158 400287
8771 9073 21723
9728 1223 70930
71 9728 511496
5357 2900 15646
684 8963 759671
2530 9769 19838
8793 4923 1606892
4039 4861 139265
2275 8914 355759
2710 4486 14263
2418 1709 108358
8901 2613 19119
3138 1806 258952
4209 3969 700661
2873 1543 4522
4672 9421 488793
8291 3760 358215
8738 9480 110142
8278 9545 109882
168 8124 3548
1141 1562 725239
1535 6759 242482
3140 4231 137057
333 1068 871374
9387 8975 51868
7186 6967 220494
2372 9002 718195
5814 9794 1078037
1594 6362 182109
4795 5609 556337
4884 3865 10710
6250 4612 4116
9672 9726 1628961
3917 2137 420824
9142 5281 10731
4138 8486 188120
5432 9615 166252
8272 4794 823325
1228 5930 319831
28 3059 513512
9166 7596 798596
6454 1771 852410
7562 9496 124035
4507 5495 37231
4906 9671 1002474
1799 2683 705777
3195 5810 58817
7038 4262 120801
1150 9018 270537
4551 5388 130966
663 1908 232402
9073 7873 870998
1027 855 230096
3925 9738 1728167
2267 1158 412790
6781 9321 524344
2483 8103 186167
9949 4406 116307
5134 9183 99882
7907 8719 3133091
7201 1745 413767
4315 7746 56000
5976 7833 313355
1644 5759 395563
8374 7466 1066582
9224 6560 384918
3313 4117 216652
2150 2443 301560
2527 7123 560723
4160 3508 56398
5425 4623 113854
447 5942 666899
2756 4425 85009
8488 9684 411553
6855 5237 283952
9036 5726 14212
3893 2813 347306
7358 2849 248019
5918 5493 493227
7645 3317 1256226
9018 3384 129042
188 7354 315218
3319 1559 556488
5741 5166 170640
3071 3863 439788
9150 5227 252432
4718 5623 1851581
4229 1327 89795
2677 7798 787020
2019 7936 45278
8898 2570 291239
356 9996 202690
5818 4328 269948
4003 6653 418391
8264 3118 231542
4160 9477 171700
9512 8616 1186749
6420 6238 437265
7587 915 522842
7885 8331 675494
2399 967 617693
2168 6478 347545
2093 2859 20896
4553 2641 238326
5172 5318 416070
3198 4672 14249
8675 5945 71086
9555 7559 29785
6779 4799 322800
4127 1454 855471
1466 6060 120602
138 529 403562
2158 8854 465136
638 6338 6579
3588 7677 97368
