249
2028 3898 292631
6373 7661 13889
6876 4820 623991
4266 7211 1840979
5314 9180 139819
5176 9091 313957
7775 6253 435087
8292 4165 249185
5266 3986 558480
8917 4761 51531
1567 1529 332388
3206 7937 325215
5248 3682 255064
5840 3854 130283
2880 7858 559904
9073 6441 310160
2447 6013 541881
9965 5198 213529
3224 7288 396089
7988 8564 39343
8310 1637 95690
882 7169 534417
9768 5047 562257
2217 1762 413706
3333 1135 738122
361 7422 115566
2194 9610 152147
29 9913 253109
87 289 13127
8161 8477 8816
9314 148 245026
5805 3748 670085
9586 4807 91202
8004 3936 319483
9035 8462 195688
7180 4674 1020131
8782 4961 1051862
9877 6289 466799
8033 3497 168965
3498 6952 365498
1296 4338 698386
2269 1824 357943
1591 5904 331137
7058 1243 249044
739 2681 398694
5009 230 64180
8493 4327 475124
7453 8253 1437128
7516 807 508798
7434 3340 572869
180 7461 267254
58 7106 39486
5532 2693 637149
1730 2729 555059
3862 8866 163453
1893 3429 373102
6727 9895 113583
6229 9853 153690
3980 9574 52403
9243 144 256992
4909 6217 482410
2821 2940 21043
6624 6588 5348
3681 3004 360352
2101 9425 184176
2900 7897 421671
5442 9606 37790
9288 9372 8991
9870 4209 1182358
743 4523 216552
6272 4603 1561205
7553 5694 1815862
9465 3281 782174
3228 1372 617717
8177 3718 165953
9534 9653 376702
572 3840 499907
7251 8476 98305
3271 6604 586211
4654 8207 733166
8029 4905 217345
7758 4716 629473
1928 9920 699198
1477 4920 478862
1177 3113 229221
5905 8177 69736
3937 130 192953
4287 5014 577605
7303 8135 331442
837 2389 100448
9945 1390 618663
527 4690 720408
10 7937 288418
6858 4170 316031
189 8115 752642
7336 814 193259
1550 6041 310845
8277 3205 547814
5136 4845 5369
5119 2640 452992
3278 1730 872173
2149 2297 130228
942 2796 565250
6289 9643 669773
6446 878 1177558
2721 6961 489602
6529 1301 433562
2422 427 504822
553 2705 942202
8671 846 172063
5333 3540 111323
8907 7235 637625
2350 4730 38750
4088 3062 30230
9969 1311 847501
2990 7855 90099
692 7165 759848
5503 2955 186286
8033 8652 986921
8794 6723 484215
430 6832 830644
9778 5210 291522
1395 5742 568682
5027 7446 279179
1800 9616 825807
6517 8577 204084
1560 5647 57086
4091 1069 322330
6550 8436 190915
4124 8465 99805
3400 8701 248104
1464 6511 445208
7234 8668 347236
9783 5280 321440
7817 9644 93112
195 6657 204593
5581 5841 420339
318 5065 8777
5589 4336 98422
678 4267 224567
8553 8779 808282
8329 3299 12616
6530 3395 77988
8994 2443 495275
2534 7470 233575
563 320 8926
3510 7211 176780
609 876 593434
9553 2177 229134
786 8538 260119
1388 2306 1404697
1700 2669 684497
8170 289 139672
7166 4403 15199
8880 5081 115665
678 388 529418
8325 2771 128000
4406 6815 115238
3137 9073 206487
2597 1521 620816
2567 6382 907516
3310 541 982064
4565 7735 464011
7763 8859 113355
9241 1197 75048
5833 1134 600210
2513 7560 1049343
8460 9465 145061
442 9494 30152
2527 1235 583843
3511 1503 563375
356 1138 356841
9882 5851 1303
3059 9605 58973
4720 7763 798639
4653 8987 14520
9778 9563 508094
9902 3471 832947
7311 8217 251592
6790 6291 411390
9535 7254 261558
7472 2666 116345
3595 3871 627056
5370 7726 453278
5549 5716 168339
5611 5854 785290
1364 7511 87688
7300 3858 567346
4641 1479 947401
8344 2083 100907
25 3688 112987
863 2378 267856
2569 2987 560454
1496 8781 230331
251 7055 359345
6101 3192 599128
9199 4679 1503232
9709 364 524194
7445 8602 69867
2718 2968 370027
5107 7711 1229099
473 2496 367828
1863 1215 268528
8386 4255 193902
2295 6440 628634
7860 4638 486277
9706 5850 300475
5419 4077 1203775
954 574 132498
1742 4967 142445
9831 7753 187988
3485 5101 1608076
7941 9448 36453
2521 9575 354586
9472 9399 546612
6569 2361 270082
7891 3525 126431
8041 9118 522887
6632 3027 30955
116 818 179431
6687 8061 1207916
7652 4921 57002
8677 6959 154571
3721 4568 998182
2088 2511 915853
8141 1390 894803
5646 9558 159351
2814 3261 908606
4217 2939 63212
9117 3145 19300
3083 5289 9590
3739 2187 99661
8791 3154 199275
8334 3849 54086
4715 613 14271
6029 6089 92042
5972 1066 11457
3768 4386 281295
1196 2494 188976
2279 9296 779157
7665 5838 134441
7698 3349 680852
2246 4899 18956
2287 6249 201552
9384 4825 169000
8127 5810 633728
4907 5060 123979
2865 6012 103599
3913 4539 778526
