249
6036 4585 316946
7478 6654 229133
3092 2461 612
2489 5559 160648
8841 9505 368104
9802 1506 18029
5070 2711 239592
7954 2205 134895
1057 741 19720
2207 1944 376737
752 8141 804988
2076 8588 594859
924 1027 142249
6312 6693 138610
7678 9726 112303
9995 432 1133487
1264 5609 66115
1778 9207 111680
1627 3332 307531
910 4015 391326
6328 5808 713730
6694 967 91114
6516 5516 176029
327 4667 6857
3274 7455 44690
2122 3958 16044
1236 8413 63557
2743 5354 226720
4997 3738 556830
6405 5093 1375132
4841 4330 142000
5897 5886 486680
4852 2656 269936
573 3346 26105
9782 6675 222569
3818 1010 394284
5574 1078 1464270
8655 7689 60798
7611 8931 101172
6327 1351 296104
4839 8867 738195
7331 8500 157418
7727 2980 435223
101 4219 256856
9604 6199 262804
3063 9107 97745
3561 5010 496162
9829 5933 246123
3347 9973 5047
1088 9617 255856
9670 8813 442496
8402 1930 539764
629 714 118007
5480 1167 113520
6417 4303 193808
1818 9542 228199
8256 6969 904922
9877 4074 239374
1855 3376 45097
449 5572 54177
475 7106 174335
8762 462 19545
7293 6941 191351
1376 4020 133072
1067 2559 160212
6299 5046 291557
5321 282 98642
6263 890 121204
8865 4217 683745
3676 1927 482802
3204 482 257166
7039 6572 28276
6250 2692 138114
2290 9348 134209
5222 7450 820575
92 7573 290152
8484 4794 14820
5829 5327 2040
4605 4306 396518
5844 5455 76921
3679 9510 422168
8174 9047 468847
4760 5067 264783
2321 4492 763408
557 7963 331794
3773 5352 13900
6177 6329 47635
9287 620 400515
941 1323 53099
5495 4016 228740
4427 9849 522952
1632 6258 165639
1928 5487 261284
6422 5108 1083078
622 1845 371057
3286 2359 115238
9252 6311 1484521
7693 3140 34984
3868 9814 366919
9278 6480 345374
6585 4257 576716
502 4314 203589
3864 8090 408888
1967 5444 250745
8023 5878 25530
7404 1783 298760
5726 1386 421936
89 1048 1809467
378 2629 183393
743 881 354098
1797 9271 335124
8514 9234 216671
4007 8832 454175
3243 5383 598006
9159 4092 833472
9176 3043 112622
367 8872 343070
5805 3653 4179
1892 1844 524818
2251 2500 232794
7107 1624 1302606
2172 302 914959
9019 5478 1018776
6293 193 372625
1780 4224 112623
3362 207 1257706
3003 4746 188265
6296 1931 432146
8490 1449 190062
4697 387 13098
649 2485 22775
6343 6896 15313
4727 1809 145327
9185 397 141369
9811 6148 547802
4878 5804 116574
3274 4294 710375
652 1209 108505
7922 2170 319639
6194 3564 808877
5545 8492 911509
1775 538 669936
104 7156 177979
3318 8749 9896
2878 9100 568926
3368 5976 646012
9041 2408 110978
4577 8006 555131
7771 3087 506870
4112 932 211583
303 5232 609818
8325 1924 139870
5893 3721 1694643
6457 503 1532
6808 9354 75816
5153 1283 182541
7767 2457 1413414
8425 5615 138736
7006 5643 1316972
2727 8222 285308
2794 5709 79241
8079 462 120439
5482 8446 281947
8516 7365 33317
3106 7017 1112829
932 2997 53039
8937 5068 85276
1922 9227 896363
1305 5065 481666
7201 7415 115172
3321 8926 261263
255 5476 1058575
621 3278 140955
1589 2569 90492
1493 2220 767916
5656 6206 710575
1967 1749 460464
2761 3597 196094
7432 6693 125335
9188 716 1452260
4555 7918 743711
9722 9406 852198
9777 7303 465028
9811 600 60470
3987 965 138094
6559 8582 795439
4585 8424 392487
2014 419 142300
3067 3660 89303
4903 1735 498284
5110 9662 75038
9639 9918 393863
9650 7306 964393
5369 4499 202251
5004 8624 21644
5331 995 156745
4417 3844 680809
8806 6888 1068954
6986 8988 306747
4520 4410 330363
1661 5055 45784
2449 1913 987207
6362 6156 261335
5286 3673 870609
9381 7295 117035
3704 8655 1237999
784 8324 29380
7103 6048 1107925
8601 9732 851203
6590 6238 325916
4630 3095 15734
8177 9749 581779
7954 276 496558
2832 5868 420233
5477 3240 681343
8093 1966 39314
4770 6432 458999
1567 6020 343628
1261 1396 503054
9120 4699 249317
2494 9378 574738
566 3496 1273190
7265 2382 1232617
254 3284 354963
9175 3936 68678
8592 2056 1108106
2566 6347 124911
5412 962 573827
5503 7564 527141
7854 2907 318095
6582 56 123519
2737 5195 943668
5505 282 414345
1044 2794 1499908
3758 8772 84175
7854 7583 82955
2927 7299 658259
4213 7419 105221
3416 6751 1342175
589 1682 510953
1046 2965 645650
9330 2643 477971
4134 5420 480667
4670 2794 157715
9112 2855 241022
4362 1631 1124289
5579 9005 220643
7202 3248 301595
5148 3320 254199
