249
7462 2962 25912
8682 9664 91863
8087 9127 57582
7179 8192 8342
5905 5925 614979
5133 2838 137174
4450 617 145054
6425 6612 103948
3742 622 168337
7422 4829 734702
4199 5159 56368
4288 2865 121619
2152 8361 691664
5654 6081 925978
2575 9191 1532342
4988 5675 390884
1854 8364 466894
6618 7385 279673
8655 5447 46916
9113 2263 893224
4141 5975 213324
6319 3805 1484424
9491 73 38648
9567 1154 37371
1979 1620 267079
7955 6532 84191
7218 4388 92741
8573 8053 540117
5174 2626 452242
7919 5274 230639
5261 4166 104598
5123 1275 35114
4787 7803 30212
7612 3361 250104
6027 1381 593182
4009 8774 423459
1761 3504 316875
1489 6888 464571
9940 7951 139175
1924 6183 1163359
412 1563 200054
669 370 106992
1041 8234 833767
1041 6687 1740469
5786 2229 363587
694 7919 115008
4735 6325 38542
6915 2702 393218
5994 3541 232270
5619 6241 366530
8835 9996 484536
6008 5447 136839
5242 9342 101718
7703 458 151252
4959 8756 127355
4812 8090 243770
580 9838 1659375
7078 9120 2336380
9938 3938 308317
9790 2619 111344
15 6447 763560
8823 3505 194951
5897 1017 388301
404 9831 70464
5077 365 296837
1522 5525 16353
7778 7688 14747
1085 4829 292408
1148 8174 176964
773 6971 195868
729 2304 203628
5640 6681 50036
5655 7328 992763
718 4493 304119
3873 1132 496173
4265 1336 118092
7931 5881 520409
1152 310 753346
4345 530 331337
1713 9313 161855
6468 4553 43309
1994 3646 224238
4794 7351 1027207
1853 242 76421
4770 2587 86195
6065 4547 474851
8469 5770 118240
9262 479 216340
9421 7562 805637
9905 5716 585484
4676 3227 430969
969 9999 121870
8531 7439 26408
6865 4885 395879
4253 6663 101131
3418 7621 34653
1585 1067 353765
5364 7165 101145
4582 9707 174743
7404 1198 566832
9044 6350 216917
9625 478 303153
2030 6565 6848
5695 9246 81922
7691 8057 347737
2149 1798 192013
9869 4706 9718
5662 9436 384128
6115 8290 133960
2976 7232 346402
4440 1228 423654
1236 3710 452248
3816 1728 145120
8298 5098 253225
7083 3918 138169
2305 4481 273140
5442 8659 1143049
2950 3478 190406
9700 7486 382937
975 7097 1318402
9417 951 51062
6478 9163 1236700
5849 9925 674448
363 7910 159677
8618 4093 86678
3540 8755 166373
6504 2770 49621
4256 8588 185201
2819 4060 1713040
5400 8162 111933
9175 7946 168454
6071 9120 1108297
440 8345 193168
7548 3801 866845
769 4053 1586181
9082 129 160208
7335 463 572835
626 4736 479195
2203 9980 914244
292 9376 2405
1949 3222 381752
7092 8366 136239
1054 9553 62054
2167 4030 392654
7444 5854 505113
9549 7009 92965
6984 2154 745847
5495 2860 130438
3207 1671 284308
2993 1594 457103
7685 8271 68685
827 759 729662
594 3498 34731
6441 8471 752128
1667 7782 296889
8405 8306 404721
5082 5015 162485
3412 7288 563175
2836 3653 356278
3067 5061 281444
4892 4988 795906
4713 3229 352550
2275 3278 1215341
5199 9100 273018
5179 3668 1567752
7526 8501 74042
302 8805 217990
318 5758 140102
7447 193 599573
2717 1923 207849
2305 2960 516828
2921 3605 259983
9204 2262 636120
5155 9573 241264
3834 4227 360717
364 6600 977049
5915 5110 477506
9570 3599 364248
9624 4664 129565
5363 8336 6749
7681 2575 201118
9186 4428 39368
1635 1945 923622
3882 2095 460851
4866 1651 408082
6722 3685 857223
9296 4290 657574
7410 1367 44080
2009 9776 356764
457 5629 444268
9516 9127 556063
259 6048 90180
2438 1529 196818
1260 180 483246
1647 7904 608469
4796 7971 82238
2691 5974 535690
1681 9880 1052250
8063 2283 326107
8900 6220 148828
3374 433 464469
5427 8538 656271
5288 2247 526976
6099 1218 357145
8460 3411 334484
1302 8902 1142
3635 9897 721247
7662 8053 2042247
2692 104 706507
2261 9622 8119
2549 402 616143
3754 7872 214894
6668 488 8875
4056 1098 617034
3631 8195 1055765
7045 4395 474611
5386 8215 166056
5974 2307 31178
9584 305 211849
5527 3015 80975
2635 1609 73168
6923 4007 281560
1924 9604 296939
6966 7325 468103
4278 4811 1225251
3467 4384 96539
3421 7311 79500
8657 8792 180119
1342 2745 646133
3489 8047 670511
4512 9048 12490
668 666 188443
3216 9462 1292400
5361 3611 1474619
4471 3693 259467
4771 6890 191947
2076 8981 812948
3290 3643 643614
4845 7480 48157
5735 1493 38231
6461 1673 114655
7331 8326 311597
7526 3143 662071
3046 2740 803099
9008 9885 82725
8828 9251 257316
196 5357 93780
6850 546 215780
6774 1705 413745
