249
2230 6973 588621
3889 1398 243495
4119 7931 1010947
6460 2241 263149
1778 5646 46826
5386 5086 1317275
4443 8716 106371
4161 276 73342
9269 1776 409994
2593 8003 870091
312 5926 370794
96 5816 338578
6809 9003 140932
558 7296 264057
4706 8837 54988
2371 9002 63624
6893 3336 165766
1453 4774 340039
5466 5192 17305
4414 8524 102690
6560 2122 158025
419 9622 115449
290 8096 1450777
7667 6635 431786
9144 9035 551645
4725 8129 584076
7259 9082 627092
565 1034 406698
6773 6744 129320
8945 3272 1032991
9469 3141 1062842
121 3299 69532
9124 5812 104154
8419 7332 61400
578 7386 56816
6285 374 335988
2972 1158 22744
388 6410 130968
5067 9103 307698
9377 2744 150696
7482 8468 163556
4730 742 160443
686 7901 176153
9214 4349 8643
4804 4667 348739
801 3189 859823
7647 892 140109
1789 801 66783
4645 7726 351255
6011 7633 68033
2563 5219 255652
465 5355 396236
4833 4154 483940
3384 2706 462483
218 7722 387247
7417 5308 644493
6121 1264 18873
94 5521 1771040
4515 9559 748118
213 8781 337649
9739 5291 746383
9603 4766 106820
7559 5130 27564
3483 3642 210065
7853 9219 82519
6057 1623 151500
6787 615 55286
9318 9778 44415
3196 6065 398892
829 4050 447827
1463 4344 157357
1196 5392 319485
1910 3439 144477
5540 5585 628766
7828 3884 767974
2344 9933 230106
2245 8089 631538
6511 9533 458969
817 6032 620197
2532 5645 61225
8567 9160 1396380
5041 2651 78895
2035 5269 154311
3255 480 203176
9707 4670 129247
4085 4011 54497
2074 8411 1084229
3038 9354 627154
8172 1157 461202
1389 926 45814
4102 5932 267238
8818 2101 715528
6078 3215 78032
9035 4561 874255
6709 3975 146786
342 8248 1023459
6626 8465 1059953
7808 1230 213194
693 173 316120
8213 8336 265452
2089 6482 176266
3 4805 488889
4541 6269 590113
5296 9927 617522
4564 3088 1224810
1536 9441 627889
4467 4676 252114
2316 3034 618641
4230 1943 165159
8503 2455 1427910
5133 1130 638055
131 7388 42784
9173 3254 1009258
8736 4877 48225
2126 8722 41334
2137 6338 480058
1717 1991 308557
5228 1027 582836
7167 94 246749
9142 3166 434213
1042 8757 546095
7362 2920 80
131 7655 739010
7686 4001 47137
7417 2027 6582
138 9259 36849
9542 7128 61554
2429 5117 133473
6080 1972 346482
2883 7589 206632
8258 9546 881417
7466 8298 178781
3717 1548 138746
6821 2506 358543
9691 2202 526788
1415 4479 258125
4736 2186 879533
3118 8232 730879
5382 2933 356556
3981 8609 355015
7646 3222 345702
992 6094 456774
1036 7742 302665
6157 5014 458793
5361 5478 271997
6242 4729 88571
7469 1910 1139483
5650 8305 188494
1152 2046 271095
4437 5245 55744
6432 5667 5485
2118 1002 662618
2182 5907 38808
2340 786 473529
1529 4997 430856
722 3607 30951
1191 3959 50625
4249 677 719795
6260 9092 242190
2443 7431 1137572
8742 6023 471341
1867 4789 438544
4611 1730 605796
9516 8006 516947
7131 1501 518188
8186 1582 432306
1722 5164 397699
9493 2437 1252475
4572 4928 7631
2991 2299 277436
6085 8117 295340
7412 400 333098
8336 1984 556473
9785 3875 1010263
6842 1411 250526
1363 6160 177493
5756 8282 6134
647 2871 607641
769 8487 176399
284 3066 754116
7044 419 337173
1458 789 37299
4459 1311 378017
6902 3642 506706
9217 2611 842542
455 8870 211715
1396 5201 1189783
5544 3254 70706
3632 5287 80925
5226 9554 63409
7387 5219 162452
1258 174 974152
2040 6891 145684
6774 5994 114848
5787 5663 75026
4370 1986 417876
1672 9931 221248
2726 9524 712398
9386 9885 771512
8722 4582 463026
2332 5911 203850
61 3908 1525810
8462 2638 32247
6067 4742 1605889
990 1631 92841
5647 7262 804875
669 4120 351821
9141 1770 362748
1993 7990 652130
7115 4268 554793
1691 8277 282198
7285 1182 647392
7428 6375 161475
4770 6794 446131
2448 2814 293985
8863 8434 461092
3075 4716 8046
8470 531 1028928
2046 6617 264947
8904 2867 553876
2661 3228 717519
7935 126 621470
8496 9481 122922
4565 6100 1000383
3394 9626 1120859
2495 8345 73714
9222 9186 220472
450 1588 397457
6067 2068 35271
5285 8209 420224
5318 6936 306450
4650 2903 214397
5046 6756 44949
1945 4139 1314167
288 2806 11945
4613 2551 221109
9846 2169 460756
5559 739 243617
9369 9124 141136
6648 6393 295855
7391 9846 50803
2846 864 175460
2248 4462 275862
788 8533 665061
8513 8964 373289
9932 1405 778458
9035 7550 175266
9972 2707 190837
6545 5133 36333
