249
3237 3594 826420
2205 7629 647665
2734 8033 89746
594 2444 585636
8296 5640 239745
4336 6622 225811
4467 5946 241573
7292 1828 181089
5214 2903 708893
147 5916 394935
3334 9215 23331
4524 1422 601755
3787 8568 39841
5385 7849 50169
9183 4265 122863
3877 5572 716811
7393 5179 618766
3530 948 752261
9131 2849 105333
6022 3350 392212
2336 6125 428187
6252 1737 221163
9450 5722 849229
4011 7865 141829
4951 3088 34066
1264 5947 538800
4865 8687 693487
4701 5770 523250
9327 7993 268920
2212 9239 67681
1253 8331 109408
2981 8780 336141
5222 241 416816
8926 6877 1079272
9322 7799 240149
7698 1114 1002422
6179 4142 617809
3489 4589 317883
6573 2701 9773
1782 4641 183220
7019 9281 923428
8564 7552 1245743
2652 75 790242
5251 9284 244216
2746 980 919734
2107 9307 92610
5126 4936 352416
1921 8758 323647
2548 2865 293774
2404 8044 185511
2620 458 398684
70 6426 155447
9708 6694 28218
3384 8610 253967
4710 2033 213959
4459 7268 344586
1799 2958 408590
5942 3661 224343
2144 8031 90951
6324 1602 207399
5106 1903 314868
9738 7875 476299
9928 2927 842976
4098 1408 237766
832 9649 10019
2717 5338 132613
6429 6667 227563
5641 3233 666206
9478 7581 309074
6645 6081 489382
2889 8665 180289
381 3542 765725
9326 9354 468768
8681 8557 827129
1960 6461 85910
6264 7953 334228
6441 4860 1240193
8102 8284 91089
9363 4020 274747
6573 7695 166342
6544 6045 614511
7935 1995 187348
4256 6268 1187414
6344 8317 244406
2863 8293 1385849
6671 9662 91693
8751 2761 358417
2418 2197 2614756
9190 7132 30912
3691 3272 18516
273 2936 230488
5332 8910 129467
3685 4542 476229
7534 1880 381014
8648 482 99131
7524 6865 411945
9083 8263 810431
1865 329 477341
3987 3314 1843
3571 1804 1523265
8811 9781 846808
9931 243 596133
6724 131 4128
3263 6554 221544
4627 9303 264455
8980 2936 85065
3644 5062 62971
6827 2106 1240192
4307 5679 89532
3408 4865 59106
4350 3073 98762
2539 3638 131590
6864 5684 283971
3545 6925 222862
4274 7971 157593
9326 7605 91704
1879 7483 260573
4121 9235 60334
1270 7245 1053094
7114 543 286817
2546 5621 491328
884 1993 154059
6595 7648 883057
7510 1344 268037
4430 8463 133382
2480 2663 257961
1288 3091 184330
4243 3794 51397
6107 8694 135479
9835 2519 429838
466 3730 487669
6802 4110 27257
5457 4942 881685
1580 8310 1056265
5164 2211 342725
5054 3174 19378
6734 9782 327771
5714 5490 453692
396 7774 600133
5639 1691 665418
4098 4962 7397
8127 5329 125019
2436 1222 1047124
3024 6216 132242
3212 3278 1007486
4061 4887 357484
7480 4098 108568
5787 2063 149747
8140 4614 684205
1752 3841 551044
9176 1977 38518
5479 696 355032
728 5457 477950
8692 3079 102876
2031 7321 694534
4975 7572 10984
8846 321 10615
3450 9454 796764
8306 3205 1037854
681 6744 150103
6454 5109 102627
5260 6099 510307
1214 2349 59208
5791 476 250645
9040 5262 353627
5414 2278 37120
3242 8237 517243
5776 1908 711631
5802 6662 466298
7969 7806 181743
9109 3370 121016
9718 652 47410
8038 9458 23335
4717 8077 102250
1360 9456 320007
643 3499 238806
6615 9175 62756
951 7974 581509
3635 6971 1557198
2827 817 61853
8405 1250 786418
9139 980 819854
2740 2483 321303
3791 8214 180933
243 3736 618852
7005 1495 2591893
618 8903 721777
3659 3111 179877
9228 9338 67135
8598 783 898797
8024 4442 172873
1050 4966 154026
1325 6613 411724
6386 214 407912
8015 7089 167995
3183 4794 206266
5270 8927 493073
6914 8675 213418
7798 1716 187484
7946 5316 52284
4330 2186 163123
7877 4966 75902
6130 7543 243397
9347 2490 96215
7331 1610 298186
3628 5230 423007
6639 6500 342616
4230 1118 254182
8697 3545 202359
117 5973 37041
356 6698 164368
8561 5410 216931
9989 4819 860894
4580 6287 649527
747 9662 1205858
6364 7608 24916
8425 289 164239
214 7325 1000109
4725 6049 131224
6516 7896 1583848
1385 4537 590138
4637 1367 480243
9217 2421 1903652
2122 1091 4913
9070 3968 66679
7195 7485 24793
2662 2623 521816
8153 8949 317707
7243 5492 139510
2282 2059 183288
1994 5698 144691
2552 4711 699328
1966 1513 35308
2251 9358 793543
8349 4758 1114995
4642 709 3198
6753 264 227609
7233 1606 67556
900 5522 229420
7816 8094 214639
3794 733 48217
4918 6120 589122
7209 2129 211091
4892 4348 518729
7438 1662 34810
8798 6634 1637125
6132 8350 34713
1562 8038 18757
2365 666 474357
