218
5396 1991 716797
2903 7790 23254
2801 2922 205237
3046 4092 360081
6717 7236 962899
3421 6295 374729
8748 4211 327706
6919 8686 313859
1815 101 20378
2453 426 66353
7609 435 191816
8393 4523 71398
4839 7572 119678
2477 3161 318062
7462 3204 38457
1717 1075 451974
6732 8570 102488
7437 8875 337377
1701 9000 1178209
2510 1886 160732
8477 9491 54036
5729 8148 128546
772 3197 37072
8348 8415 1122731
8883 9759 32928
8185 8852 454382
5053 8875 209811
2501 7503 2102493
3544 5803 88939
9648 8466 160521
8662 4382 665087
1912 4484 127100
3320 4270 901558
9140 1283 221701
395 9605 629018
3469 3643 220584
7938 5181 1502836
3473 7063 588279
7143 1109 621801
9882 4020 975678
4879 1351 1322048
7225 9848 1188609
169 7144 637679
5656 4503 726475
9088 9244 3123315
3589 6286 472663
2289 5891 1003810
6378 7174 122382
7882 9668 93551
3069 6080 47349
775 3699 4976
2022 6049 593424
4256 3807 1907903
6588 1905 37008
3305 5075 2634115
4333 4246 122974
9176 2192 262767
7190 7189 17508
7348 9502 202118
2796 5451 39587
7770 5138 55217
5961 5461 283513
9834 7142 1242653
2330 147 943315
7397 5810 71512
5417 3490 643841
2144 7246 451442
3348 6088 5991
6485 6736 21794
2778 3572 75566
4649 6818 101560
2895 6687 206390
632 1081 267255
3509 4437 173975
7886 3260 883351
9353 6863 742734
6499 7448 537499
7427 6732 636417
7852 4665 246974
7930 958 220444
7683 3032 55415
4693 7662 93898
2009 7066 6174
3181 641 2231344
2662 4150 463815
2711 9961 1153609
6431 6807 251599
9249 7952 166806
313 2196 30534
8723 7684 546518
9873 3169 1591431
4799 9031 1217163
6308 7278 1457961
2331 3554 920858
6441 1321 18066
5697 5165 235869
1532 9533 126564
4870 5320 202322
9434 8690 619415
7282 673 705874
3212 6408 242787
2307 5948 225688
3961 3765 255682
3594 1830 515109
6274 8441 735079
5443 1835 173204
8274 5181 1093331
6874 4881 198442
5271 6494 339464
2095 6209 383477
4973 1588 110780
5743 6055 330341
7970 5970 326759
4790 159 88920
5877 5174 44335
3582 1884 240022
3284 9006 513724
9604 2413 123378
4107 1255 304175
239 3776 634217
3273 7081 82061
3874 8060 514858
4324 820 241320
422 7615 446202
1483 3758 303146
2292 5190 188278
6001 1818 86324
8320 8083 468911
7451 462 391583
5127 7558 582100
2269 8280 226868
5789 4803 63326
5851 4691 618380
6157 3989 293997
1944 7461 268487
8023 2777 959728
4030 548 4643
6408 8572 177850
1117 9179 11398
7247 2284 174118
3737 3014 102937
7779 3887 773694
5118 7960 212252
248 7983 275474
7861 8608 964703
2173 7097 351796
9599 8730 298474
2796 297 95987
4940 2577 124869
1895 323 111243
2649 5408 253781
6013 1096 57999
9975 6002 272206
4076 6106 269636
8336 3336 425544
2534 3740 13119
8889 7758 571149
7993 3458 630173
507 7129 218831
4205 7325 686695
5529 1632 1404486
1243 1851 37645
398 4574 669391
5353 6944 967577
2432 4211 311607
8068 7388 99477
358 7169 122902
3663 594 353237
2846 3390 178821
3213 8181 198296
2449 7036 51617
2240 5357 739956
7978 5225 126335
7064 6707 1617040
7458 8237 731622
7462 5524 871397
4317 7916 112640
5256 3036 77111
4830 3204 12882
1882 8590 53729
2124 2733 607486
933 2635 504615
6468 6185 298620
1427 495 28674
1162 5371 908770
8775 8338 961117
7965 1474 121080
9071 2238 1331555
2697 2005 244820
3573 5790 146615
5762 1839 646371
5410 5883 1128
5893 3455 223133
7211 2938 384865
6736 9789 47722
2200 5830 101512
111 605 50938
3685 7980 378922
5385 7152 1334528
9113 9954 120485
9005 8633 1340742
428 8085 853289
6968 1375 2173793
7905 4185 105544
2268 5449 34006
5463 4551 1404020
2865 8697 41252
9375 3250 6222
9607 7878 466862
4776 4612 189696
7630 8757 182319
8294 949 180820
2759 1645 154667
8662 6292 612682
1719 4790 1352674
5822 184 291748
5282 2134 979427
3978 4590 1102935
