218
9877 4199 100155
7176 5838 477476
1641 8685 93602
9869 4352 35232
5787 1370 134813
87 1258 207223
5502 4154 66083
2584 9610 779095
1674 2782 67156
2435 27 406373
6806 6331 74362
2112 8445 330017
9348 6112 108865
5907 7023 506238
2798 5835 260779
8464 1417 345836
6408 9401 87903
3066 8888 308447
7130 5591 266524
1668 4411 54181
7367 1062 490694
7755 5540 591215
3323 9560 809244
5297 4038 1087194
8140 1939 64273
4361 7761 348209
2009 8707 683935
2962 6380 1246994
9652 6103 56624
6128 5815 1052679
5253 9466 317246
2238 985 1228123
2262 8198 443701
4476 9477 222498
5305 907 223697
1662 6715 16102
4697 6909 452814
6580 9734 808076
3354 3009 359580
5144 3253 1749165
9572 9419 211842
1597 7644 193359
9951 4309 220738
4976 2354 54972
1187 229 218879
5647 2627 82943
8465 224 580835
4129 6556 1263459
4458 7582 131588
6896 3424 116167
8864 6904 142443
9648 9597 329152
5441 1555 264619
5434 614 735019
4330 6220 39593
7667 8335 107853
4561 6887 751442
1002 8742 570479
75 199 93775
9750 5011 651968
6957 3746 1066477
294 84 757385
7822 9306 110088
630 676 28002
3698 4067 763510
7693 6017 84452
955 3789 115222
451 6639 269948
8774 7292 339600
6937 4974 30930
1004 7839 818715
5760 3093 85018
7581 6719 504953
4133 8172 309579
9410 9179 1262266
481 3344 1001517
9837 5275 44739
8236 7095 873003
2528 4619 274686
359 33 173913
3030 9798 676348
6989 9005 248009
5043 8111 423799
9771 2316 967503
7150 7890 45170
4892 7412 741979
9010 4481 21221
5514 5152 252131
2870 8921 637268
7341 3347 169908
5802 8789 229533
1567 8412 421485
9445 6120 951799
6736 2558 93606
3206 8248 148769
5425 7963 2723559
204 1791 69078
1128 82 53811
5036 5218 1152718
2724 1253 13703
158 9366 42028
1368 5717 306103
9393 4797 375062
3031 1079 1250451
6342 57 372385
9884 2194 526116
2199 8457 17805
8755 1336 295027
2154 5090 399861
1429 2646 289245
8602 5624 303325
2936 3388 26391
2935 2020 498653
3645 6354 125608
6320 6619 209160
5647 2284 162439
3810 1412 841856
4971 7388 31115
525 5425 87066
8176 307 1198186
4192 8662 603818
7604 1290 588775
2435 5864 1160069
6607 2374 1000056
9071 3200 1146871
9242 2378 215347
6587 1692 267459
2857 4475 459488
6052 4486 604498
3155 9770 127812
1621 6022 124610
8618 8993 983840
7793 9483 1335307
6049 654 562351
3578 1796 175144
835 3380 296265
1357 3042 263768
6204 2571 916649
676 5149 112346
1960 2612 16668
7762 1423 656185
6381 4048 635199
2200 3859 968875
4916 8710 699026
8713 8906 225070
9323 7499 377282
9842 7207 1081678
5979 3869 242995
2565 7079 538572
500 6539 456326
6922 6973 35410
1931 2378 1356589
2502 3268 1085048
1128 7248 123996
6443 7902 183866
6769 5050 330795
2606 3606 733713
8293 6578 723740
7147 6719 349154
9854 1403 551139
3010 9576 1708
2446 6699 346790
7913 7441 38887
1163 1562 184687
3223 6365 1615162
6174 479 312636
7912 1837 560736
2025 1451 629192
3622 453 991694
2187 3412 110367
5254 4484 1518531
8502 8433 910714
3 3583 995650
8865 8633 3817
5698 5952 200709
1374 8890 1276945
9419 8864 154271
2258 5776 301639
3424 511 39392
9982 7034 46062
2908 3591 227079
8647 9288 36949
8566 4902 1145303
852 6119 62234
8969 2152 105605
9643 4082 11204
5115 8342 393254
1534 763 200679
949 7830 515712
1215 1619 255910
5498 317 88557
5716 1165 955208
7196 722 235606
3001 868 312163
4245 3941 405246
8165 8306 1637329
1771 1646 1223189
4944 8734 241448
7703 2720 759069
3755 4411 329809
1183 8403 382308
8849 832 51745
6128 8079 16343
7247 8856 244965
1690 5686 1108333
781 7320 746459
7034 8857 64676
3607 9632 577499
6869 901 1438021
8869 4820 1910520
7055 2372 66994
1870 6595 125887
2017 8370 75475
8232 7825 1021677
7865 1189 112580
8061 8793 29688
7765 909 251650
4188 5505 41409
