95
6333 7724 63507
5065 8316 1971569
786 455 341515
3609 7652 842207
7221 3458 482250
4303 2292 1136328
7096 7070 766070
4589 4923 720991
9979 1643 1663510
4100 6839 550419
3726 8931 8188
4535 4864 537313
3870 2871 1360866
4946 190 134862
8544 5967 804807
7773 3135 1002347
3424 6371 1591834
3267 9318 1620580
3705 9292 329226
4444 2559 507609
3890 147 1193903
4511 3319 3184625
943 68 216072
7994 2220 1918483
2999 6654 93647
3298 8959 1390371
3006 4886 719315
5350 9139 1465327
9363 3517 95034
6136 2313 201509
1435 4477 556097
1403 5751 1151394
6509 6702 680613
8777 3136 243683
1276 28 1820301
4182 5225 144540
8904 2102 306504
6950 3423 1461578
1582 8167 1179179
8990 2596 4203117
9206 9102 60729
396 9424 320985
6032 4881 1386816
8058 8561 204675
8282 3932 987
7958 2736 1744383
8850 6368 2508208
6069 5751 3864083
7337 2431 671375
4588 6419 2153456
9351 9711 303051
2698 2534 2212534
9634 3174 659967
1615 8174 1088364
5594 9616 114994
6006 8021 819147
8311 7516 241929
8934 5958 19483
8844 338 237406
4650 591 2371903
1805 6611 2904739
7057 147 4439631
9256 3140 1641964
3387 2884 1347812
7949 7081 565133
4846 4891 26341
3573 9989 157080
6437 533 3663879
4373 3075 237102
3937 4237 1464665
8163 6045 1516339
9401 4809 12678
4636 5030 568098
328 8636 1861792
2479 8684 523295
1608 7617 1414498
6773 7768 1040188
5466 9591 247365
4368 9680 481480
3312 5024 370270
3233 8170 665372
7433 1733 393365
9853 3892 1058241
1378 4593 592076
8237 1750 1442339
5977 4267 10028
1460 8358 768368
2364 1561 372756
6696 9793 903775
2950 3678 2020397
650 5784 485300
6554 9795 1045533
2547 8112 1700732
4723 7412 3796446
5717 5005 615158
