246
7054 8457 1445859
6972 3197 559580
9443 8419 177119
1728 2072 754962
1471 3890 1341754
189 6504 456299
8121 8735 380258
9122 6573 277347
7129 3409 241108
1624 3016 73119
4992 8958 407118
5289 938 138861
6534 1282 108822
3216 3007 253769
5312 7030 291499
2622 502 353633
6667 4801 834538
4378 3071 595616
2079 2434 79205
8459 6963 176157
961 5854 188260
4014 243 155026
6069 7730 317739
4394 2372 388288
5441 73 1837428
7149 2082 1269239
4995 123 129359
9399 299 118780
8603 592 112679
2128 5072 447303
4130 3259 560625
9961 8811 16475
4363 8554 752691
3886 7873 1139841
7703 617 245221
5615 1424 142663
6603 2640 307978
925 8880 319125
7620 4529 527819
1577 1333 55309
1437 525 211975
9443 1934 35108
8078 3385 431019
6706 174 1608112
2357 2097 78767
662 2512 18324
3828 6368 383450
2529 4115 228564
312 6441 774304
9008 4406 1352451
701 9868 491711
6756 4399 1324985
9301 3357 209151
7723 9566 517559
8150 6937 169851
4958 8464 109762
2932 1931 8668
7345 7571 648902
1660 6929 348282
8021 9332 498938
7221 6138 345729
5974 8849 14709
6288 9564 128054
2868 2502 106483
9471 6409 758031
2210 717 90664
4195 6129 1165409
8363 5882 7498
4333 629 452354
7674 5771 56835
3414 9827 806253
3807 8112 690653
5477 1119 50248
4706 4210 26042
252 5998 276821
4272 2391 190560
5849 4069 34575
2095 2350 360499
679 5484 11799
6926 3635 270349
7182 6384 170267
9396 3221 351756
8066 6652 76368
8869 7072 226682
9631 357 137477
9783 812 454913
4897 6262 668184
8970 6324 246630
2927 1487 274102
2447 3307 142025
762 3696 757709
3888 9193 520849
1448 5590 179056
4042 1870 336355
978 2439 212067
3771 1654 333233
4805 3708 187983
5581 8531 670083
8003 4023 408860
9479 420 31763
1825 8621 13250
1378 223 945550
8495 1220 831960
7551 6891 851008
4741 5860 206827
7189 1436 481879
4778 1878 1394256
4455 6378 883887
3436 1786 129763
4930 604 23510
7947 9545 90585
4419 4028 640835
2187 9865 1108092
7103 5803 3049
3154 9498 600956
2763 9930 208217
3986 9893 237450
857 6014 191078
9379 2233 307268
2880 9568 148946
7391 2737 1113990
2286 3615 376362
8240 6610 252759
5679 9862 132084
7706 3224 842928
995 2480 185077
404 821 12072
7005 8473 61514
1025 6242 1135267
8934 3082 842836
7307 8155 117183
3848 4483 139602
9380 6502 180992
8007 6437 255852
8660 9891 278763
2692 1007 268558
3527 7185 617958
4483 1623 346984
4916 6804 557779
1657 6316 480074
7934 6886 27628
2553 6433 399172
8449 9655 210395
6200 2733 133384
2616 2672 125601
2524 2399 316737
3579 7802 753199
5848 8935 153511
4184 3675 269268
5869 1444 772146
7581 5783 46925
1680 7173 843032
3079 4653 476918
6059 9265 64130
5995 3868 95882
8818 7269 238367
3126 6715 1286522
8063 2157 77141
9792 5232 103946
7206 8360 248529
8927 4334 182818
9279 7355 205056
2327 5394 339126
3778 9888 422131
5877 7349 596990
3409 8130 1144088
2064 4024 99037
5115 2764 251397
7134 2557 560312
4086 9418 271627
3554 4733 1643182
5140 328 953971
8321 5256 74102
9313 8347 517141
3750 1076 180463
1168 1755 810431
4926 9859 175478
5863 3016 436917
3748 1946 41331
7607 6972 468015
6773 4272 181213
252 1021 669637
426 8301 126930
6537 8017 257824
3004 1218 17403
2613 1631 497618
9960 6034 411296
9212 2477 576185
4061 5399 825907
6685 8217 469415
1370 5949 1079898
4771 8337 592188
1035 690 99115
2768 1978 356482
5407 7567 118040
5115 5740 183569
4026 1144 749998
9775 1988 155333
332 5991 344875
7769 5690 57795
973 3199 300800
986 4626 1212093
7494 5066 90508
3044 4832 309553
8002 3476 501388
1215 3701 1661305
5266 5268 155441
871 9618 601925
1852 8660 403481
3128 1926 157878
4728 1043 201329
4577 1064 883878
4139 2880 140445
3613 7669 135437
2627 2181 154146
2048 690 152859
2892 8572 232295
9426 4133 305123
3230 6980 195714
6456 7677 593466
391 7579 642377
5071 9108 627257
6628 5430 87215
7958 305 43879
5488 5666 528547
5848 7955 315855
851 4147 566298
2455 3485 831474
2087 7344 168213
529 9095 42933
4325 9458 46529
6837 9777 752939
719 1807 929099
8356 7329 472033
1693 4338 111081
4617 9733 283720
1181 7225 221976
9826 5641 721878
81 28 381370
7924 8669 638554
164 760 1141965
2641 3509 91414
8971 4087 174407
666 7641 499933
5769 9439 194793
4758 178 153149
