207
2032 4288 126924
631 5882 545047
4553 6783 681324
6227 5103 290970
1221 7631 263120
3585 2517 862771
4695 6388 135145
1031 9096 497174
9698 8561 1028254
9010 4612 780565
9427 9617 371067
487 7490 1581393
8222 9993 97212
8633 9561 1078815
2119 5000 920223
9401 5551 315650
8861 790 1141879
3352 6026 296141
9207 708 120249
7356 2314 386855
2335 7520 761347
6903 8477 144504
664 2192 1316371
140 7516 73341
5774 5962 487066
4566 6687 265245
3969 4418 1209133
3213 7083 301341
923 6770 273169
1800 9101 179098
2707 6314 1070360
1817 7600 762503
1347 8537 1750013
4300 2971 797796
7177 5322 583847
6096 5531 1198915
9868 3301 85831
5262 1314 11081
8281 2461 1783467
9896 5256 165720
5761 3872 545575
2852 8779 52855
6146 8676 314551
6422 7150 7989
45 1602 187203
4416 5761 19420
3596 6884 948
5688 4059 301854
1 1138 933215
1790 5853 3480
1372 9900 1398503
234 6664 17453
4470 55 520244
3003 8410 163327
4744 6443 1296150
2010 6686 419051
3167 1314 167267
4862 2519 494496
3184 572 929126
7755 2887 58806
8966 5418 750184
5449 1468 1949538
7362 6948 1053482
7477 9799 2637
1968 1852 863683
2903 7510 1025250
3509 980 40274
4287 9822 1462355
1368 1580 244121
2953 431 1270117
9614 9613 147536
4512 5527 150892
2465 1885 103196
128 3706 21844
1243 112 666037
6695 4238 1608978
4287 9269 1059323
511 1230 515317
4557 3462 398576
4309 2696 1011982
6108 3209 42174
583 780 470320
9598 4618 237010
7250 1814 69147
4854 4690 21933
1134 9103 108250
1564 1370 654469
6227 1008 382077
204 5908 1541653
6190 1978 513016
9017 9180 1136245
383 6848 935188
6148 4919 1196455
3082 3494 348873
8304 5049 395771
7494 4057 1396018
3933 9738 535171
2740 5513 46380
5567 1577 1118675
2791 2640 250668
8141 1722 221706
4768 6880 11144
9831 7368 189481
2572 7048 701229
1405 260 59765
2555 6653 392741
2314 8547 381989
4020 7413 266013
4410 3325 151870
5576 6058 706088
70 6412 142385
6624 9357 139724
7671 4247 142351
8738 7483 255361
5716 5010 705083
2272 510 676874
1222 7333 42677
5128 8426 198651
3782 7905 85836
8882 5922 188324
2499 5119 540294
435 9181 153585
216 5367 402577
1153 6489 780120
4619 8395 181552
6644 1900 119913
513 2647 97985
6500 1739 698255
8999 7897 1447614
358 1245 203917
7410 4672 723977
4423 7151 129303
9877 5825 842820
9464 2335 121553
574 7403 94219
7103 3961 286123
9081 1785 269474
2541 1796 22333
3907 1726 467427
8013 6154 15615
2620 2611 379246
7293 7086 1473575
6798 8805 649250
2657 2524 183286
6512 2924 30907
4580 1890 127870
5431 6038 205776
3994 2386 122283
7919 899 62424
7440 9021 207038
5860 3286 5875
9712 1384 1343774
1592 2601 513870
2803 1248 243001
9960 8637 386538
2585 82 177775
5494 5481 671830
2186 775 525722
2577 4261 261822
6519 7697 174936
6343 7485 33801
2497 1570 366388
818 4882 282863
7653 4820 85522
8559 253 37992
2399 3787 831590
1247 9231 886950
2155 8563 150687
561 3270 52554
9203 2308 263462
4815 5645 652085
2666 6776 184162
9076 5533 421275
3806 2044 165042
5910 2362 269731
1324 5697 61440
1263 8092 417787
5064 397 198644
5330 3086 844012
6832 2214 816385
1167 7298 85233
4004 1783 1187951
6436 8496 420922
5233 3695 86500
8838 4305 306644
8997 7932 128236
766 9892 1753170
486 9086 162524
6465 8803 617689
2834 6263 479217
3728 8549 538523
2902 7397 381929
1931 6600 153982
1093 2855 256285
6264 9062 2358013
7102 1863 147645
4259 5100 278317
2287 5691 87149
3158 2259 164633
8994 7040 31243
7482 3540 93129
9015 803 743249
3881 7430 1660213
291 2192 229911
4747 4034 461085
9411 1980 86069
6357 2950 756167
