207
1512 8155 136018
3253 1349 190843
8387 3626 539368
2287 6042 447116
3629 3390 1095939
1342 2319 95031
1982 6566 315926
4575 953 42793
9579 2142 632342
8751 3518 452886
6851 4002 609619
1070 1737 382636
7539 178 685971
5755 3157 103763
8011 6233 3524844
1351 1228 63079
2392 5473 14794
1337 1206 51175
4923 1653 454745
1676 2785 618823
5866 3741 177436
7060 1303 63038
9248 5449 747872
5595 5783 410520
3945 7297 158526
5139 4079 78626
1967 1233 769069
2920 996 336643
6267 2514 1247543
6552 945 264588
3421 8476 462171
803 7726 588087
1718 8513 176568
9597 3682 112178
6058 4883 401010
292 2753 381499
9698 9697 1683128
105 9000 235692
9842 817 435773
3033 8891 817500
1661 2894 188409
7523 5621 57881
7714 3928 724495
1367 6021 67959
2249 1856 523356
8782 5558 1988192
8215 1071 784669
7513 5397 206648
1438 6273 511767
359 221 127374
3205 3405 108785
9644 1111 93427
9370 1191 216399
9901 4841 134118
9022 6026 602677
248 6061 383696
5169 7016 44019
1158 1529 203708
5606 1138 16273
474 1508 1404350
563 7849 1172408
6393 5429 24112
7551 9864 637246
3542 7273 39971
4647 5669 81155
5662 4435 410133
244 9510 921132
2370 6724 1641605
8785 4863 285992
5698 4109 13873
507 6574 302036
5887 8032 2277111
9793 1130 696184
7715 4666 68610
3547 1097 892523
24 4394 651766
684 3986 1638268
7951 5828 223253
1230 7228 1110702
2283 8430 138638
4100 9193 13531
5188 334 166041
7795 7948 497668
6073 4507 29023
1848 2375 672
4880 3450 422460
7073 9245 264480
7010 3256 378295
2498 8316 323611
375 115 120701
8172 4504 1212479
1331 9338 740922
8938 7794 1118885
8760 897 82716
5850 7489 1718916
9157 5212 35055
2885 9839 1263369
5343 296 874619
6291 1009 362755
1434 1620 623679
6798 9388 128262
4006 9083 69400
4595 9943 727462
1311 6994 751958
6461 5079 386451
1637 5722 79982
6555 6246 311465
1590 5899 275052
8963 3740 630582
9210 3514 19038
6732 6316 267073
7149 7388 236550
7051 6446 491006
3327 4574 89124
9096 4328 404417
5016 7172 33841
8749 4551 514327
4245 1039 296542
9945 8800 1710066
4258 1813 395172
3579 7692 520942
6198 5590 187814
2140 7125 432158
6762 9659 253400
3579 3636 245130
4984 3349 46969
1547 9675 45069
3632 703 59406
5057 5374 93019
6468 1749 96025
6340 8880 231792
2783 1993 158264
4435 5976 2710625
1194 7038 468853
9222 3286 12394
9546 1689 538353
2614 1814 638807
1154 9109 307953
3886 825 233228
4284 4147 924261
4498 898 1123420
1511 1338 352016
2167 2565 176645
4764 5365 519925
6425 8909 818731
5802 7214 145278
6293 4137 931642
5655 8943 1977831
6158 7243 118050
127 8090 130505
9488 852 1145675
8201 739 954813
5854 2288 183356
3252 7046 311882
3958 5200 1044901
2354 2071 224649
8575 1362 771929
6295 7687 30780
3977 135 297693
8143 4431 491806
7448 1586 113688
1969 5764 11133
362 6442 473279
846 6154 51726
9459 4326 680841
2172 5308 11872
5285 3027 713966
330 9654 121277
6206 6039 23586
7453 4636 399981
307 5410 653965
1852 8963 573346
6432 8203 476055
3484 7732 663071
867 465 159895
3147 2323 230955
7542 5962 326264
9321 7776 300276
3780 5085 516716
6499 2138 1063556
5708 8853 80376
6519 8174 1219760
1995 6303 696204
9104 5882 236316
3166 7083 40078
1637 6188 15044
2645 829 961560
8181 6419 347597
5443 717 198110
6599 3878 272990
74 5179 1228723
242 784 112874
421 6626 2236
453 6342 219059
3029 7938 713744
7102 6988 86407
1534 8964 321510
6758 5299 2893955
921 699 204989
9879 701 104084
549 802 351374
1486 1017 706336
7855 7316 914502
6111 6107 510498
8912 499 8453
2156 5482 151614
6302 1764 192425
