155
8881 7996 236305
539 3004 315730
142 8559 224540
2160 2433 1144671
7307 4251 686124
4937 8604 211536
5243 1645 360816
6480 9652 37899
9221 5735 1222981
2039 56 1928746
5506 9892 177390
1299 622 526156
1491 5476 566262
6948 7081 707093
3959 9671 1798351
5808 1082 3004358
7631 6629 953255
5161 5015 542786
359 6799 916831
8991 4221 218408
5013 3612 646214
2449 2276 300789
8124 4852 104143
5931 5227 1407615
5230 5642 846490
1094 7771 586120
9497 6175 364833
4700 3765 276633
3020 9364 20847
3927 8809 1362132
2198 4777 1292469
5718 1618 1714348
4293 2156 552220
6468 8381 158113
9595 7844 625
245 7848 1172
9471 9244 551867
5159 2526 65435
2705 3200 355833
2208 1105 103412
8233 30 222918
3666 6723 943596
5396 7458 1630623
9099 161 772662
7842 5408 283921
1691 8897 189448
3024 9754 2889
1973 671 889822
4268 9121 15253
800 3684 461058
4906 9855 144220
1588 9047 660703
9995 2754 122937
915 9298 576832
211 7616 21038
5206 6341 251690
1563 8148 606071
4380 8724 1740081
8456 538 548266
4148 598 232559
5635 279 742887
7940 2040 83102
2131 2807 621097
4562 6456 265660
3208 6973 961966
3215 1510 1042593
9088 3779 1332818
5432 8089 281529
1112 5505 413185
6697 4473 818407
9023 9780 501560
1838 5959 749957
5249 4399 327490
4258 4118 641405
8931 863 1452588
3303 237 2295261
873 1860 76787
8831 3484 213796
4661 7361 434867
3633 3087 48389
9181 6138 864869
5584 8274 311199
6313 7007 146551
2938 2904 765926
4344 2541 755617
9911 4077 370842
8626 3634 112996
2971 6650 983190
8788 2177 592983
4088 7221 581256
2006 1627 82457
6948 6426 361954
6892 2971 123441
1237 54 1150926
9126 9884 183476
1216 9648 596407
1719 5073 1104968
505 9745 244312
3791 4002 122675
4098 7939 1925194
6678 5204 876106
4522 7057 555152
48 3894 1432685
6328 925 1433639
9720 6676 88078
7968 7543 291953
2387 9285 1091077
7826 7886 495817
4464 1304 613862
5714 9106 302230
5892 9981 20416
1397 4762 196953
3030 1942 415527
9208 1639 1987566
3077 4104 1106365
7166 722 15542
5288 4491 517095
1637 7852 181132
4090 6822 227307
598 1603 771400
7781 2616 1964535
3044 5851 225411
6419 2850 446956
4402 1431 673419
2469 9346 25191
6575 258 156251
4698 166 451291
5516 242 144593
8648 7431 933109
7231 4810 253072
1355 5206 1910435
6708 4556 577418
2190 6513 1649701
7629 6537 312052
4590 2558 25947
8817 3479 995352
8913 2297 2271984
6275 1903 1442433
8405 9170 256172
734 7726 55759
8673 9654 174774
1080 1579 743221
7646 8624 1237147
172 3256 2027375
3342 8916 397943
8741 2536 603392
5977 6049 192128
4958 1861 1617025
2148 6099 629538
4523 8474 1123252
966 1919 735602
9510 4536 368997
9923 2278 432759
2549 4478 659424
8120 4772 171722
