155
4531 8696 204062
3133 8373 434865
7617 222 301779
1021 3086 584494
8879 191 1159377
3762 2893 591735
9941 540 316765
9145 1581 254741
5072 5825 272679
1364 1268 348854
7100 9092 2798191
1703 1389 245398
8026 6587 2158994
2316 2081 1139566
3278 5221 448766
1389 5994 390982
3932 7491 200340
7692 2216 1752777
5715 665 118608
9862 712 2060336
3616 2874 996289
3531 1727 554354
1400 6913 1308982
2628 2963 94978
820 313 19488
1231 8031 234835
4821 150 187053
5620 1691 400966
5047 4357 327944
4548 9570 179475
5708 7257 384367
9113 6172 333375
8367 1027 248244
9429 8229 264655
8714 731 2048119
3899 4575 996026
788 4247 384210
6275 9496 300005
4502 9002 610245
5380 3846 361300
90 3249 79860
5892 4676 492537
7763 6722 121366
2281 60 235592
9312 3556 72071
3828 5007 528021
3739 9968 317583
9350 4516 179936
7429 1592 516105
6654 9580 1511782
7816 5452 413338
4207 1112 666825
7786 3766 1524834
2789 3074 417286
712 5869 34637
9776 1460 703905
6739 3251 32585
8144 9186 871493
9772 1732 452937
3962 6462 450130
3017 6197 673196
4511 1048 104815
7146 3671 94060
3836 6463 401691
4137 6290 553223
5780 3620 203456
636 8129 421077
34 16 60672
852 6410 1384158
4406 1814 870653
8035 7358 1077979
2039 3633 445941
6492 3755 682540
7644 9258 1007591
7354 4074 7011
8133 2961 1361859
4481 4578 567605
2259 760 396488
9598 5291 589695
9207 9651 1041341
7975 5496 915418
7457 9148 1384220
8803 1861 1558258
5579 6436 59526
3205 3152 229561
5345 2303 103695
5857 8238 617478
5280 1611 2328360
9722 6638 917593
5530 4679 887735
9712 3925 480956
7449 6694 20866
7598 7883 363592
7678 5152 1175751
8302 6802 116620
3191 1720 394414
4576 4051 280477
3160 1689 552838
834 3427 1122270
7328 2846 205466
4816 6128 1341706
5745 374 260193
7676 5655 1528058
1144 1554 263764
8883 623 390479
2675 9904 526378
1955 6080 165282
7579 124 7819
5340 3354 1846805
5947 1573 902584
5369 8322 259750
2379 1450 538143
5058 4707 310356
5191 5257 324989
9369 3230 40485
36 8182 318159
5665 8061 740060
1412 8634 683861
4129 3519 106368
2189 6457 215057
1492 5267 55425
6167 5035 811424
9624 2391 397097
7242 1531 527656
8737 5150 1078429
9906 1319 3327104
3355 4717 877612
586 6310 24058
3193 5877 561294
1592 9612 380986
5761 7209 408111
7827 622 435145
3208 6067 251725
519 7076 200221
7271 2301 1143384
9111 1555 151766
7679 9250 594061
2432 3622 1888518
3341 1026 794804
6773 5288 7019
4086 6991 134001
1619 7784 319985
1549 5433 401662
2800 3133 1035156
6176 703 307182
6815 2863 1411123
7073 6029 1876722
7183 2552 2245298
814 2785 157186
1343 7682 548581
3525 7765 969355
6220 1465 1853601
6400 2185 1429137
789 3138 471206
2109 6394 852483
