245
2334 5049 173735
5771 4696 350255
5692 7322 109970
6697 4869 839743
8959 1055 138325
4203 5256 35848
8720 2517 36221
9468 8969 210439
8579 6611 136399
5421 3306 526001
396 8339 123023
4141 1487 112348
6722 1017 286426
6279 3424 859827
6163 9858 11249
5018 2490 245512
3632 8308 56020
4035 502 489983
9433 8173 131283
2362 1304 108614
7500 6395 128917
6763 1942 302409
1637 1173 191683
7018 5202 76078
850 8998 361282
8086 8724 175512
6154 728 983957
2014 9633 28395
7972 8283 429064
5125 6303 364526
8590 4584 221282
5109 963 66457
5507 8455 2121438
3495 6855 517353
2630 7640 654925
307 8340 349616
7855 5407 566531
9882 5159 219232
3754 7284 1799391
8005 6650 278049
8819 1260 850099
3494 5664 494154
7884 518 813258
4834 1379 415866
5720 8240 1389593
1871 6915 486783
4984 2771 80257
345 5944 78727
450 8252 884829
1926 9837 575515
6694 2015 401918
494 9223 55479
4384 841 981514
2670 1667 249062
5633 7987 109923
802 8539 145425
6033 9399 460885
9410 8533 330465
6257 9982 401937
6667 928 153670
6198 1881 759312
4908 9387 170400
8306 6662 253239
6798 5569 1264870
300 8061 137399
4160 9994 306396
6981 9478 561282
9549 1428 155848
8575 8277 188051
7409 6566 389060
4044 2440 120660
6956 3632 12541
5614 5327 459067
6516 7778 307146
3793 9011 21191
4440 7751 330257
8561 5909 1228048
3934 2464 4573
562 3586 269993
2577 4847 923955
5852 1039 474545
9651 9763 234325
4296 6732 828488
2527 8679 552638
2402 5855 677361
1421 7887 566498
6321 5032 167801
2974 6288 432339
5239 673 240549
6612 2353 1253733
638 9445 31471
4125 9109 1597440
5799 9856 253422
7873 916 70146
5114 9956 352339
5295 5488 1323726
4095 4187 65317
4224 2786 599267
7705 7829 558089
5867 4973 738601
9423 525 110492
7908 8441 128895
2046 1108 692941
2844 8774 16666
6806 4835 49056
5328 6809 465643
9562 1281 52787
6342 7609 596531
9625 8842 571158
7414 3493 576170
3877 5093 104361
3362 1376 370331
9277 4534 302960
4029 7822 700782
5810 4033 345023
5211 3939 58876
8553 9604 372024
5789 5854 18340
3124 2582 127964
7470 3495 573384
6373 7141 828085
425 9596 420471
9455 286 371244
2523 4239 75460
6900 5168 1393613
6980 5593 85719
9317 6746 375814
4901 6406 201842
9529 8385 211945
2064 6369 355143
6604 8344 433209
7524 2231 82983
185 4494 143343
7900 28 322609
5391 4519 182917
3490 7666 1052473
8686 2980 131481
9300 9464 86188
7934 5260 80617
1201 3141 328323
9730 6944 581658
2306 4898 288112
2783 7040 134938
1795 1826 53340
1762 3627 149079
6958 8419 3422
9495 3749 2071614
2034 4075 127926
1454 5841 455791
3965 7768 42660
7031 9068 342379
5225 89 129426
5238 3451 74908
7079 8908 289098
5653 9599 111248
9818 253 334193
7793 5545 513022
6421 6037 85674
4230 8461 1297353
1044 9527 425916
4631 792 573335
7309 6273 45475
1770 5243 202070
6313 6180 145896
981 4848 46358
7798 8935 555304
3723 9500 185480
4803 5354 286869
2970 2006 111633
8597 1165 26182
2549 2001 2154813
7377 6173 478741
9918 2530 223293
3047 7530 50618
1344 6338 98714
1895 1044 93254
3517 9160 62689
9434 3427 725001
662 4485 62986
5889 750 134060
7924 8467 603164
4875 9400 219057
7777 4139 207301
3017 6727 52115
9854 6016 49334
6538 7716 636315
137 7191 1869754
8945 9480 229985
8300 2738 281895
2447 891 145107
8391 3599 374076
5221 2231 281423
5527 3829 14427
360 4017 625163
4313 9309 577175
1476 949 345099
3488 6161 126594
9549 599 704464
9958 694 1650487
8638 953 425522
1140 8135 1029031
27 496 1236848
9403 4447 253152
5188 1321 859500
7674 9423 193736
6767 66 622582
2086 1580 61284
7135 9785 1010229
3263 6590 837983
5160 9606 12533
4628 8571 116379
6990 8235 334099
5216 8464 572760
9473 7625 271276
6698 611 190929
4860 7231 147870
7096 9918 132904
9750 1535 452742
8572 6344 470989
9677 6334 133592
5564 3426 174411
5143 2268 334771
2036 557 675484
2489 9496 192327
5508 9818 434132
6908 7760 1143850
6814 8055 534408
5899 4960 306805
7330 673 173706
4609 8119 28438
5389 9087 146970
1550 9742 175912
7025 2356 28066
8287 1292 26601
3504 8293 443595
2225 9908 181450
3589 8823 1215831
4529 3796 8205
9579 4156 1449381
1847 2854 450995
710 6333 605087
8879 3010 927505
6051 4512 1544337
2172 5459 54818
3865 6186 153589
