165
4558 1572 333946
8607 8395 237746
7245 3544 1592728
7661 1404 889908
9880 4972 674820
129 6777 2011447
7938 9453 117379
6653 2353 1282340
6021 3781 657143
3251 1903 753322
4990 5967 313806
9965 8792 11457
3943 2212 837266
1795 6690 50957
3929 2503 154533
1927 6467 1453325
4481 5145 38168
4058 2212 327615
2282 7989 183919
8798 785 238799
6448 2656 156861
3761 778 357252
8350 1813 1111105
5591 6943 296227
7173 3546 499914
1952 8973 201008
6924 5410 181975
2560 3770 71625
5030 4045 2906815
3622 997 1364669
7860 9853 243349
5247 3149 238052
9469 8264 1474884
5273 9141 223230
7718 4 709511
1685 6168 54673
2134 3179 291533
6606 2047 742357
1653 1836 200735
6454 3691 878586
2598 4479 418616
9106 2368 569536
8333 8820 204084
7246 9659 645162
1639 4628 873529
4548 5416 443308
4517 1924 1268222
9695 9004 930321
8617 5258 351625
4961 322 706018
8238 3437 597156
7673 6959 640328
2482 6406 1014764
5596 5695 2454365
7904 924 664421
2360 6026 115786
4580 953 388987
1511 1949 186078
3073 5215 137511
9072 2200 365943
1442 3568 246021
2134 6423 259735
9367 383 6209
9711 9747 2002100
715 7216 1067374
1876 1620 659659
3463 698 435648
6580 8649 414372
5959 3961 447424
7585 7462 1059804
5472 6390 311588
5863 2169 121955
8215 370 342487
238 466 1047959
826 3837 1987361
76 1874 135388
6195 6275 341785
8895 1631 207786
750 5459 236893
4610 7584 37852
152 6930 172877
5350 4808 1197324
1285 7433 121759
8191 3519 649827
8665 8949 274305
78 891 484402
420 7180 798907
5587 795 295412
5028 5138 234438
4601 4567 302843
5831 2478 1378867
8560 3998 680166
2878 2458 199105
9747 1734 970128
8204 6236 288456
60 5585 736213
4661 782 791256
9908 5988 96051
3219 5160 1120799
4560 5880 451460
5938 6566 438387
7858 9709 35690
5944 7227 18259
2685 1533 1178257
1175 6600 26590
5627 8815 1439158
1191 5776 45460
3646 8600 154948
5491 8923 38410
8043 1626 796998
4666 6039 50340
9724 7896 509321
233 6743 673368
3211 9616 1826590
3906 1010 538217
4228 3253 1151776
2088 3875 1760744
3055 9287 1810917
7215 6509 101326
342 4293 1015699
6505 3867 734363
9210 6437 154188
6279 4846 1146600
1610 7459 93729
5110 1973 63324
1074 7130 325531
4509 9252 277707
9235 3363 365156
6457 3063 775770
7129 3503 174117
2914 1411 551691
324 4913 277875
3838 1633 1058479
2818 9847 779795
3733 3365 364843
8900 1819 49405
5529 8260 486524
7203 1477 946548
4241 526 405993
1030 3592 70857
3187 8980 1424794
6001 2501 797099
3407 3967 437234
1359 6575 1112413
9835 6406 717498
547 8182 17775
1234 4841 358756
2615 5831 890850
6022 8479 752638
7680 8931 198687
3427 6077 7025
4421 8507 1173686
4072 1936 1111348
6654 2330 369498
3057 8243 806724
8178 9553 60797
9968 7077 224417
1435 9986 288343
5008 355 427861
1772 9763 212932
3369 9060 11060
4270 9676 1569153
7046 8408 1216569
1413 6682 2745987
7991 3935 399166
