165
4466 6770 350992
5950 4305 179570
463 1880 688508
8185 2342 296724
6234 6752 984857
8104 6222 292423
2287 7038 780638
8462 3995 986942
9277 5879 654257
2309 3444 515417
1952 5528 333131
3189 5798 547886
2751 9038 715162
2241 552 1898556
3920 5626 267254
8808 8770 134324
4699 1991 95738
7999 8364 5983
7882 534 638279
5975 1902 456892
8993 2244 38555
9291 2363 420294
195 2531 492682
6082 629 137882
3788 1979 580897
8679 8432 686015
3143 4171 162136
5075 6127 1385330
7003 1316 65139
7039 395 136461
6726 9955 834692
3731 6170 1713609
7118 942 4621
9096 5665 629367
9693 502 165387
4007 8116 255174
8489 1118 855062
3911 5484 432206
1956 9203 460525
4528 9161 88923
7040 6063 242344
9007 4701 947094
550 4579 43699
1456 3987 358251
8101 6490 1088007
439 5337 253479
5375 395 1732159
2440 6580 1862561
8056 8353 207832
5971 3959 360021
2136 6726 205873
4727 4854 2272152
8949 4894 10290
7646 4255 257346
5414 4535 1499765
2399 7804 1797946
6046 1213 650805
3013 5127 771342
1365 5004 155121
1359 6746 205736
1359 4673 38361
914 3092 434033
3590 3001 120995
4986 9153 163215
9440 3335 231678
9554 8351 652544
6655 111 923702
1380 5881 1137091
2841 2730 321503
8482 4345 459333
2566 4944 1132827
7047 491 481997
509 7124 227747
6628 4177 562558
9904 2127 736078
2312 2478 273582
5452 7531 374097
1348 1370 495928
726 1571 383579
7881 3258 1102345
8655 2994 485964
9973 6033 353886
6798 5220 1332525
6488 4449 1281725
1067 1179 1809
5122 1520 144594
5532 4034 921883
8532 9851 101568
6359 7210 534754
1788 1674 81612
7065 1047 409750
5024 2905 224209
981 3363 13068
6197 9393 529590
8961 2415 356319
236 5447 162844
3846 8047 506923
1306 252 1654692
6864 936 110389
6877 5968 378207
6881 7178 1186617
2951 578 71157
1578 7558 242116
1454 4681 96834
6474 6758 1719457
5755 1523 595420
2617 6506 344619
4610 5904 3406424
6433 9871 737341
8745 4664 561591
9452 4974 40883
9950 9676 611816
644 6346 1845193
4550 7919 9610
9549 2864 727738
1229 7159 323803
285 6967 705790
950 2334 238319
5783 1852 656512
30 7577 12943
7355 1676 133730
7762 4724 537872
9770 2502 522071
9139 6186 212005
118 2474 395872
4809 7746 154922
6347 912 1507887
7255 7320 1802885
8185 1535 312292
7447 1747 2611136
5622 1880 76812
3768 6402 79014
4967 7165 868101
6331 4162 1568755
7820 1192 1149924
7780 8727 1150195
8366 2620 1025507
2377 2451 420507
4565 9425 394268
7056 5265 112616
5603 3820 22082
6086 8026 212508
6093 8924 308991
4677 6591 1540369
6638 2883 1982194
1750 5672 660313
1373 4828 183586
6986 4089 1377406
4675 3348 25018
2883 4874 63670
1040 6069 501777
3575 9488 324888
6340 1891 218329
723 7089 29395
6628 8836 1028989
3416 1470 1300063
5803 9651 1745202
3645 947 834620
6952 9067 521795
388 3341 1121908
2006 1959 49651
2036 1357 467218
8039 4900 323445
811 872 47352
261 1316 808860
