60
2881 5110 2924456
5353 2645 1714252
6012 3596 6189369
3941 2558 677221
8709 1169 2436245
6403 845 412064
5988 6443 1206958
617 8539 848836
7953 8288 239860
7780 6305 3566607
2638 2905 1092941
7057 1520 3572313
8425 5189 4958139
3565 8743 40361
5745 8659 1094760
5061 7683 110575
6193 9878 1071875
9868 4337 779696
9586 6043 3114872
7074 12 658133
670 9174 3371590
6302 6701 158340
1906 7733 1052080
1523 3205 1170630
5706 7906 224379
7295 6329 1256267
7837 2384 332044
5440 1501 1703309
1787 3992 302716
4971 7804 238606
1503 1069 2248677
1057 8556 2668463
6469 427 898527
7666 1368 2224564
5155 26 7116189
3232 3955 1139862
4714 4273 503811
4985 8520 3724166
3781 3927 1096195
1337 1669 214403
3098 7238 1887584
453 4248 1618417
9632 4555 404192
5353 9597 269247
4517 2250 181642
9550 8319 875567
6773 5033 1500536
3705 5988 524812
9261 588 579988
5195 3211 6418740
5710 775 2464607
3783 1827 911672
1117 8166 1343582
8656 1157 3360009
2680 5667 4200236
7517 5502 1910269
2274 8552 460470
8238 9899 1365267
8089 9350 672672
7910 2581 696140
