60
4360 1735 1429036
1445 5418 42094
429 1022 638545
9059 3188 5050331
355 2360 1762816
9391 2576 976689
6247 678 2875333
1701 3917 736637
3927 4053 1402942
6386 659 725078
5021 4522 3093452
2369 841 2057573
8299 8071 334265
3097 5881 293688
530 6714 3210637
5845 5085 4428597
8608 8287 1415521
8269 5584 2809142
6977 9125 1094594
8106 2546 480435
7247 390 895437
8094 9762 384629
4520 5512 959562
3816 5510 2427017
6461 817 1500679
8229 1761 1734988
3306 8040 1192305
5823 5765 1299611
9368 8439 1830774
8841 8758 2103010
3518 5379 1451053
4276 2781 196365
9458 9948 1621312
3362 4150 1217761
8106 8660 459541
8620 6421 443358
4752 3717 1165288
6194 9837 1605334
1127 6987 467549
4551 6388 3331381
429 2403 2043198
1921 6176 1098606
2748 512 3775600
7913 5194 5904162
4465 1646 187827
3840 7830 2607396
3343 8606 602760
1053 1635 6654
8057 6093 153054
2583 5240 1014254
3199 5363 3129500
5699 4493 192240
3262 7949 3176151
455 1152 483679
8964 9194 6108790
2481 2011 447478
9787 9794 907040
4843 228 5220283
8550 9974 1202369
1708 3445 594600
