148
5744 5448 513287
2605 101 1708469
3839 1206 645960
3977 5659 82999
2342 7312 147429
8279 8308 86805
6374 9260 428776
997 4314 900652
4192 3608 78152
5395 3652 277341
5806 2816 535448
3785 1207 221319
9637 2286 942365
3734 4601 43356
4332 9669 397443
1679 1068 106278
504 5635 2079269
2491 4492 538644
6234 6468 905227
769 2650 680812
6718 2186 403018
4113 1257 32182
5336 6257 944702
3006 1680 743447
9236 6078 180679
6718 3939 549462
4979 4167 97459
4292 705 1169085
8940 3152 1658086
6809 4929 1142996
9054 6875 355976
9386 8874 327048
2333 7358 285755
5741 4189 78620
8090 5181 583330
7638 8338 4028745
8814 6325 1026173
91 3308 487907
2420 1539 1929530
614 2445 332201
4804 6735 1200104
5047 5558 998188
2785 9697 483783
8165 8255 550688
7813 3054 43661
3323 2624 666103
6046 5934 374217
1338 4939 802783
956 7115 427832
1332 2604 2335681
1438 6411 237451
7848 9697 1235571
8919 1704 279087
6518 4021 230598
8432 2913 201535
5125 6090 2632828
7866 1628 261374
2057 8259 468361
5704 5857 343129
4308 8660 111148
3668 1206 476914
5378 2937 1282700
7719 2834 338414
1540 8685 94049
4354 4400 1175414
3059 6982 2468403
1116 1975 39622
4181 910 1421443
3995 1627 527581
3714 9276 42917
5169 4486 343319
3292 3928 1101841
2722 8535 319184
2860 9815 658562
527 3800 1431042
9792 196 1304798
8717 272 214051
4423 9435 597993
3371 4014 357032
7959 950 285686
3325 8687 639749
1167 2863 657765
5049 6344 2430165
7357 1959 351564
5700 7296 106944
3203 7528 1112548
6846 3464 723225
3793 201 1838634
327 2998 1312309
3329 5540 933733
8858 7070 178059
1303 51 1838959
4934 8211 206671
6517 4006 696659
5992 4332 417878
8592 5913 69603
5403 7250 1058751
2727 5304 24285
2495 1295 431085
9647 4937 437255
1559 3775 322050
8227 553 554996
2275 7354 270295
7814 6547 597633
2263 466 255299
6524 2704 147954
6876 3455 3068135
7112 8144 998086
3435 4507 176432
9694 4211 30730
8033 7228 455260
7898 1968 1228324
7305 5057 506160
3363 1189 4554
7058 1887 396887
2757 2638 982416
8631 8385 475169
1177 8791 16345
7418 3424 589640
7640 4020 320653
1152 2804 257428
5213 4635 2493470
9805 1216 394796
9379 2168 860521
6554 8372 301600
6750 6483 447406
9390 7021 551513
2889 5920 45946
1974 2512 1162746
7319 5512 668564
6997 3533 657615
8487 2507 31084
7574 1028 784841
1188 5724 677165
4102 810 1035754
6986 3881 127046
49 7554 379951
6901 3024 2601448
569 3280 38092
7764 7595 264681
3065 2712 127533
6318 2559 294319
3753 1738 235442
1058 6743 1132426
6125 2293 155386
1911 7250 588997
7637 5070 637104
5204 4181 142748
