148
7973 6414 693350
9094 8701 55731
6538 383 279058
2233 6871 478230
37 2986 439959
3960 7852 40346
4466 2781 201177
710 6522 506424
6092 4947 1301647
2104 2693 2247193
9737 9954 199021
6330 5836 1398271
2485 5457 1181469
3101 2619 1526
9268 8803 893920
8238 7239 679545
5461 4584 124870
9450 537 1838018
4889 593 85866
3466 9756 244542
6350 7846 807983
4721 9922 108683
9988 4486 335880
5378 1054 60431
4931 1088 3257087
3673 8268 253119
3359 328 659293
937 1965 811281
8256 305 289060
8457 8639 112148
1135 7100 1271519
513 386 759118
9496 6438 869493
2780 6002 1881600
3598 5251 2888510
1135 8314 1737404
4045 537 73088
563 5689 438025
2202 5062 84926
9587 2506 2126001
2767 9294 736886
3744 8992 221048
8073 7144 1602174
828 7365 1247612
5744 7271 89686
9985 1530 832997
4209 803 171115
6905 9888 481854
5842 1125 657983
4730 7745 1663288
2796 8987 193436
4846 3115 215705
7019 838 883282
3529 9288 17726
3508 8363 2006823
3211 6743 520012
5005 4089 44228
6823 1019 528866
1648 5980 663861
5096 8800 1456465
3309 1492 40726
5577 3108 1202682
8360 3102 348511
7901 3514 17957
8108 1674 1216202
6145 3575 724097
887 4211 287801
1000 7899 252422
7250 6250 112095
2275 5035 810168
195 6561 2850545
2181 4801 1755577
4086 3098 276965
1950 9636 350763
1278 6383 515460
7983 1937 543262
5009 48 917872
9679 2114 395633
8061 3351 106791
2919 6761 798183
9663 1399 666985
999 8308 411278
2771 7164 421877
1354 2595 586701
9134 6663 534556
5918 7281 1049334
4385 2496 586217
6681 3463 471658
3416 2544 1304105
6102 2520 486452
9925 1288 356460
5897 6722 504332
5483 5845 2038425
3124 454 442056
8924 9078 257639
4956 2894 229743
4347 1272 78380
7025 2861 1169291
7012 357 362315
6719 1888 72234
3602 9696 1572658
90 7170 109447
4197 1202 37319
4736 9450 578445
362 7243 154803
3063 9809 432269
2479 2158 218810
9470 7304 1688457
7048 94 655370
9364 7014 145458
3088 1199 30276
9358 8131 71525
3494 8186 223525
3675 6395 12141
7736 4746 196502
9660 5464 1651945
6224 8243 880269
2267 472 438476
406 5969 131548
3638 7830 74951
9462 4674 288443
101 172 54001
3740 3961 347164
1187 5934 162153
7313 2042 479043
8431 6036 1595507
9860 1466 58798
7828 4439 357000
1301 2618 132643
7719 1293 2791758
5457 1470 109238
7491 5308 870551
5358 4358 364113
9153 2931 360125
8479 5417 983494
1497 8582 2575744
1228 3747 200370
9750 774 212490
616 716 167277
5968 6156 1157529
281 3823 1447459
8552 6434 479488
9138 378 271161
8118 2087 1368652
7899 6796 153292
9107 289 313501
1895 4601 1235841
4500 7307 655362
