148
7115 7418 479213
2085 3046 146122
446 5120 1922459
9191 3579 196777
6886 9419 384166
2711 4568 627872
1864 7237 2099082
2543 2407 216653
5382 7722 45350
7974 9959 585163
1091 9549 319829
3894 8581 1282327
3538 1317 1045649
1415 7305 48426
1528 9217 499732
1616 633 248407
6993 1781 284000
3624 6337 39987
9136 5303 524058
7761 8516 1027983
3542 3594 375644
8803 6076 32064
9710 7765 567498
139 3637 1204463
2476 4590 594485
8294 2407 47819
347 2788 3435272
5320 4713 167248
6751 8106 337585
1888 1378 716035
2330 2015 122720
6334 7584 857287
2712 7758 247821
3037 2827 11614
2162 2952 65271
7631 7069 265457
7400 4307 357227
9361 62 979167
9627 1092 492562
5958 6493 2357322
7371 9692 910443
3997 7514 186519
4081 2089 546546
8770 9170 112003
336 6628 3113002
9932 4583 58864
7889 7839 1722734
4988 2031 442103
5485 5733 2138551
112 8717 838498
5711 2470 117502
7105 8639 1243420
4099 3194 209774
338 2862 1227014
376 2972 163900
6102 1269 751886
7842 8293 842189
8191 792 2331477
4205 101 596933
4403 2521 502978
3304 5728 111503
2068 6714 405538
6213 4084 946953
7629 6781 106637
2098 3210 410753
8859 7258 1216014
5588 2775 131995
5814 8654 868812
9865 5565 821560
212 5405 930245
633 9268 184687
8950 3527 498177
9725 3783 91806
7995 5329 610492
3835 8572 1734445
4118 7980 1113852
5707 9341 494016
199 2050 111640
3056 1044 196795
9049 9384 610396
2632 6793 1234558
1959 7394 524148
839 1543 115698
6386 4455 47537
4995 5905 265591
8488 6119 338496
5537 2108 981903
3063 1944 483260
3022 8617 324422
2247 8373 150327
6999 1150 1304039
8664 8801 517052
30 4697 1207693
5395 2793 2379741
9721 4693 104026
4819 8975 99136
5155 2035 216140
1203 2937 920775
4059 1796 803546
5076 224 1273797
1815 9832 540312
6727 8127 121151
5950 7717 2646091
3147 8438 1335893
5415 6808 578587
5642 6260 765871
3017 6497 112925
6530 5727 106743
2849 7819 433505
3572 7274 779305
7332 1717 133934
8003 1594 848553
6890 9860 653187
441 3748 270562
7203 8615 648123
5190 4828 1198044
6934 5280 157228
4683 6036 502017
1661 4255 55554
2415 4051 646433
1078 1183 172457
761 8069 803069
6504 912 640130
2622 627 112538
8044 6554 670262
125 6401 334145
436 6712 488019
1682 4357 137721
5978 3583 521247
8015 6978 2573182
8408 12 1925118
7218 6980 966166
1611 9580 384721
3070 9062 311715
5878 7183 725906
5256 5507 301055
8888 3101 932806
1799 1315 740021
2359 3245 153643
3007 6695 217886
95 5477 1096177
9776 1031 762189
4195 2830 1106476
5285 6368 868352
7748 8947 1293237
6638 4888 193149
6576 5312 339676
7461 8627 492566
