148
2572 9535 89837
3229 5400 946158
7677 1767 1257209
352 6949 229980
5688 2469 329388
1735 1510 547904
5378 1792 190880
6105 8355 60577
7725 5476 1158927
7627 3271 46769
2040 5183 63684
8574 9673 253996
8457 7362 128703
7702 720 277053
7631 3460 619220
5959 4814 1169691
7500 5605 164264
6381 9917 153977
120 2021 16914
6517 6661 2458137
2039 1931 402161
1745 6564 266347
3206 5409 273481
6762 8918 1212149
6073 835 279446
4668 2173 1445822
9829 2426 316841
9313 339 640060
2726 9621 133072
1140 8789 5428
8368 5378 1771864
5752 6097 393651
7880 85 913424
284 5591 70845
3481 4607 341361
8340 1402 211087
7762 6870 8945
8794 1545 1669009
3328 861 258561
7661 8263 18519
5921 7141 2656561
8851 3710 1020223
5842 2748 195167
9518 7680 104673
8488 3364 549715
5726 6634 281379
5578 9345 351864
9448 7626 1454354
8294 4118 605529
2311 1194 1655303
6882 1224 268890
1525 2840 355872
1364 2931 619349
8396 2662 571664
2166 5576 235482
3935 7724 532713
7712 1054 1588912
4619 3038 325865
4075 235 89595
105 2329 1026696
881 4221 1269500
1334 5819 921619
6694 1463 270474
1482 1598 1542842
6249 1410 1117590
7425 2544 401694
7635 9850 1189413
6315 1839 691752
6291 8515 185296
3322 1515 255168
4998 956 1114550
7822 2869 1540
7071 2040 143261
9420 4947 583672
5943 5873 1178491
4791 4549 986535
3134 7316 617774
9111 8372 365629
8561 3430 133919
9332 8372 17586
2589 6636 94411
8318 1909 394704
2063 7814 260378
5124 8171 487066
225 3186 1913319
517 4732 280756
312 9373 77288
5575 8751 257647
3531 4636 1390475
1002 3849 1069636
9958 8989 418315
2295 6946 301443
5918 402 707340
7024 7255 288183
2258 4562 930755
8129 2807 2212514
5794 6161 157181
9347 3477 2655404
8484 1629 1394808
4391 1303 1101863
8512 4596 474097
6930 749 28956
6161 6966 926976
9024 4951 1998483
9015 7104 628464
3860 4879 699897
2490 2322 243703
8677 8225 79320
2061 221 1374765
296 6260 177697
9378 2333 52342
5814 1744 580875
8242 2134 111403
3892 2160 298603
1224 2456 408882
5373 5884 226798
4945 8110 230705
9384 3742 575841
7681 1397 1418875
8281 1226 128123
6983 762 674473
295 4475 271020
7881 9715 1710521
4672 1443 1352325
609 968 578991
5193 7550 866294
6824 8902 667769
948 8850 435406
8694 8727 747682
1299 7202 470790
5649 5139 364924
6703 7241 1391348
6050 6010 458518
3616 2347 568695
9457 5394 508817
7713 1421 322577
5894 9967 3073576
4482 5865 1451477
6883 7576 119417
4377 3436 1008679
8471 4002 358336
1555 1479 479182
8464 1575 778446
3116 1681 3708155
2117 4519 69986
175 2722 644770
3194 8045 977502
6650 8986 608581
