180
3328 9516 352854
8630 5185 172625
4636 7345 1964391
8364 6633 1300970
3697 4719 187454
7785 1190 847085
9406 9851 182443
5241 3689 694481
2783 5141 136337
5927 2453 15709
9309 2803 620871
1939 247 50250
8458 2199 424750
9759 8589 79300
2337 3431 115043
1021 6688 108739
6242 3937 199199
3267 1812 159376
6266 9788 2053861
6213 5447 1923852
6713 5481 855938
2549 5539 1019734
3412 8063 274012
5506 8695 100252
4188 6034 20768
682 4573 62179
9324 3894 17275
1162 9599 128778
2433 3601 622280
3988 5021 657452
5778 2865 169584
4246 9277 2469972
1838 5958 1294841
2454 4550 499973
8942 2629 293186
2387 7999 387521
6771 2112 456541
3885 6786 91765
3670 342 439383
23 8366 1330351
4423 7835 336529
8018 3583 339568
750 7413 287582
7542 9227 30470
4425 7846 1254362
690 7753 622727
6153 2774 1313850
1288 2545 15950
4776 2907 24434
4919 3936 1756426
7047 1591 49937
285 1069 494595
2754 3282 52743
8373 4953 1270405
7298 674 100017
63 8743 95374
5518 8970 546803
2122 3071 728645
9297 1004 78840
2164 5708 247068
6334 4040 328726
9668 8711 1101315
5367 7582 72960
6885 6201 86692
7689 4704 291557
3658 6740 423882
5712 3524 26894
4103 835 144288
8576 5171 267451
2653 3250 214721
4741 3793 640750
8035 2613 1506590
1260 2612 376050
571 930 826833
7504 1741 1121792
9083 6721 582726
1779 4123 5655
6018 7312 162829
3925 7531 85979
7875 8892 1290256
4211 9633 551469
611 4724 273434
2932 4552 222728
2690 2684 307977
171 7986 121541
7901 8168 1127753
8151 5197 1186619
6680 1278 599831
3253 4386 98369
9274 3847 127026
4090 4484 290465
8360 7183 837472
1224 5833 445038
7386 7212 1797053
2290 7692 363975
1521 1939 1447627
4049 5591 1400874
8847 5179 987168
4689 5955 81093
8875 3174 1336758
431 2837 329101
4972 3534 553352
8365 9324 681963
2126 2135 18474
7296 5462 180623
8803 4469 500947
4411 4586 161996
8393 1211 36265
8680 9298 253967
7450 5812 805723
216 6851 1324470
7562 6712 419731
4637 496 223366
9751 3474 6545
6459 8858 76829
1639 139 23752
7184 6567 105191
3252 1133 31643
6111 1355 156126
5400 4466 242165
1929 9864 824240
7213 8334 880959
9498 6634 224480
1631 3130 180860
9889 7426 382759
3346 2949 570508
2616 8122 3052482
2536 5350 939247
359 4777 293793
3039 9356 433994
2320 4831 130204
4870 8954 194752
7564 6526 333099
7623 7126 970239
2368 9988 967559
996 2372 494485
4338 1921 567182
5250 1098 376337
6107 9186 892691
5026 685 272781
5184 4313 522329
6679 2556 280716
7437 9723 238371
8470 448 1052600
5717 7410 256948
6272 2673 239442
7621 1143 73466
5848 6077 346392
6415 7839 903670
4360 4320 67679
8261 6258 521957
1484 6416 1164816
5771 7499 923432
3805 182 527555
7250 493 1053784
3689 3487 677389
7198 3851 9070
2526 7777 443346
9225 7149 50454
4572 1132 259924
5238 8555 306492
4284 7008 2134588
2248 4787 2165662
9167 1632 1308674
8514 2889 158044
3978 9386 232756
4342 9595 219567
7008 7801 1032990
2985 2341 1608818
5907 965 390036
4853 4423 132258
9596 8374 178865
6201 158 820334
701 1216 120529
5592 7746 330903
8907 9205 1403540
6038 7393 894239
6709 367 46553
5503 9498 1151673
9367 7523 1045343
