176
2631 521 1838297
1073 9757 394930
3307 6164 50632
308 1515 720238
4581 8043 657528
2011 8499 220291
179 7951 594052
9631 9492 2061054
525 4967 398579
221 4123 565949
4425 627 517422
9247 1213 465588
4512 3161 1460203
6265 3254 282254
9575 2642 687030
4159 1297 166516
290 1783 285063
6408 5134 231300
7355 179 333799
1792 2131 116330
148 8578 329891
3576 5124 100043
5805 8515 14964
5866 7879 814647
622 6931 303420
4301 5983 19468
1144 1241 56093
7390 4488 751412
1765 7410 258588
4104 8859 1146422
3565 7625 129921
6203 6107 191946
4092 2031 97464
7635 1616 674676
2724 2818 376793
77 8562 89710
2441 1761 286712
7301 294 77345
2380 7278 431394
3397 9668 443857
7712 5834 185104
8335 4407 434595
9276 3785 1853594
5150 7222 592507
5228 9910 464998
2440 373 832813
2971 5119 909980
4257 5672 790636
7439 5797 61127
3461 8499 635610
8160 6538 363558
235 7626 10922
3287 4592 288729
7547 216 141047
2886 7855 393680
186 2724 822439
4625 455 677654
9568 4729 13012
923 6712 133047
9618 465 721595
80 1059 307005
5336 6282 315558
6290 5993 743780
2659 8534 457399
9697 3724 247688
3841 750 674698
8539 4045 209010
309 135 726559
9163 2150 136714
1386 8159 153187
5374 2677 273192
5657 2992 1064561
7584 7435 811015
9341 7880 83174
8034 2688 97982
6254 8593 925764
9590 6552 338919
8661 2354 333592
9084 949 226905
7037 6515 31393
9055 1503 1738691
8878 518 170592
7443 5266 181979
6963 7449 84560
2608 2879 361335
8740 2945 284851
8582 4833 10137
3583 602 206267
9613 7200 79564
4920 2528 605269
1113 1136 495056
8379 4169 375409
7435 6317 636677
9494 6517 411811
1593 8188 689582
2679 5654 713135
2948 3888 916004
9098 2096 90795
6422 4177 641426
9348 3936 446483
2862 7010 378499
6373 5442 577226
198 8404 246902
64 5922 618450
575 2762 49782
453 9015 43900
9726 2044 902859
6101 2330 10152
4938 6825 276854
299 881 832829
4544 9070 892812
4654 6535 1250111
4147 33 666077
9579 6247 129274
8719 2598 1370650
2185 6966 286630
6504 9105 2336862
5994 2750 2437529
9450 7218 368233
142 6513 489516
6157 6254 465923
5602 9678 31597
3829 6791 1323523
5133 3275 265348
8807 1362 495799
8563 2247 953265
7606 6086 189371
1764 1089 1141999
1743 867 170611
389 6574 180301
54 8798 66248
3373 6783 407978
8004 3093 3724301
1140 7084 2520453
1680 1983 655894
6172 3995 476823
2638 6381 92006
4927 6818 26386
4290 6852 835748
70 8906 151076
3255 9507 626424
7158 7070 541681
3925 2241 483259
3778 4530 117747
4065 5314 266854
4028 7169 136838
6252 3586 776146
5695 577 1134283
3363 6843 763879
3733 9763 559395
4182 770 1017191
2425 3064 118538
3624 9593 977234
3630 1198 222580
3991 8777 421567
1419 79 860864
6853 662 247545
4853 2367 2231045
2446 8178 609606
7696 5331 1422994
7066 4475 395642
2308 3743 182555
7933 1181 119461
3938 6980 1237025
6961 5 297397
3923 7988 2531259
1546 1898 722768
5019 1020 44267
1291 7813 141290
5714 1145 524076
147 3690 1006488
6931 1284 1152517
2433 9420 1155838
5159 2117 686696
3995 2454 1184678
7533 9042 476390
