176
6862 7565 190962
8699 9105 394490
9373 7995 692550
6176 4988 739050
3236 9565 349087
415 354 259747
854 2112 686627
8506 4117 282689
9680 287 248338
9210 7285 494061
9145 5120 66117
9306 7095 845402
175 3049 1875545
6615 5872 2060001
239 9888 143573
6577 5563 538777
9394 6912 158424
5248 9385 488082
4189 4512 5928
1581 4213 8335
1179 7915 309517
4466 2320 100658
4489 734 435791
3823 8325 1206213
4802 6352 415763
6842 884 889367
6681 9974 119511
2554 4460 1521843
5750 7559 324936
7005 1871 189058
3312 3001 934945
2414 3076 1780893
3334 8671 34930
6386 5587 178250
7752 7589 769733
9935 2934 474718
1552 4208 162481
3695 9995 1026168
9600 1216 993623
1295 4148 345473
3348 8530 363808
3234 7578 1646141
6472 7530 166474
4499 1338 310109
364 2533 163813
8869 1522 2465677
6622 1659 1142521
6259 6614 74491
7774 3771 629245
7363 9931 572903
4397 1357 427664
8136 979 146903
9701 9394 1043850
4664 760 559223
9552 6930 131688
7564 8319 354758
468 6407 924422
6413 1953 1153392
7995 5610 349917
3558 8296 1849467
9422 2659 254580
575 8402 261411
6550 3159 290380
3105 156 462262
3275 3461 2055349
6969 8053 149369
1947 722 621966
8416 3720 279402
6766 1848 588187
5844 4870 669663
7056 9348 2082718
4931 2427 1199069
4090 9654 114322
2839 4275 1077455
6072 7209 78138
7927 3999 1641471
5401 3077 699863
5019 4152 11528
5677 2314 260221
362 2196 1326819
2591 5656 196862
9359 9053 243919
3487 6934 346695
5379 8869 159088
4897 9521 328655
249 3914 58185
7447 3569 46915
1776 3430 97344
2159 3977 142047
7680 6339 1086122
182 5008 1004353
9542 7867 102957
8976 3309 708301
1511 2788 124206
6266 1811 415370
6435 9165 535567
4557 2047 1673697
4189 1916 278422
7692 2455 1638150
506 3290 1080733
3907 7796 906158
3512 9607 148195
6535 783 658342
3404 6613 428159
3916 8652 6468
5061 4913 392827
2229 496 356448
8540 4884 328604
7245 2234 757912
5851 8771 657152
5388 7935 817330
4649 2035 250239
1512 4859 162750
4586 8556 453756
635 8213 93560
8990 5680 67463
4463 5583 8512
7412 140 27955
784 141 236785
291 9759 206554
8929 2904 1998998
198 6155 137214
1547 9601 661954
5094 3920 360132
4516 4122 577453
7940 372 548482
993 5485 924246
6734 4774 54399
6980 9613 296003
9867 6781 1119655
5650 9558 315033
966 570 969238
639 6061 1146225
1987 3819 101422
2548 7056 101883
5559 3930 517679
5150 6052 719529
1266 8318 298600
9457 159 8841
7542 1391 159634
398 4579 54462
972 2171 1068010
562 3057 1899630
605 6856 1800459
6779 3413 1067165
8376 9435 512425
1996 4027 461878
1892 9531 626681
1334 6699 9643
3386 1386 878423
7434 6265 159806
4008 9216 123342
8802 6058 332456
1471 6398 622640
9585 3426 941160
2847 2916 1050070
1611 7612 614854
5643 7695 172141
2662 6355 485150
2568 9969 9504
7817 6842 1170858
2039 6838 205199
3796 8763 379221
5899 6917 957676
641 4377 1157429
4249 1991 266969
2976 4028 20755
8707 1377 222281
6807 2539 410827
1888 2122 542601
9490 1802 115917
9562 2308 26546
6013 5381 681008
541 4187 68712
9304 3115 329127
7305 1991 963303
