176
8813 8559 112203
8267 7580 191607
6034 941 1114671
5506 1646 369805
7090 3074 110457
4727 9731 19608
8562 2970 397665
4176 1079 711432
1259 257 401509
4988 2803 278670
8653 5290 81295
7029 1765 387957
6616 9944 140234
4602 4911 602113
6672 7840 742291
7948 6218 77901
5696 6793 277008
3470 6826 60005
7857 6793 532226
7057 5961 1958082
3010 4113 415185
3745 5357 846600
1027 3959 1209891
959 1091 587519
2417 5858 585188
8967 9424 11797
3948 6130 229125
7184 3765 145980
9526 6433 374041
8334 7514 535532
8890 3268 82804
3439 5015 226702
4284 8753 858707
6526 7812 1346098
2239 1478 306409
3600 407 322957
5055 4573 264242
8020 351 2482368
4127 3533 1873489
6912 4951 363843
6428 6635 436571
4154 1030 711276
6792 6950 308765
6670 4903 14317
8872 8281 929870
1357 1771 29671
5851 6159 218243
7667 4155 2830781
9636 9742 342680
9823 529 6210
7345 4356 14383
2180 3051 138229
2303 3903 247291
7953 7744 1232368
2950 248 39103
5022 1552 759831
4614 7658 136040
1865 5805 652893
5651 4881 1250678
2412 9730 1123312
5030 251 233472
1371 2447 302071
3768 507 979630
3574 3518 404858
4917 169 6504
4823 8319 133159
5162 6275 1551514
1834 7811 582052
1188 7023 424388
9678 9179 569293
7837 3503 1028539
6521 596 145996
6798 6835 114463
8849 636 390395
5731 1749 733831
9995 7486 149645
1652 6575 7229
6689 5834 466268
3034 2099 252012
972 4377 402351
481 1219 103318
882 831 784779
8452 821 454498
388 675 335257
7093 4561 220874
5367 9429 344182
648 5953 660505
3136 5508 1222476
1776 3754 649117
8170 8874 656658
4697 8114 1224352
6099 5974 718789
6996 1180 28087
2942 1949 45009
89 5782 333699
2654 1387 446598
8949 2590 483529
8627 1956 439810
3912 4365 36486
6295 9891 271474
4692 1596 1416651
8819 4907 1322926
8546 1489 144671
7194 7170 619499
4919 9620 44607
7029 9301 1224389
4438 9922 1356152
9141 1443 362053
6269 9568 1412794
9477 2531 24261
7671 3908 1059933
6319 2755 175890
7815 1368 477339
8664 5614 15964
2873 8859 952459
2317 4297 83101
4474 229 335145
6423 4176 806438
2999 7121 698872
8660 8998 79299
6925 1999 523268
9078 3422 642253
9681 8782 601389
2846 1168 495090
3379 5903 673569
1658 463 392305
7685 4496 795561
7830 656 1632405
6961 4883 889432
7237 7794 325222
9446 1595 265876
6045 1646 788180
4093 1122 1145426
1942 7570 1714169
2902 4765 1357147
3146 9484 133635
52 6107 182360
9446 13 887010
8189 9809 592421
7478 3196 286563
1495 6857 1513526
3639 3361 505357
1361 9151 443583
8896 2885 62533
2571 6989 425250
2470 1060 60104
7339 9389 181568
7523 1547 268091
5736 2539 42104
7316 2147 361444
5213 8447 58354
4593 4582 319569
9932 6989 1539545
5036 5921 182717
1596 2372 190579
7125 4247 711275
1114 4867 380985
8575 5244 176899
7421 5989 248188
7420 7538 563507
665 8461 138521
291 3013 2394902
886 7775 2474055
24 8897 71408
7091 6144 738678
4986 7045 907948
9365 6562 1022631
4919 3466 260105
696 3059 315300
9144 3621 829177
5146 5844 458926
4806 8293 389318
1479 3014 277693
9132 8799 117060
7306 3274 2481846
6648 3263 556635
