176
7946 5131 26508
2260 611 1803838
3058 2398 293492
809 4301 1251887
6313 8369 698410
8392 4791 386344
4541 7118 938905
211 2128 170275
8819 150 1111391
2661 77 54418
9517 2091 85027
8253 6538 265736
8951 208 1040600
7946 9168 332738
1590 604 885092
7398 6123 512383
5211 4966 1571716
9146 5762 226315
2360 9655 625762
592 8910 256893
9245 7080 279716
4974 164 153645
8977 8085 406391
3428 1858 804923
2536 2959 1128045
2676 1972 493922
1554 5666 1187347
7013 8083 104565
9600 4112 242308
2750 3290 67659
420 5456 622451
2823 838 198445
2359 8810 504481
1289 3160 386297
3446 8573 1050455
4706 9577 578315
5957 5737 1975029
1880 1673 176713
9387 8253 883298
1696 7285 154990
3271 3351 457416
207 2360 391560
5218 322 1003407
741 3129 500657
3478 5096 343508
9971 5339 1172129
896 2462 693195
6135 7646 169930
3733 8990 2290646
3027 9041 744257
4204 7894 14934
5588 160 920567
8001 307 12384
1450 7322 1243558
7839 3617 174131
5335 5000 79937
2595 7227 475578
1727 733 693654
3509 294 193070
6434 5815 145265
6287 5653 292288
4039 6036 269612
8653 991 152061
7881 8077 139017
5450 4890 79300
6938 8049 373600
8321 3321 667486
6795 7473 38442
7851 4814 1454805
5834 6432 61338
4995 760 631926
7767 2097 639264
6280 4837 3243
3099 9420 289947
9430 427 274818
3988 4875 513347
639 8148 1046742
2828 7497 148513
8897 7834 367695
3418 8698 145395
6623 4323 1279375
2306 7376 628231
9126 9554 252834
2594 5297 486715
8869 93 15411
1510 715 531999
5356 4574 285135
8611 6854 456314
2673 1401 354549
7752 8526 1945557
8952 1148 254068
3057 9935 3085170
4567 2540 914659
1417 7490 361998
8453 1786 313477
2473 4202 850618
7613 9244 111851
6313 8448 989213
3629 3206 249919
8992 1104 425007
828 9401 1245648
4358 7478 321142
5772 474 595730
4447 980 355077
4066 4126 1149225
806 1149 424530
8824 1048 752968
5208 1111 111164
8790 1600 1151781
8487 1596 105924
5764 8654 479556
5913 5641 305993
1307 252 228435
2122 7787 853040
3380 6307 1460691
9018 2983 92493
4949 9595 66417
2082 6261 160017
799 9854 864156
7787 1123 2402482
6763 5364 617829
9008 9581 177271
2568 447 561006
6281 3171 123347
7519 1298 1232146
4806 6786 181380
9518 6592 424705
7294 7935 52196
7083 8560 1353196
1119 6853 174954
1521 1463 184161
6451 5648 1138294
9924 5168 235261
8031 6698 67979
3725 7605 370953
3465 8767 296044
6820 1595 984081
4591 7227 16830
3692 1805 1343607
3085 3857 267121
524 4076 568576
6925 5193 1833860
1984 8781 1940805
1652 3847 764851
6028 4064 371444
2941 4961 88980
5452 883 136227
8628 5847 562276
4916 1025 2586339
1722 5825 393919
3964 4645 363243
2975 1212 534109
9693 1957 260249
7506 8510 549640
5946 9423 263002
5658 3274 1029299
3214 4930 380108
5865 5430 105845
6051 9929 644097
7816 1978 178352
5245 2956 620673
8640 5658 1310975
3368 9358 33049
3014 1688 655407
447 8818 102019
6544 6471 162650
5360 8415 108723
1297 7613 1157336
8247 9307 210194
3726 8504 331547
2528 8417 442762
8384 8415 360835
6480 4849 255239
3840 948 127501
6547 2621 134234
160 9465 465358
