178
9996 4325 18931
5460 6593 840839
8571 9932 401065
6693 7714 567924
9177 7369 240910
2958 6275 52311
7967 5044 1781048
8329 1615 1074322
4790 9365 415995
969 8648 1306550
8440 2465 215601
921 366 302671
4526 4511 921520
3034 288 2139671
2940 5260 290522
7567 5185 815928
5885 4238 52880
9528 521 1234370
5499 9187 1025294
8661 1425 905037
4596 6150 675619
8318 6650 369441
3321 9918 88621
8878 9781 1346281
6539 8289 107393
3544 6186 126137
2937 211 257187
6928 1029 3050659
3583 2138 254500
9184 2037 550535
6535 315 508390
8716 5081 1063304
3384 5850 95247
4604 3031 61125
8432 4525 530480
5962 9356 142980
6485 9132 1379770
9745 4398 1436311
6819 4974 137429
1252 7905 850935
562 4398 61531
8336 7938 237278
3508 5405 286870
6649 9952 644678
4274 5503 396264
7805 4758 999398
1234 2407 1552054
5394 9338 823970
6229 5204 1699680
5711 6754 940942
1018 4998 228566
3855 1051 1807850
6930 1622 48195
1349 7090 251489
1477 2673 220716
3084 6771 638344
9788 3437 31982
5649 5644 6867
5100 1970 582087
5019 195 527524
5945 3793 2567
3437 8337 537841
3761 1050 819674
8920 7107 222636
6214 4491 1072056
643 7205 481350
1002 7417 1032872
9495 8560 1893561
795 6392 1634114
3329 7423 309979
6002 4253 319177
2840 6012 856353
5078 9207 137447
1571 7197 95192
7363 1496 1142979
6017 7367 454966
9891 7605 156325
2008 6176 47330
3138 8100 848591
5896 6829 222795
4388 4584 110515
6491 3608 1865650
4536 7889 600571
3851 7902 1782889
9531 2620 316700
6217 9238 562254
2179 4439 342840
2798 5351 192292
8214 9965 887259
942 5858 625266
8091 1881 135668
3348 4422 16650
1727 2767 832093
6739 5577 166120
9253 1326 146037
3323 6218 829770
6592 6706 471941
4426 7525 76603
8702 3923 377116
5319 5970 167018
3583 2327 332515
408 1292 912396
6118 3031 700996
2613 7720 507819
9041 4129 509068
3507 1439 7056
4668 3561 219190
7635 5071 238427
6683 2302 854750
3404 4945 756897
1907 1440 332919
1561 983 274513
7006 4642 478431
8474 4969 367319
947 5442 964092
6311 5438 395382
427 1878 763502
8565 2051 78074
3195 1782 391394
7251 1236 1316915
5611 8550 230849
9189 1808 219382
4978 5883 122681
4454 6858 681457
512 2009 209222
1693 4976 1935326
4284 6570 159502
7230 2942 110882
2536 307 407421
1461 9079 5985
2077 2395 572507
1583 9925 229451
4371 2677 231201
150 6174 136928
4103 613 809186
8622 3992 960106
6491 2356 298338
2052 3463 223444
3009 6693 218452
4571 568 192645
6447 5753 1373249
2164 6927 192456
2414 6917 960384
5099 2008 687463
7634 8720 627619
1804 4459 105447
4180 7139 189327
696 23 528047
5664 6020 113478
4361 618 254946
7694 3335 352345
9320 11 12366
1194 9445 98890
2423 6210 79551
7274 6768 331020
3972 5154 1400492
6911 9078 1100067
2343 4829 381619
6028 6457 106272
9087 6425 261947
303 3201 8134
9274 8305 938000
766 9273 316189
7960 2381 1389793
3187 4810 1036927
3548 4893 540117
2932 7256 104638
5964 7399 421093
4599 8132 477517
5186 8344 685614
5741 1805 1762523
1517 5818 649968
9666 7807 716952
7015 1745 200072
5082 2030 208967
3613 519 108944
8820 2568 130542
6198 7356 375330
