178
3178 1031 160621
5648 2078 15230
1685 5405 323542
8632 9379 304945
9455 9574 59112
3241 7537 54018
333 9932 106297
9394 8298 819225
8058 3965 91132
3133 7856 419710
3897 2278 1824910
28 6117 389250
3081 7266 1092263
5600 6923 778673
3500 5669 894073
7654 3326 124591
4176 9551 321725
6132 6986 407896
6722 5951 584993
7182 8906 91646
1259 1105 1492841
3377 1558 355149
8000 2779 225967
5091 2517 702090
8236 4089 520789
4088 8506 394193
1319 1310 598700
3099 3724 984270
2914 2737 1291065
6697 4327 690021
2722 493 514212
2303 4571 439786
8037 6328 1767276
5427 7401 1066363
9979 5781 614037
3809 6969 492120
167 7324 162264
9995 8754 138947
7390 6819 202299
7743 4546 302764
8540 3049 143411
7719 3286 609021
8941 1124 1604130
7030 6297 360681
3224 9095 33631
3709 9935 2083963
2037 7203 162595
2755 498 750373
9463 9721 216950
8334 6960 834392
5460 8018 163219
3995 1549 199109
8458 833 702736
2935 3060 111711
6695 4151 294969
5006 410 695921
2586 1366 76280
5796 931 1635047
1451 3738 1401916
9603 6800 119220
2148 59 180518
915 6825 418466
9447 3244 160540
5741 4912 1553873
4934 4715 815461
77 3626 21248
5119 3648 384418
3370 4967 445493
2564 8545 250437
7058 1247 496365
5606 7150 196752
5509 847 16545
4894 8075 551688
8935 3552 184462
3968 7406 884392
6901 370 286803
2787 267 1144857
5752 3732 1205110
1533 7153 42685
8334 5616 393300
9207 6509 107418
3389 827 92946
9770 3303 285305
7839 4869 1275161
4713 1335 1552955
8146 2366 808568
8240 8387 97229
1321 8122 109775
1956 9626 1065192
4560 2350 679150
8981 2900 406416
8291 2981 207756
4720 7857 928906
265 8593 959994
9007 1358 59091
6888 3955 310410
6672 2071 1234607
7204 6840 809967
6415 1425 100624
8273 8284 215381
1893 7518 125728
9159 3486 137768
9915 7735 54119
7222 8928 1289412
4893 1566 186708
9288 2113 113680
9577 3399 213292
6579 1898 1059770
1895 2905 2060129
9720 4508 71477
5682 3428 775623
791 2825 1447178
3682 3875 218778
5805 443 1240428
1076 6181 933999
368 9079 600935
4574 8128 233459
4440 4284 563635
507 3874 1060228
3920 19 1251601
8673 4874 180413
3839 9724 179069
2926 3340 1136627
8118 7427 1094036
8449 9846 26695
713 7097 775410
4806 4702 44246
7308 118 140121
8131 1839 483630
3361 9757 1688059
53 2721 685164
7216 1253 119874
5673 9742 1597226
207 3805 124837
1923 9088 126322
2848 304 1527804
2298 1437 460781
8006 2389 396488
351 9752 304722
7929 1849 723922
3249 1765 361778
4219 706 693882
9898 2902 325076
2437 8915 263524
6963 5451 1052384
5191 7035 980090
2442 8195 427813
4635 3877 473136
4906 5087 455042
1356 1102 212452
7538 6813 693567
3019 8025 116997
5448 4625 152487
7432 9668 579941
4269 9623 64016
2512 8427 618229
5716 5500 160646
3260 9246 2370602
5685 3451 1394579
5913 5721 1414
7084 9807 1014449
9711 2389 26039
4391 5412 718814
9455 8630 20324
1157 9690 191614
9185 7809 1694353
3566 2241 443746
984 4228 190167
581 6859 204321
2959 263 83388
5155 2331 852949
7697 3814 548981
1220 2477 507387
3816 6035 54314
95 6837 1451576
3765 7863 3659
287 983 7046
1436 4257 177281
