178
2499 8882 420459
9450 6769 47251
3337 1473 7510
9849 5209 70207
7220 3867 258616
4149 1183 701544
2480 9011 1000954
6969 4051 157090
5018 8113 961182
3456 2396 908224
1851 1295 946160
976 2667 2271378
4556 9500 674107
1452 2729 1729392
9667 7671 189530
2938 2882 112048
639 2375 1758937
9306 196 949023
1979 7715 624234
6301 4541 112626
6519 60 507546
13 7763 1163354
938 2303 2549002
9126 6291 556589
481 5522 237286
4504 7098 286798
9963 2874 1292114
9344 1512 1459700
1954 385 5932
901 6428 52902
483 2033 1067558
8960 4084 321582
2025 1631 52794
206 6042 981981
9625 9888 70428
9515 8306 1059076
2632 4067 192155
4745 5761 1023033
840 5255 170536
7042 619 191016
4104 21 408868
4462 5521 86543
3416 8833 536109
9575 3587 563761
4737 3443 1086178
2838 2465 241781
7847 9386 127271
4981 5101 221336
8928 7466 892720
8857 7472 9813
1011 7556 64142
2964 2952 1005731
4015 6036 438889
9473 9199 1880292
2637 4025 1868578
5822 4245 791023
2051 5175 154895
7054 7464 439016
6975 5836 489082
2415 6033 430905
1711 945 1916659
6968 5676 396937
5352 1859 1067331
6849 9911 213049
4651 9200 2307325
205 1185 706637
9523 9838 437260
7058 1557 1160814
5239 2044 831491
7058 7 1469468
5631 1744 503996
8889 7851 713772
3023 1426 407979
3831 4528 328502
1574 1650 133137
7838 7215 749628
4526 457 459508
9516 772 423334
2073 8939 60142
3672 4169 954739
9247 9710 242639
2143 8643 129505
5297 2820 407823
4776 4277 90734
1561 1898 240108
2167 1097 147691
3181 5752 536591
6158 5734 1704035
8160 5549 1036690
3069 5074 164341
3737 3271 1445916
5914 5090 89222
9996 5919 1847436
8153 3869 274628
5515 6633 332329
7254 5914 102031
1089 6284 212406
5025 538 534506
9400 9594 259226
4181 5580 648928
3685 440 32732
8772 8843 956821
8604 6068 376419
5966 9719 802431
829 3445 813820
2987 5048 235403
4819 825 366142
7196 7400 998958
5267 2369 649319
4436 2620 75044
1852 4070 343933
6697 2661 33974
354 5226 192407
8019 6399 209824
4537 9070 91593
2360 2575 226488
4739 405 83964
7663 8295 10253
3662 9320 436041
6213 5102 357494
1442 6084 1225715
521 8302 1006521
5102 7668 115992
7218 3490 610843
3315 2673 315394
7245 4556 38139
181 725 633066
8191 1919 451327
8365 9612 159490
6134 2304 239319
5437 2144 293711
623 1104 331944
3078 186 51002
6789 5121 694166
1858 1842 234820
2216 1769 90866
6224 9775 475124
7834 2714 105672
8357 5810 591251
3297 5517 28744
4251 5908 949425
4755 3776 249326
7823 3001 42876
8300 8728 270426
5031 700 855036
4627 6692 182796
6580 8148 392973
2511 6836 530487
8552 1034 1604185
5208 381 1036891
9095 2704 258928
4872 7117 506886
805 9787 209125
5876 6988 259117
8627 7514 510896
84 9047 335356
1870 3160 632133
8466 3794 117954
9295 6641 621822
413 6797 691617
6234 3705 22536
7966 8855 1029085
3318 5945 1957624
8623 6396 187998
4035 8439 52606
127 3042 979912
3254 1577 34705
323 4382 387839
1015 6270 1541150
9107 5553 568197
5875 8562 488394
8089 2726 197972
7819 1792 482730
2812 6775 146228
8636 3690 147362
7434 1005 164357
7305 7419 203666
4721 9518 1595938
