88
6783 7123 2031983
8238 2749 146581
5899 5278 1048844
5488 7200 11201
6727 8886 286589
909 6669 715831
4407 4860 1318945
2907 7143 12614
7544 7771 40419
7495 7072 1853695
867 3813 1529975
4386 5298 462567
507 6665 424487
6622 1760 2004425
9453 2360 193574
6359 4918 1019878
4982 4557 381138
8103 6945 1372492
5170 4145 1570335
8778 3916 2894584
1137 3292 3949396
1972 1646 405792
4329 6832 204435
6400 677 10818
6430 4752 106160
8997 9774 44617
1529 6587 30207
6398 8997 780078
815 8567 237013
6278 3477 1081544
1017 5550 575239
2935 6315 1631606
3645 3240 112020
2764 3247 3379955
5243 8650 1248138
7402 7643 3385568
5270 1888 3952528
208 5165 594129
2396 6220 2344099
6064 1955 1020756
7682 6430 799043
4668 9372 718996
459 4731 1356524
4872 5685 1950391
2515 2809 877467
3003 1252 2612076
5024 527 540230
1991 495 505452
5604 32 437133
8934 9861 488484
4833 5442 5413207
8135 126 388258
7786 4949 73889
1063 9283 132989
6319 1618 3282792
2678 351 1639315
7382 1896 904604
2821 4342 1038795
5788 2672 244627
4674 8632 46473
7622 176 339908
693 6638 187165
5224 8873 3547837
1008 7068 2672400
3424 3829 554295
4800 3927 1390828
7423 2963 91988
8382 7697 2526885
5908 6118 4243532
2018 6172 8607
77 4888 305140
150 3377 1401585
9634 9156 626757
4325 1852 6210180
47 4416 500576
9428 189 220396
2551 5564 600971
4066 5166 523732
1938 9561 270619
6034 5200 1002990
1320 5570 722851
3418 209 643755
801 4114 2176994
4099 1448 21692
4698 1435 1056864
2704 1849 41813
5969 6704 44389
1902 6774 200251
