88
6904 3080 114806
6261 8917 64692
1494 3446 648927
9537 2992 364727
5306 8020 35853
9320 89 1515814
4307 8540 256646
2135 1167 1612109
4381 5848 808174
8422 942 685814
5420 6546 366449
6820 1997 782724
4222 7163 1564698
6558 1620 1847620
2184 6005 1220310
2392 4604 3060641
8881 9370 2412373
6785 2228 2099591
2802 6942 1215346
3011 5021 65282
4662 6838 800535
6419 8583 495454
3208 685 874160
4182 3628 181652
9008 553 508907
9445 8432 1877476
4726 2148 11753
5318 3074 1988643
5126 6660 466221
5639 4597 2404045
1167 7451 848043
4373 345 67102
4281 3102 2759954
7918 8339 755543
5575 1298 63710
210 7519 1014509
644 5596 2877323
6203 1220 3311187
6796 9308 365609
9285 6705 132760
9810 9405 400368
3665 8356 1923304
9620 5850 419130
1921 4941 832389
2126 9402 464623
6346 8561 780066
6108 5309 204562
7956 7712 214689
5315 9410 413885
1333 4728 1783702
7088 7096 671235
1254 2417 2180718
7664 5972 641127
6212 6681 715869
7585 1203 1186299
5973 1712 968465
2932 6753 1561517
6709 5840 92244
6455 2679 970809
5538 4119 589426
1615 4616 4258391
5626 2303 1117463
8843 8150 2172001
4534 1659 7943
9759 7176 1980415
8462 3334 2854771
3811 3096 2265963
9917 1659 1925897
9867 8915 371629
2875 5204 1832234
1696 5163 3555903
1027 2438 499464
3876 7683 118335
8848 4806 2923209
3935 9096 2901399
1772 9450 489833
4717 9058 1845830
5474 4723 374736
6946 8653 3175425
6603 2384 385019
3386 178 111366
6142 730 2168469
439 7647 964843
6928 517 406642
916 4456 404250
5957 5060 527005
7200 8755 482406
2395 6370 317550
