224
2874 9222 81643
147 2531 1144677
8778 2632 2661544
2724 4706 73150
934 336 100239
5835 5775 224085
9127 7698 196848
8294 3172 34105
3840 222 167593
7197 3531 209588
7211 8010 398821
2109 7666 195216
4949 1535 1070631
1388 1681 265953
7593 9247 1256349
5997 2030 1136784
672 1116 460260
2427 116 1807043
9340 2459 664234
1665 9972 631776
9036 7806 481706
6549 947 688924
2854 1730 331596
3360 8403 542773
1673 3581 86154
3881 3266 1101971
5027 8315 315198
1456 5424 289051
9078 9671 848911
2949 5840 431719
3246 4289 10120
6708 6014 127633
5526 7021 79827
59 7305 596395
7148 454 605291
766 6976 192412
8104 6174 286181
6960 6782 559899
8717 1227 905802
3008 6368 87409
4505 9127 538210
1193 4265 710689
5840 4942 1218658
1149 4757 1318738
9529 3906 967456
6312 1560 1056322
4265 3710 241098
1580 5713 1278654
2236 4782 306269
8655 4587 863628
2698 5562 414075
9608 3414 480215
4653 1048 488217
1775 7383 115313
5917 7683 202173
6248 5562 518796
8632 1004 1063844
2967 2297 178366
4463 1173 230020
2354 4424 1491815
8215 9099 275112
685 2145 19542
5467 8687 98767
3078 8850 27586
8299 7890 313888
9360 9716 72197
2594 1645 547468
1197 9425 440546
7710 7054 343439
2128 4952 200963
1187 2756 97796
3238 1355 18006
739 741 28951
8275 8861 767233
7836 7101 200100
183 9402 240677
2212 41 336894
5204 6167 523572
2406 7140 123668
7833 7470 278340
906 5062 35769
1339 9537 475008
9979 9572 257093
415 583 818041
2926 2444 25298
7057 6779 171563
6479 4448 151752
1264 8055 150990
9558 3897 1473731
1418 9967 303823
1751 4346 89560
1345 4073 29155
4927 208 3205644
6079 5965 168192
5266 4447 375936
1727 6689 53472
4261 1009 510964
8525 4793 972664
9234 2132 294237
9613 5724 28285
5667 5182 275004
7484 8512 418246
2397 1363 254294
3994 8269 110016
3446 3483 616214
6182 7141 85491
6897 4332 243006
4023 7788 176702
449 9841 335586
8208 2650 190764
9990 4914 885640
9364 5214 82985
1219 365 297978
1523 2042 489526
4412 1294 15385
517 7010 124642
3185 2269 114695
8682 2981 385129
6495 9245 1776128
8053 739 327507
9250 1708 1180207
2142 3241 92214
3127 4242 195648
1416 6416 212439
8363 5371 173456
4851 4035 355443
8060 8982 315750
913 3376 143434
9767 1090 630968
5469 2053 970110
5735 6595 272753
2657 8086 111997
4867 4396 1173052
8117 9490 455985
489 1079 5208
5721 629 25975
2971 2090 217257
7169 2191 429533
2902 9701 51369
7640 7324 162361
5213 9789 263306
5893 6356 246440
2795 9700 410110
3461 7495 140538
7979 8789 95440
7138 6837 383040
4657 8985 120634
7559 3234 947021
107 946 407450
8213 5114 100527
3472 5022 181010
4151 6609 258755
2835 3258 358011
39 2923 355256
4638 1326 835115
3076 5838 52603
7171 9 418109
9008 3715 44660
2587 7241 411512
2321 2629 35050
7870 6310 79114
6817 9636 183886
8634 3653 182818
1440 1649 531657
3872 4197 879045
4781 5991 1013379
7406 3771 24061
9321 4752 161369
8050 2188 803192
9229 1350 1933300
9412 5462 1033210
1569 367 1355619
3628 4686 24423
7877 1222 213236
7060 9287 642330
6741 6308 96592
7528 7526 745639
8286 3278 145775
5753 9665 124001
1358 3981 964678
2449 3589 527298
6805 5281 411144
566 4177 225092
1877 8435 87623
2377 6109 479554
2950 5717 240801
741 2237 473914
4509 1762 1895012
6844 7373 49591
8547 7047 484051
7255 6654 30852
9944 8903 145694
1106 3097 277135
2065 7245 423596
2328 4289 46459
251 9969 46196
4453 4613 1057949
8619 3206 512970
1101 2690 548207
9607 9335 876793
1613 7310 245116
9954 4278 277921
5035 5153 515914
6817 8761 419454
7877 2454 1288730
4650 3410 815539
8645 4167 1273696
6168 7824 191671
9927 5094 256274
373 397 43562
7305 5406 535688
7333 5747 294329
4208 2464 422714
8747 614 2773
6822 4021 107201
7514 9862 379250
9435 4708 145281
259 4650 762752
5669 649 443109
8815 2319 231137
1205 873 30026
3114 9838 679865
6824 7371 79728
5670 2496 558342
