224
6203 2292 361642
9590 9722 651424
1443 6580 123062
9673 1132 831941
8213 9965 50364
263 7986 135399
9828 7649 51840
6979 7447 1042337
8079 4927 174401
9310 7711 95125
7264 8744 400594
7276 7264 48830
8578 7825 41858
6440 4459 587824
9654 6353 567704
4744 1774 657785
160 5590 165275
7310 6432 112005
826 9441 109674
725 791 787527
1974 9599 379046
2204 6323 324796
5845 740 1553
9926 5595 573176
5367 9032 343131
2117 6608 314296
7763 4189 96554
6404 7074 316888
3237 9333 77739
4962 5660 59964
7259 1073 134756
9025 1106 810604
2987 2060 511416
9208 1520 293768
8753 4406 89277
7001 188 599041
2020 4625 31315
5519 2784 104591
7322 1476 791532
6723 70 300821
202 3191 122386
5162 9632 411624
6083 1406 265695
8357 9216 132822
2385 1679 431582
8975 6052 349270
7857 5162 32767
4461 4007 1126043
8996 5313 3100123
7047 4699 157709
4399 7090 596145
7969 2543 765654
7156 4172 1120049
2757 5532 586963
3548 5859 264450
4465 9214 121357
9112 9808 983605
655 2894 33189
3857 6608 98352
9787 5975 626202
6638 6287 165081
4235 4151 15460
1399 5603 432408
9190 6739 1602286
3000 6238 164340
4097 7123 452898
411 1940 794005
5493 6504 624556
400 1523 267436
4182 8628 606471
7780 9489 751648
9236 8296 526772
7743 6243 133364
6137 8701 1389730
9616 1175 213263
942 1961 413853
4271 436 77628
5770 8701 6632
6938 8341 1425351
3597 3668 154653
9013 217 99827
5316 3424 176813
6711 6472 487885
6422 7518 26828
2147 972 19727
8488 4321 1191019
4901 6027 918308
5913 6102 410280
4856 2526 194923
9597 2172 570939
2546 1252 495285
1706 6887 437448
6693 7398 209344
8229 586 381615
2762 3386 173296
8209 7803 180434
7456 9704 197675
7772 4605 68378
3828 1707 434223
1613 6616 497127
143 6437 355184
2591 8139 178595
3271 3387 274167
6187 3259 842304
9013 3001 661202
878 1003 572100
1913 8279 257567
9795 3351 360391
2642 8517 651959
1024 8541 209890
1451 7885 163140
1185 1167 26908
6484 749 703976
5111 1272 180357
1510 1783 3659
4751 8067 249006
5235 4219 374787
7721 2837 2010594
6662 7545 388475
6386 9734 345144
2958 3059 1937277
7691 586 20249
2953 5390 897372
530 1969 150257
1908 4737 108227
4946 9264 907454
2311 5075 189004
1233 8581 97577
500 9050 564186
7567 1981 350907
7304 2770 609403
8692 4590 95131
4697 3023 1230638
9182 2740 205231
2284 3506 191654
2953 3513 302947
676 6939 391763
7881 1747 82573
4808 158 1036
7216 1067 26974
3652 6944 1029007
1429 4985 255133
9582 859 6116
1270 9750 946840
6162 2236 1386050
5165 1292 936975
3239 7821 392672
2983 1540 1114481
1551 9257 1305053
5830 3363 53993
6844 5752 5702
7991 4808 136050
954 7211 438179
3084 2609 890629
1973 3179 76665
7939 7761 129929
4737 5601 49692
6405 881 366040
5651 1534 93019
331 6165 134107
2272 4655 561978
9774 4143 339691
7843 3532 1354780
2799 3269 11058
8750 2410 511222
7817 1833 25827
1650 5165 530112
2389 4607 632569
1281 4278 210724
914 4170 623259
352 6696 889443
3483 7843 484665
2009 2802 689276
5745 9937 1038009
7144 806 21927
1603 2607 438431
4565 887 2656
5746 506 326436
1551 7185 1428991
7859 8878 300155
6552 4611 168394
7889 9940 1454475
9195 3730 63437
6794 913 949909
7085 6818 440517
8770 2291 410352
5144 8598 254453
2592 2278 187305
2721 1141 399399
3484 1203 1081499
7436 401 70554
498 7748 138778
6431 2916 279930
1421 4567 139867
2547 7333 113950
3412 1298 523915
29 435 2714
7182 3507 2713483
3261 2551 786
9853 1224 40678
488 3336 278531
4395 5443 624959
8433 9375 1408207
5798 9414 74584
9216 7606 159623
6723 8882 434244
6265 8942 12542
1353 5607 480819
2129 3585 1201916
9913 5019 798520
6501 3863 1096764
739 208 500231
3074 7637 224487
7519 9235 213239
2796 5371 338916
6120 2959 642953
1209 5238 102303
480 4552 39246
7412 784 279887
5778 634 888266
2671 1820 370594
8250 121 370128
9250 8374 676227
6716 4339 145542
