224
5980 4229 79626
2518 6907 681092
3393 8692 1072157
7560 4771 608371
6040 1022 402122
8038 811 26706
5534 3336 53479
9202 6992 532983
7116 3343 7307
2061 8749 663190
6817 8309 958769
3679 1575 351914
9268 6341 212109
9551 197 124865
612 7578 162090
555 9673 12915
6750 5524 472590
522 4463 274856
3986 4403 283264
571 2999 287155
2207 9168 686245
5750 614 1832149
2321 5395 123638
1757 6019 109581
1057 393 1885863
3387 347 215747
649 8468 457211
408 6008 465033
9790 738 315417
7868 493 558167
158 185 54118
760 6851 93737
8514 6166 354051
891 8969 115756
6706 2022 511550
244 2350 198196
5071 9421 67086
6271 893 971734
622 4625 1162073
1642 6045 377382
313 9243 287138
432 5554 213388
4630 5305 458889
8186 4690 8367
8829 4854 617992
2436 2051 191141
3059 311 284945
890 9557 119385
2870 1215 330065
9320 7867 231341
665 1656 624553
2725 4495 78054
3753 1255 1142155
9242 3916 1188088
7917 1875 1156342
4806 2743 810231
768 7853 403070
2583 3870 266671
7242 1804 19663
9083 2375 226035
7046 8108 184933
2205 7051 862279
8870 3130 400589
2570 2521 220127
9956 7729 30452
9188 4276 148686
7669 2311 188746
9413 4417 531252
5886 8907 99451
5728 1906 131735
6240 4738 490002
4446 970 67528
1864 1181 94006
7561 9388 391546
749 8438 835266
2549 7251 447136
6503 3111 261947
9915 6210 55865
1004 1624 789213
950 1737 68282
5696 7384 4454
4213 6664 157760
5154 9953 96595
4137 9641 238842
4182 8334 232361
2069 4816 314505
7971 7015 238302
8719 5962 9407
6027 536 942345
7851 4614 600792
5981 924 47638
3708 4337 361912
2835 1088 579037
3497 7505 416006
9260 7962 178756
2569 2958 7196
2165 5185 190227
9015 5462 205429
7160 4664 163072
6232 8433 2309523
4584 2176 161547
4008 6534 195598
9997 4276 1517999
9925 2748 671121
2433 9675 879957
6533 6187 85285
4597 1661 262656
9675 7478 66206
7635 6422 1150955
9503 1146 8284
2567 6391 748153
2377 7165 94054
4788 6222 31483
7774 4626 287146
1936 2013 199701
5190 1836 65421
3224 5243 654791
7268 8136 357595
3010 9901 21608
4027 9493 646065
9910 5841 686187
1751 6169 1062486
3933 5432 122717
317 3700 110466
209 2679 253076
4549 6916 83988
3069 2072 361638
9997 7412 22577
4447 3032 232801
8494 6568 67789
9696 7718 317225
3728 8611 371235
5071 8746 36134
9181 7272 321479
7612 372 508518
8178 4350 734691
6222 8074 191025
7668 605 285477
2945 7013 199222
319 1922 930348
4487 4125 149776
6697 1447 128626
5481 3277 1247546
9698 2358 950352
3776 2847 1205627
8927 249 252271
4297 2667 208515
6808 5806 803913
790 9984 60068
5843 7662 19687
3074 5956 935398
3100 3286 8671
1389 8066 297411
771 8686 275982
5954 7329 1149518
3986 3767 395005
8472 266 40288
1094 3573 60132
9680 5046 1639517
523 9555 279350
417 2164 898866
505 7703 164883
9664 5018 773470
7680 116 1510220
5637 6535 1328405
9449 8778 1903141
3243 4198 1110632
9534 7867 520150
304 2027 604208
8240 932 138134
6468 27 18950
2136 6784 29365
5503 2401 282309
2250 3082 59086
7330 2268 445088
5489 2939 975911
2164 2101 853273
3573 4206 1000499
3367 1352 1573157
5915 6001 614425
289 1020 312533
3425 9178 156868
2617 6645 73723
9701 3139 383212
5082 338 402365
8908 3848 515788
9398 6309 121445
4298 3522 1490919
8875 9478 561518
7208 4895 291881
2452 9465 834075
9071 74 181820
1886 7533 7343
609 9695 27846
5641 6299 124613
4122 7070 10771
2515 8037 62121
9169 8351 1102677
2665 7760 188268
2493 2043 592962
412 4808 865649
6085 2136 608857
9591 7244 1392738
5761 5624 282771
7223 2555 962317
5080 6693 221869
6740 7476 259087
365 6 212897
9143 652 80517
1752 5414 404807
7703 5630 366870
8120 9529 409740
2638 1396 2985546
9627 9618 102924
8408 893 55289
8288 535 514106
697 9301 314988
2666 42 450468
9530 7041 178576
1308 37 251344
868 1345 299154
4182 5926 371877
1847 3414 777040
5654 8019 198285
