224
2989 6040 336036
9757 2384 277849
9044 9581 524590
7606 5695 507665
7884 285 1756
2164 5720 113715
4083 8203 57334
231 280 68144
7641 4279 1209452
1378 4186 1769410
6025 6364 743195
4687 9217 165138
8252 1294 610582
2862 8970 8461
1379 6217 830904
2856 781 293140
7863 7691 524431
5579 8171 36749
4931 2028 1214672
9470 6852 124162
4550 408 102112
7461 7442 299513
8889 7077 154177
587 6418 509204
3349 2470 691923
6313 9393 170391
9247 4858 1078991
8337 9159 322962
4780 2341 265139
4666 5112 841380
1106 6657 479680
7758 3805 177726
960 4985 478524
6412 2468 88359
318 5242 35390
3176 370 482213
9499 8412 644819
9130 4974 649611
4148 9063 853242
1440 4770 100940
1573 2936 1164595
1860 4816 1261215
2464 9030 62365
9657 7559 369757
1686 5889 304540
9810 8664 610744
6019 6245 104724
4807 8996 1096651
3799 6502 923648
4308 3834 819680
3065 1318 250809
4098 2938 784592
590 7129 198955
8640 3760 341618
823 4658 19380
2941 9498 2884107
6207 6927 883893
1713 4238 269084
9968 3813 714611
6196 114 34050
5179 4267 393534
9953 6834 356492
7951 6003 539519
8128 2592 619990
4866 7093 710241
2703 2007 109377
5212 3988 441018
2050 9510 141002
7553 7701 654193
5697 4439 146509
9984 548 276869
4280 1270 385980
1425 9853 336624
5021 9086 319880
2901 6347 30881
1009 1928 294731
2184 3075 301612
1763 6756 424064
5482 4677 137400
731 2843 312402
9705 4949 932710
1629 1441 342152
2047 7497 43809
6067 8752 208416
9345 6586 200303
2965 5338 323742
4744 5553 40465
8765 977 271671
5011 6061 256705
5630 9365 650316
7531 3698 745517
9974 5104 193024
2391 4415 63220
5727 1864 103111
5150 957 723375
6606 5405 1141950
8784 9833 307666
7997 6583 303514
2327 7214 992072
831 6920 71971
9866 1437 320540
4698 6731 635086
2079 8335 370141
2598 9524 1042187
5088 7427 161828
9999 340 265248
2520 9108 245411
4820 2169 749929
2968 8273 121043
9606 2336 274011
504 1076 297541
9596 6438 156106
6182 9107 542554
5186 9587 491629
421 5454 717939
3194 7410 578953
1653 8630 81489
2219 5108 389284
3148 1069 344430
7028 6432 377731
3410 6980 48208
947 459 352882
6716 1723 8312
4974 9748 64943
7284 407 2351114
4231 6930 287494
2850 9925 581963
7923 6717 446734
4017 1429 158234
3497 7936 360399
4001 8180 884187
5597 8937 128995
2766 7180 676804
2753 881 415572
2840 741 727456
8473 5061 626704
8139 167 118603
6972 2435 2709
1947 2081 1339934
5125 8196 194047
1706 3093 247118
3535 4879 994641
7925 955 286274
8051 3375 86463
8615 1141 1321493
8438 1301 281846
102 9106 103489
5461 1193 120969
602 478 270700
4251 4828 930603
2375 4301 208779
4714 5744 945323
2773 798 117784
6258 9511 58912
2017 4796 11624
8106 4832 5017
7523 4209 129399
2665 2930 131299
8866 2833 50807
8052 7607 39611
383 3115 800651
9098 4734 625169
6196 6741 128907
9433 2570 73388
8063 9208 37482
1659 8622 843973
1102 1709 63654
9877 1721 630798
6779 322 941962
5401 9262 137871
7150 5194 52459
5097 9351 230621
1218 9079 215068
7589 1515 604725
842 6138 107725
5611 692 1081884
1473 1118 366161
7507 1896 134750
2970 7340 507089
267 9380 23577
1151 5351 352080
1951 2758 50290
8909 2092 61266
3990 3472 547771
3348 2345 592501
1558 4236 450335
3456 9189 791181
9000 4798 168512
5565 3570 436288
8047 1376 162107
1611 5869 125641
5920 8171 174715
7801 1561 55050
5288 6752 867136
1429 777 454882
6496 5784 640915
3007 3940 642535
7591 6278 45691
350 7537 118413
9934 7473 913497
8653 6648 450310
4241 7666 899959
418 3462 82330
3213 9377 1233014
4605 5656 11388
6543 8006 2806494
8225 6182 333238
4228 9781 90306
1823 7494 250837
4037 6966 898793
7714 529 646280
4751 3936 1089779
9760 5769 231580
6956 4288 522965
7286 7347 508321
3519 7443 971304
1467 9307 326806
8789 7926 232409
4893 4553 1242443
4363 6206 391818
7754 8615 863705
6337 3557 79862
5630 7605 429645
1528 3115 76443
