86
7944 6623 1662647
2853 3721 889052
3626 7939 94479
964 8758 538776
5951 9967 225225
2633 7663 329007
4668 829 1521800
2344 3202 1418516
3495 3760 819509
5581 8805 1477136
4767 921 2095135
9153 7303 358680
3558 3732 1622770
9192 8755 549843
4192 4523 3486884
4835 9873 1432997
4947 2670 678418
929 632 4024065
6620 6310 184955
5384 3371 1587280
3511 6826 1852931
4458 6950 556249
4766 9281 979369
6091 4471 162979
8579 5725 68067
1859 2917 1555861
2945 2778 374030
2979 3460 2660429
5392 1744 77464
6771 618 1811889
9569 9816 2265441
5890 1513 309432
2152 9338 740526
6446 7691 140864
9039 5739 382523
1882 3247 1028315
4552 8757 5776091
8787 7845 297001
8369 2004 1483808
3988 9387 2697612
459 7754 1616243
3044 7778 501409
9363 2350 49197
2780 8538 777811
3631 4371 2003488
3930 8605 4249500
9475 7007 865283
5879 3050 2917783
6913 7965 607159
2967 386 480697
4467 1660 154734
8208 6508 2150768
3566 4527 549191
5122 6748 317810
4376 9439 62885
8473 1321 497016
8908 1950 1655156
3546 7105 906330
9579 3889 1187538
9490 5148 565570
2555 4466 1718221
2413 7744 59145
4649 808 1227765
790 731 247511
606 604 1281956
921 3170 783572
892 1849 166328
1467 2074 377104
8789 8958 640179
588 9727 225251
848 1421 665801
2866 9551 1120994
2575 6046 449302
1298 3159 2534732
4907 8327 257286
4321 3135 2287568
1693 7165 921562
6033 3171 305626
2967 6567 3834228
5787 7349 1160547
3388 5708 4043531
802 7912 982308
5052 6753 1039630
9598 738 652299
9533 4052 366361
8268 361 317570
