86
7137 1278 1491222
8190 711 1342579
3618 5875 847001
3589 9287 436241
3759 4498 109515
1560 613 971472
3682 5557 1219542
5625 4837 923139
3117 7849 466195
6665 2004 778701
83 6407 1581994
5314 3603 491786
7035 9446 523480
8706 4325 2468422
6621 9041 262081
2424 2585 737903
9543 1326 4102057
850 385 1103806
5300 5065 1226153
2788 1607 242113
6771 8156 1357496
5656 2014 210437
5036 8101 327462
6009 8559 846536
5923 1829 733143
9854 3134 655063
1544 5777 304000
7288 6136 3653645
5921 5629 400575
6424 9739 1100698
9088 7312 618124
1183 4138 831622
2708 7994 169268
861 2043 541007
5901 5647 734290
787 1949 977235
9218 8212 278405
2020 6457 489573
5334 618 142633
6387 7887 2014096
8710 6405 109401
9793 2783 504622
47 6676 309608
4316 4570 904388
4632 5891 1243315
162 6236 289920
3345 4927 2433443
369 8667 1763689
7331 60 1654848
8772 1589 4081707
6684 1789 751952
9052 4164 880177
9031 5413 86284
2960 9891 105436
7479 5332 3455568
7144 2872 342292
2613 4741 1526959
7135 6455 491491
8255 4296 204175
3625 3129 453782
950 9211 483834
640 7386 1582082
5739 3898 612084
1933 4740 2697062
3922 7980 3044247
2928 4754 3506888
9015 2126 2491645
3877 3330 1045398
751 9586 109869
7877 7782 93022
9879 3754 1395712
3509 4188 93698
5506 6499 1346591
5377 2374 1648673
3505 971 427608
3361 8850 1543075
405 4610 3027604
6590 5503 42025
3358 2561 1243583
4212 5532 3821846
7831 4946 4043971
1461 9978 1863930
8999 6226 456997
5660 693 1059898
2391 3749 2398665
5703 687 616226
