86
9956 918 1079207
4535 5781 2600873
7149 2456 542433
1214 2657 942956
5531 309 1256838
7296 383 644438
56 7304 27717
3335 3116 862803
291 748 25378
2064 2854 6389952
2558 9378 769125
7135 7662 207010
252 1600 313419
6163 6394 31836
4987 5624 2361811
1478 3645 60933
7314 6924 33846
5026 2539 612832
7422 9048 297318
6933 2520 1632527
9534 9424 286753
5286 5469 3118046
5735 6464 1064850
7009 7041 656859
1659 8235 3198097
9025 5108 1005247
99 4105 78397
6370 5321 822136
836 7178 938887
8621 8650 20480
9044 1062 780255
9172 2146 668622
7241 871 747742
5128 9986 572482
4408 4954 1595329
6864 370 420323
1785 6700 2192817
9404 68 550328
2830 3163 76590
1795 3921 123682
381 1076 152738
3215 8760 1648179
522 8284 1830179
4578 5465 592805
2692 6143 1442281
8549 2586 2248471
2988 9315 172188
4138 3213 1557389
3629 4919 676824
5344 8817 32201
3192 2172 936706
3973 1705 2388475
9141 9583 428604
1384 2346 374744
5781 6267 928650
5191 808 687567
2687 4448 630113
8218 2711 49148
4838 5316 689277
8111 8848 2027550
8673 6415 336089
26 8748 4553795
2849 8622 2234575
7301 329 637795
9666 3797 3058180
2616 5063 975745
3797 5117 126873
5446 1419 1119804
3139 8445 1505153
6455 8340 2658263
3640 8508 385270
9326 6701 270615
4676 3196 42019
5167 1596 2362850
5161 2518 3317534
6116 614 2188814
9482 7547 459776
8256 9665 1236793
7217 4685 732431
4037 1534 925016
1824 3606 1626017
20 8116 1716503
8089 4804 466716
1674 5424 2993212
9126 4138 2045232
907 5482 2919667
