86
7605 3101 128770
7555 4685 2222374
4879 6217 256890
8043 7454 1465905
6339 7727 1774668
2769 8234 8343
2648 2575 171174
3480 5930 1856622
1732 1132 127996
8528 3952 695262
3949 2392 909771
8317 4013 445240
7872 7450 3622880
5586 320 57997
6074 881 670375
5229 8567 2492389
1463 152 2101489
317 8372 844438
6844 1094 1237162
6645 8954 96583
9343 7204 1039325
5328 716 2125447
9121 3591 169653
2483 9485 2104187
6838 3243 220498
6066 3978 3384380
4562 2127 329009
1818 1346 2111536
2780 2038 396021
1327 2099 2524565
3636 5952 5743002
2628 3900 74337
8902 5026 634758
4213 3053 2487166
3023 4832 1447007
7037 9008 21156
2416 546 2300497
7342 303 153272
5852 100 53758
2249 408 6961856
599 6989 10288
8327 9284 258396
7196 1282 580278
4222 4862 360729
3816 7894 3076528
8177 2922 540852
2862 4795 391478
5779 6594 946256
5566 3477 2632165
9378 4355 102940
1288 2653 147715
1014 927 533277
4868 4976 216638
6856 8689 180244
3574 1049 1956693
6301 9595 1576255
3914 8603 2581341
8641 2218 306582
3329 573 679663
4675 5998 111821
7288 9499 414404
1613 2411 611692
1196 6109 62920
7219 17 2132331
6877 2953 829203
1411 8693 564676
8226 9961 142453
1532 8218 557314
1891 7376 501971
7616 5433 648346
5479 6522 6952034
3877 8992 226257
5805 5167 389838
9484 3274 346138
787 2304 935121
210 5664 202726
2645 915 1873444
9883 7990 1149594
1241 9719 1695035
8097 5251 1537728
7718 783 997184
812 9297 426268
1380 1599 378140
3607 9702 1647604
4417 1361 1736972
5421 5868 382710
