136
1159 2330 247725
3105 3775 1184410
6391 4270 585292
6803 2901 370990
5362 1059 803784
8291 8011 2050265
8451 8161 432314
7508 763 450292
803 1083 16686
6798 8388 452072
4471 1051 783266
7576 5014 405993
8747 8597 1610618
8884 9585 405919
8106 7869 414655
2138 5985 133575
7626 5387 1064918
6183 3672 89227
3009 793 2266582
5859 247 541027
8580 8859 1506691
8126 6247 989431
6373 3137 10422
9991 2667 726886
9623 3097 391653
1441 6479 573879
7096 4268 761247
3808 344 966365
8422 3205 368885
1258 508 1426626
9778 9064 111459
5475 7726 1554737
3197 4982 2244954
1485 9556 1816493
2437 5437 545421
5804 7891 264590
4408 5828 2395379
5695 20 265959
1910 3314 1368470
5981 2600 855763
8782 3043 173081
4682 8239 381388
6965 9162 56382
6844 577 1168720
606 2240 1929129
2166 2779 540501
1313 489 763709
5261 9994 2309291
9850 4184 175848
1646 7445 971665
7037 1585 44114
9656 1965 345471
2896 212 249157
8544 9905 1399993
3235 706 854116
1259 3104 252725
8339 2196 71374
2892 8207 1602095
9077 4313 135804
4811 5114 269667
5969 1713 67451
1283 4913 846937
4788 1699 143692
482 8413 51585
5431 6901 145636
5727 9581 183710
7612 3681 2118853
7809 7583 120607
5357 1889 399867
186 347 1682067
1075 634 271390
3558 7901 390511
8288 9340 1147843
419 1824 1628218
626 6427 661295
1780 1805 1090556
1402 5184 1596220
8211 9565 474270
9930 9838 1326087
8229 9336 713510
4121 1204 424318
3474 1087 106854
8388 2865 199598
764 4019 305895
3695 88 722525
6051 5667 1176691
8287 1088 468889
6611 2139 2362441
1755 4268 1128609
2848 7127 76255
7508 2282 1951305
9952 1186 1513926
27 841 92462
1661 6657 102184
1229 9898 188011
9603 7355 352609
7102 5228 266530
3412 3791 833357
9794 3652 1387550
7962 6388 148499
1589 9 95699
2159 3489 409798
4650 7327 1716203
9984 2167 275104
8599 8090 261756
4151 4084 1756019
2959 6333 959688
849 8556 624234
8715 2969 437049
4040 5431 239164
9614 1661 175640
279 4003 390913
6060 1848 871785
7410 4686 483378
4116 9566 417238
5089 5567 185263
873 2684 278723
5998 3064 593738
7311 7932 330042
1324 5099 1380853
2480 942 552346
6359 6141 881370
2046 5918 21579
3358 6291 96073
6918 99 566255
1017 6779 1140607
7365 8816 1896227
9138 2240 108603
2568 806 312848
1595 4489 1998
9897 8342 568789
5013 1771 787423
1180 2312 556892
108 7 2206055
2594 1643 1399964
1458 6898 1002721
