136
6862 7684 427978
8189 3542 380217
2067 1233 187726
7611 4915 175346
4471 4720 2660109
7779 8123 1298259
1435 3198 126120
1052 3747 152583
2211 6230 969458
6319 2675 736500
9668 7220 2023949
4249 7356 866195
5131 9075 487161
8884 7572 57060
5343 3471 2033069
7327 3070 9781
2023 2267 1562389
1458 6486 761425
5094 7658 341979
7759 2343 881840
2549 214 987472
2591 8114 89510
1516 8689 832497
54 9630 1252956
7554 5955 1571996
9887 3247 4219244
9416 7346 1235984
1022 5219 1602461
9895 6267 392205
1238 30 785044
6231 3510 1098877
4628 5625 673813
9228 2173 404152
4631 7794 1684951
9383 895 284818
5540 1823 88113
1469 3245 158015
5275 716 656525
3438 7310 370383
7070 1848 480479
8022 4858 407075
9850 4213 257381
5044 4084 1114012
9562 7222 188845
1945 6155 347081
8292 1697 321891
5781 3412 231152
115 2951 269793
348 3608 476761
2087 1942 1396835
9147 4396 968382
4117 485 85869
2972 2642 108030
3686 6816 2341529
4531 7376 858297
86 3808 142722
1248 7309 181531
2637 9711 436175
6785 4408 466212
2707 9187 882429
8417 9702 233529
109 9747 79968
9081 2752 56882
589 1436 1338918
1151 9839 504304
8162 6640 1101407
4121 4068 119768
4021 5557 84120
1257 9072 1462208
9823 1079 1091862
6620 9062 1305993
9361 6618 46390
6945 1239 34177
4224 1298 626160
7444 2662 54413
6606 4297 308632
8743 9306 6069
251 1211 613355
8980 3923 1115816
7641 5641 739032
4932 4242 633679
6787 6420 465831
6292 8406 188762
7309 65 597109
4682 7787 316588
494 8118 51796
7449 9715 43483
7926 6164 42868
5818 8683 438083
4180 3715 480409
7299 9448 2641942
3330 7383 445012
1696 1933 189323
3055 3733 1448346
8456 9648 3669839
5077 1426 267493
4785 2213 814772
8991 1172 2375372
1534 5552 683919
6324 4700 357406
7912 1582 185556
7658 2658 70499
2085 2881 958992
9191 7556 1644439
5075 5592 424888
666 7044 24209
3015 7685 129552
5538 288 218496
5784 8325 46784
8321 699 1263015
1737 4126 411786
8925 6387 334614
1030 6330 162361
859 8730 1805385
9565 1316 26578
7767 4693 80225
4693 9399 665688
5461 616 760678
3595 7502 1212544
1933 3481 432273
6739 4021 3033464
2838 3663 475518
3390 417 84124
4163 4721 1611524
7350 9972 279566
5754 2454 219462
7826 6241 1583530
2480 9599 2240876
7768 9282 476922
3978 3626 236365
3409 8551 1066243
9703 5385 1251865
2389 8245 1314232
7662 5734 49279
2393 9967 9864
4527 9556 1642928
