136
3015 6550 231364
3257 1928 2835685
6175 7031 1891759
8601 6054 520420
2214 2898 481224
8226 7439 588884
3525 9506 804629
4966 4482 1103546
9783 7819 393360
618 944 1338434
4997 7535 443089
9845 8923 269401
8367 6602 360464
4565 9554 174702
5765 7839 1643569
7103 3440 235212
9087 916 1819868
7522 6529 283715
1681 4988 222677
7078 5811 392036
7309 1502 334598
4476 9347 3101348
313 7759 924844
3809 7992 428713
4634 4903 7708
9255 611 151529
5297 9024 73148
7922 3537 646065
4637 3370 167255
9912 9704 493151
2747 2556 69386
9121 111 231598
197 4573 81256
2863 7307 58459
9772 1283 1871637
7005 3476 632792
1781 5688 32536
4297 5473 58935
2652 1554 1313249
5176 1235 738573
5655 5857 1160037
1856 34 826475
6971 102 175043
8641 3392 31142
4385 2925 18698
277 6815 561644
152 6414 906837
6588 192 952142
4739 2299 31101
8684 584 194142
6936 5911 344473
4263 8462 1039560
8293 5472 2918
1939 6706 1902727
8209 5684 630427
5597 2254 807591
7824 4959 403985
7187 1171 674724
9371 2272 263601
19 1359 921562
8153 2724 1957808
2770 3801 1387688
8934 448 1229457
1961 8833 84008
8671 8325 450481
3129 9630 206438
6255 9400 1331746
8352 8694 1073739
3879 3336 783269
8719 9692 501466
8045 9536 1676503
8150 318 426288
4345 612 1515623
4589 2872 797519
3347 7055 739896
5152 1797 249814
7119 5166 1081455
8493 8909 61723
4685 4952 419957
7227 507 1059032
3053 4224 840029
1394 138 1175128
1147 9947 547695
3864 1766 2734
9316 2246 2380098
4018 1791 381436
3061 7385 1641292
4687 7019 1161666
1820 7269 104752
1990 337 4809430
8223 9047 143323
9744 4259 140871
9876 1841 70399
7311 4854 2140822
2219 4979 50839
2151 9016 202958
5238 4464 678006
157 9813 693063
913 3300 317895
6002 8040 959874
5207 2037 140447
8951 3769 499075
1795 3678 1370965
7995 7692 445090
9497 7797 854393
2949 3010 19670
6041 9758 1087330
579 6916 445911
1775 5154 347827
8900 463 771681
4335 9621 184718
1084 5097 387620
6860 6519 334670
4874 1482 328919
4551 5136 822503
1925 14 298930
7584 395 1387137
5784 6640 143885
9065 7101 1717859
6794 1622 288768
3936 5098 3818700
4400 9136 511980
1798 5527 319583
2330 5550 1186544
1654 5095 250804
4553 7014 262448
4207 4258 525344
2454 6607 763116
3987 9360 168180
7331 5641 1012251
5653 7209 935316
9769 7622 1055434
7675 4021 285989
5707 1667 439699
9849 8464 317443
9216 8657 1493904
