123
1581 5511 147012
5296 9064 318147
7078 6068 689791
9338 7520 736583
7500 3686 1597775
3606 7234 36823
3174 451 438652
5427 318 357551
2347 3997 244706
3898 7408 557394
3631 2546 500585
5322 6661 772812
2567 1235 163533
6382 5840 122327
3578 8613 2041177
4529 5735 2073442
7405 871 3073552
4877 4549 1046893
921 4769 63063
3955 2985 1156606
260 9429 894469
8662 2279 78682
7736 7884 2343158
3337 5092 311952
400 9491 374804
1614 2068 550222
4841 627 1384890
9774 4941 460763
4243 9944 21360
3735 766 2363407
6800 8933 2417701
4307 4816 110547
3887 1642 203163
3592 9164 76287
845 9490 813591
7461 3706 449807
1164 4418 1060848
5107 6122 163816
3713 2264 516780
4599 777 291953
5467 9461 2925647
2054 8849 1530663
9522 5862 124873
5681 4182 416413
1027 3089 282900
1403 7007 1872725
1129 6867 142348
3123 4247 495123
4914 8300 616038
7680 446 1544374
3583 1650 1548644
8335 9504 1606561
1760 6763 1930434
9503 5301 873134
2731 167 206041
5918 5800 336527
5684 2237 421974
3613 3579 770741
8473 3984 634066
7165 9469 863860
2306 5729 1497646
3005 2823 791442
3825 247 2018207
7916 166 932327
6021 9213 2861062
1437 6480 517930
2 8081 569945
4156 158 1034009
4094 1316 1266886
6613 5823 992683
1724 6406 1590618
9232 9612 823990
6955 6774 29106
1650 1621 1338508
4625 6339 600954
1590 9176 39354
2089 7519 1046869
3893 9946 799586
507 363 7271
4336 4409 417662
8435 5877 551337
3702 2340 1203642
6103 4204 35295
2864 1813 3233613
9510 6346 827040
3903 4725 309318
9464 5706 2717743
598 2926 448946
2448 7019 445937
3574 3582 163369
8150 1227 1393786
4941 7828 270869
9852 9544 1908790
3484 484 570994
8688 1824 152232
8532 8265 242972
1733 6565 236016
5792 1446 788652
2373 6429 405265
7171 4166 1666922
2996 306 425585
5660 4899 287226
3036 5432 989616
2858 2657 270959
7459 8868 195044
5966 4024 49221
8925 9 111315
2353 7438 121611
7306 3276 72404
5586 8053 53097
206 3489 739792
7253 1937 643534
1484 1922 1176676
7022 9977 303480
3785 474 53254
6280 1218 595169
5030 3689 637035
6971 2633 408838
7130 7598 1410834
7858 4399 3437429
134 9668 324865
4327 7291 114058
6292 1118 660455
