123
2218 270 621536
654 1806 2812803
7008 1255 787736
5714 731 961002
894 956 2092590
985 191 430909
3722 6285 902792
7841 2555 260814
3228 9253 1797159
4632 6456 3188
5196 8264 500256
2801 8339 53544
2480 9412 766994
5527 8807 1236719
2823 7021 865979
3851 7183 1699221
3740 1158 1387795
3677 8386 919588
9421 8623 2407797
2212 3966 643151
5032 1403 105545
9784 2924 799710
5276 8098 286791
3028 4153 86186
1450 2602 416261
515 1918 1551544
876 5581 1050967
8960 2942 249796
9438 211 11997
6078 3355 1312668
7954 8970 111557
6759 1600 786568
2807 1757 302174
5746 7370 545839
4070 5147 1314971
2911 9481 299467
5933 4423 1211848
7104 8333 112313
1841 5083 512787
3287 4764 30656
2254 2822 1568179
181 8658 155071
7463 609 252774
3336 7543 145144
197 788 67618
2458 7295 9524
5714 3716 2659807
5767 1581 1702107
4902 8607 403554
3229 4439 160440
702 5636 81237
2368 4913 1975841
1378 6736 477934
4932 1833 413718
8121 6088 4043518
6646 5729 888053
902 3582 609183
3353 6439 814586
815 6994 622886
3100 3958 1109355
2602 1809 1083987
7846 5860 3918172
5811 1969 1459801
6109 3766 2931
7971 662 438305
6701 1712 175314
5494 7220 390635
369 7024 2369631
9049 7213 167074
7532 5051 812443
1855 7598 556925
5947 30 7553
805 6040 643398
370 1386 153435
4613 1142 1223491
2698 4544 1784129
4743 8984 691898
9714 6616 253053
565 3535 576838
1862 2873 1103484
4364 5351 726578
9273 8245 3827798
7130 2273 97425
6193 3159 30545
8591 1842 676465
6567 2984 383824
6570 3168 305597
8309 9230 343124
7920 9459 95104
9485 3555 634427
830 71 491907
8494 1545 595265
8829 3739 1326149
5332 3243 158125
4329 600 12915
9439 2969 114914
5112 137 1937726
5476 7285 1588298
3760 6374 56272
6678 8619 390687
6836 9110 48491
3481 7127 1957365
4360 6374 21888
8536 8542 69197
365 2241 617203
3599 7087 498304
8378 3561 126103
3659 8070 250928
2335 7991 1454924
9100 6268 2079309
4386 2123 1366326
7995 5575 666457
7428 6026 7553
7105 6718 424684
5754 3521 1062216
5746 3621 520321
9992 3112 346161
800 5398 1799438
5625 5584 860972
9991 5804 1818543
6732 2407 1056794
5023 8476 907323
4079 656 22111
