123
9494 3511 219849
5773 6914 98137
1020 8167 1030866
2661 8531 2273114
3063 2431 535341
89 7303 969840
311 7558 476395
6022 8058 54516
7260 8418 660345
1940 2275 67457
857 1069 422031
5487 512 1061179
3074 343 569832
6661 8191 1573442
167 8187 942033
695 438 889721
6749 1391 763187
6843 6486 617255
8071 2943 1225267
389 6476 90257
7990 7334 306197
3065 9064 1033402
7450 2638 3888118
1286 8493 131136
9402 4912 1221018
2128 7900 883899
2692 4639 112696
753 5889 831956
1144 8331 593775
1081 7913 1112157
8810 8434 157667
5320 4699 57687
4374 1803 870500
5689 7680 107862
2734 312 860093
3385 5876 491362
4307 9301 945757
8702 6545 990171
1073 2858 986676
4287 8481 1737937
8640 4561 1092960
2304 2983 60456
2865 524 149854
5252 3032 1855428
6225 6335 2495089
1207 2734 981576
9267 2722 1249642
7277 6103 1376079
1176 310 1007214
3307 1420 37169
1128 4113 619594
7499 7940 67718
4822 4776 567942
1605 8119 2034211
5278 1990 541977
8141 4718 2364217
7172 2830 459047
2843 3127 255813
7863 9914 539461
7631 3415 937686
1343 2689 1061067
9553 4724 3093413
5681 529 1053175
3 5569 555215
1449 9959 448573
8838 1000 355739
951 5505 29357
5059 5092 527363
3665 7961 1331545
552 3120 2098950
8312 4882 78969
3794 1215 908603
8178 2972 84041
4211 746 480308
3882 6093 986317
2692 4959 1169771
2030 2572 510055
3114 395 29139
7933 6630 71936
5064 5514 123178
1308 8383 246164
9696 1040 126752
3791 2137 294766
1225 2992 1118544
7436 1493 337928
5941 8741 184220
1774 6963 1401464
9894 5914 2253051
3493 9909 683499
6069 5952 132943
8291 5320 659344
5258 7880 461965
4892 9410 1299366
6906 2317 1096723
6167 8372 35210
1927 6033 1690932
3232 2905 1730957
2928 7140 1019069
3940 7225 1060821
8974 8965 134782
9212 9907 109321
2145 8975 1255458
5534 4600 2278833
220 716 1015189
6498 202 501970
1175 111 757808
2977 303 462201
8327 8454 808329
3798 8745 702849
8364 4533 2317649
6527 8079 554857
6876 9138 989219
847 8921 474743
6792 1582 585374
6719 4682 1078364
7789 4553 316589
1974 1191 17006
2860 9384 260370
5079 4726 2193601
2999 1726 1135929
1692 314 134106
354 9131 70385
6989 2785 461373
