123
9987 6750 381403
5118 2707 1835356
5415 6374 399443
8902 3335 1098766
937 7162 3201821
841 968 1590119
5364 7838 6499
9944 2418 896777
2339 5139 113026
7572 24 277501
5867 1375 330313
4668 1262 422830
957 7651 506246
9912 4986 2058421
7594 1673 2166881
6805 7994 1042442
7047 2878 667363
8519 6837 238264
2746 6827 2875563
4495 5300 95640
4418 6822 960872
9146 1949 226722
9452 1336 1503950
6429 3896 63549
7944 2705 1329459
2485 6715 1683365
6709 9842 1766588
9216 5913 148177
954 8340 447776
7888 1485 61442
2589 9869 1647658
3124 8772 618948
8080 486 247704
4460 4968 1682236
2136 7834 1437277
6980 9966 874409
529 5815 156351
7822 8138 796145
239 9630 47405
8937 4755 302351
1314 4971 1393648
4025 5190 556507
6333 7808 411415
5883 5490 1587908
2009 6080 478022
1800 9909 150509
3330 3582 220095
8769 6985 1010761
2588 9246 82309
1615 8016 163091
9310 7774 125526
1111 6974 12964
8936 299 3153115
7246 5846 244776
1405 4963 321285
7996 7275 440337
3454 8476 253107
887 4424 136412
542 4372 1853349
3409 5031 1037230
8349 8488 119858
8501 4701 123109
7381 3598 309342
1697 1283 19784
8931 9189 1157336
4878 1181 290802
8273 3687 726174
800 3302 526232
3496 5395 1477451
6926 539 5802
8509 4626 923518
8561 5227 1764817
9335 235 297599
323 8325 7220
6161 8350 307699
1006 7702 631179
4503 9346 669977
2637 7478 357327
3683 8122 448687
7193 1652 1159757
7410 2584 484099
1434 8187 1353248
3627 7439 1282781
6861 5657 1813438
3108 3504 2892280
9661 2629 377349
3617 9120 1085553
9597 4895 425861
9365 1310 1225418
1115 4980 407340
443 56 899088
6456 8342 617576
6135 9578 292585
8696 8781 844391
8732 3240 12967
9167 8933 4892
687 3742 180684
1773 7971 677444
4627 5662 2764753
4469 5517 103709
5419 1596 728551
6686 9092 2270591
1471 5653 2223762
4160 3892 685541
3716 1366 34387
3641 1110 2036162
4086 8188 885454
9773 3281 1599121
9100 4149 46569
686 356 325070
2334 8551 500538
3935 3489 89093
8763 8431 106474
6376 7003 771146
5565 1002 457343
7930 9828 2317189
9793 6408 1184873
1636 9609 397046
4431 9553 164668
184 5268 196877
414 7427 215191
6973 2610 2764873
2611 7767 1090931
