123
3920 8624 145354
9825 2624 1714816
1307 2141 1113598
7907 8644 1358188
1106 2338 413931
6904 6260 807087
7560 1497 1453384
1818 1486 1313140
7954 7904 232004
1936 2294 484245
4004 2049 2933900
6239 3891 1367005
5721 5882 264361
3652 7270 602128
8782 6477 1238923
1318 1158 259530
7116 8212 1609066
1675 6328 205675
6963 6581 897320
2054 5044 40871
2067 3660 154731
4623 835 1806781
2133 1389 573088
9622 9752 708643
7887 484 26953
2077 3313 308076
9335 9962 1800230
609 9379 356809
7729 9714 357060
5452 5473 94459
4038 3836 22712
2329 3750 303320
3918 8231 675477
4486 7432 1413895
305 2907 217412
6703 2639 1424600
8359 2507 878094
4869 770 1581985
7120 7505 145659
404 5259 3102703
2619 7456 3483986
6072 4329 805213
7658 2458 899183
3369 2706 2208977
8514 3585 82198
9642 6858 115099
7790 2303 1062726
2647 1803 435479
8339 1410 667978
6000 6944 880997
9517 3505 197954
6510 3385 446749
1228 7451 150342
8188 6667 968613
1051 9508 683475
1550 6669 830550
9560 2410 215505
296 6617 1084913
545 6979 139408
4669 5590 243528
1427 2457 3340811
2369 2483 282376
3264 3601 895540
3845 9678 324174
9693 869 346059
6870 9450 905959
97 1712 814646
3 1196 93466
5413 5885 1634835
4460 2009 8945
1032 1884 1020692
6249 9566 136615
2845 2455 746453
3684 5133 476507
4759 1579 1235050
3816 7082 639167
6350 3315 358530
9342 7081 996322
7344 8614 1748615
6165 5156 245212
8265 8154 1395038
1883 6931 155077
3544 2826 749560
3749 4439 1742968
5178 8182 278550
1710 4361 251979
2700 3474 202898
2570 1658 119245
8695 7314 712172
6661 7290 857413
660 117 175100
2483 5730 1671975
2656 1113 1327143
6607 2087 220491
3416 1271 1739771
3017 7390 398293
7826 4130 549820
6720 2502 25481
3584 3628 305223
2254 3845 341620
285 4005 915888
3201 6379 609793
2730 7886 955571
1210 2829 1733906
7619 8130 1416366
3957 5928 486410
3376 4795 2105346
9024 1353 920875
1858 1337 1255263
190 282 369384
6776 3036 569925
5677 42 981681
6694 8821 814916
5834 8367 673472
680 1737 30265
7783 4569 288711
1466 2603 1903223
7749 1632 971949
3673 5903 2102116
1039 3787 334221
8697 9533 609671
621 8010 293733
9610 1364 177438
