123
9088 5905 656731
3947 7215 990712
5853 7910 1229874
1447 3253 162834
5757 1734 984135
3658 1188 1062728
1342 5036 239849
4541 8622 613560
5785 225 481368
7151 8723 693741
7758 6789 1177679
7167 8949 522391
6418 5862 261742
8012 286 100789
3333 9778 178368
9253 9685 804404
7688 4399 1077152
3021 5107 403263
8865 6033 253189
65 3160 698832
7830 2720 3152261
6555 9187 734167
829 2598 163905
4440 3861 1721696
303 4587 2292541
7131 2439 632891
3928 4464 1602666
2146 5602 66976
6657 7070 2510719
8152 349 113978
2550 5161 1681058
442 4048 1129562
3659 4902 756769
8476 4070 27303
4484 2306 2802044
3853 8775 116284
4547 9758 485083
5635 6577 1016238
8053 1241 939017
6588 2888 76808
5766 9986 562383
6757 5427 940907
389 7817 1465947
6029 1350 688276
6606 5471 14750
8976 9270 2222209
9054 6007 320331
7288 7468 1813570
1481 1683 2774217
2903 8874 100725
4397 6614 551684
2740 2831 392310
9739 3915 252200
2729 869 1520780
3425 7368 149411
3766 6236 1602170
6218 4462 267480
5629 9884 451990
8708 1101 117782
1795 4386 854342
7705 2961 107139
5031 5539 600958
1696 6584 624685
2817 6826 1317130
7591 150 1444815
5218 5141 28568
8852 717 1126903
2329 4758 672303
9748 9265 1270718
7411 843 276378
8683 4757 655654
2370 2737 2463971
7717 4591 572572
2523 6479 758259
7718 4730 956891
7733 6156 199769
248 9794 23734
3289 207 2023706
9245 8573 377651
3628 6910 973850
6052 4944 429062
4192 3852 2356695
7380 5471 1176437
6573 6203 135109
4905 4538 2790240
7263 5267 2115561
4651 1467 229844
6048 8604 722358
4572 4300 16091
6297 9432 440558
843 4551 3285612
9021 8706 18598
9337 2780 1351
5812 4508 2116636
8013 6830 49636
531 609 76602
664 5587 319213
8401 828 657376
4041 7263 677230
9086 3655 114407
6882 4252 103638
1233 9732 1175552
2076 9469 337940
3809 7118 908372
1508 2248 1686492
808 5052 376774
4765 815 1813415
1714 1408 95708
3183 4555 62451
2136 9269 626932
9710 445 272924
2669 667 311694
4548 4276 470430
6042 1375 652503
7185 5424 53279
3543 6365 138438
5572 7105 251450
2240 1500 417217
1512 5011 944666
6823 8145 1655503
5785 2929 157499
8982 4676 758272
7369 9382 845810
