98
8323 8912 35358
5275 2598 245816
4920 367 89385
2615 1218 140220
2882 5322 3045683
1764 4340 678163
7250 9305 242094
2035 567 771003
2388 4491 108942
5971 6290 278821
4058 9575 492945
7936 980 383744
4524 6909 2348196
4387 9817 2253249
2891 2396 915301
1380 8746 185669
525 1225 1169058
9547 3488 1534095
7194 6677 1888085
2710 4362 1554277
8460 2870 901479
9102 9081 114450
8249 4495 382582
7679 450 1370056
1192 904 1113707
5980 7213 765134
7476 5836 2056008
5048 1685 118249
1011 480 1331124
8592 4827 2628564
1063 6603 437939
2693 3351 980475
6819 223 284225
3217 3966 276080
453 7802 1128282
2401 6701 82353
8334 2832 46529
6139 3306 496788
2900 488 1611159
1642 1461 725041
8252 2983 325776
7686 3131 2081510
4360 2187 81872
9678 4002 710977
9661 9862 758965
2565 7913 273725
7673 4652 848507
6247 1240 1916054
3177 7073 1774113
3412 8547 149965
5939 7703 2166145
2963 1389 991321
7954 7242 160964
8528 6050 20701
2602 5267 2957810
2116 8459 776976
3832 5187 582691
2262 5414 170775
8135 9052 579206
5621 836 1691327
887 1447 617732
521 7465 2749326
6944 7729 102616
976 4404 4723950
704 8451 79949
7306 9372 818089
8521 2133 323891
1234 867 3403767
5691 5989 319876
5552 1525 947775
8105 71 875447
4028 706 484513
2210 2374 102121
9136 1574 1514296
7226 7926 209895
2244 9543 12197
4127 1951 1478986
7180 8226 3510944
5160 3584 757176
9283 834 751397
2837 1602 1036707
8126 690 1559785
3603 6869 509134
341 9214 1939709
6268 8284 2412281
7581 6296 510352
5982 9697 1398540
4837 1586 830542
2293 7846 229749
3920 8852 328953
4505 4737 16724
1916 5386 1986079
3256 216 1679121
1717 8490 2202438
3407 6614 1841782
2520 9739 153420
571 5093 649948
3394 4849 2701085
