108
5721 317 810342
6163 8458 108231
5711 9851 327480
2623 6201 737180
6212 2512 1744214
39 8701 193056
5766 7908 473552
4304 9124 773461
140 9013 4267494
7076 864 727794
305 139 299332
495 3605 652934
9254 1341 472938
6720 6627 1799868
5867 8664 1558675
6582 7475 2351270
3869 333 658080
6214 276 1682251
5838 4092 566396
6558 843 605978
7529 5727 2241582
8944 7832 274673
653 3779 143175
48 1238 2098214
4847 9945 1268266
685 1290 65852
8829 5437 961919
1174 5143 516118
7097 3479 282520
7689 5115 1007078
5273 4034 408011
3256 1547 890680
2541 6237 9936
1931 7552 1989603
5245 2100 336446
6179 4960 339738
9878 452 644078
1025 4184 812616
3736 4544 246397
5720 5194 1598364
6592 6009 152383
655 8621 210358
2370 9545 1768579
157 2070 895236
4321 8576 273189
1727 7251 51063
3654 977 253817
4864 4829 448431
8289 2767 103611
964 5201 388605
1894 7260 800232
2323 436 31406
7291 5676 412445
8958 4748 944728
4946 6715 877945
9704 8097 922363
4920 183 571701
6701 4272 2200509
9509 9736 1313930
7646 8312 2405463
9148 7305 836726
5483 4847 2739526
5717 867 755895
1550 9296 952060
3884 1417 3369669
4311 5659 364493
4369 4954 220830
7893 2753 2373029
7594 8053 120209
5792 9145 1405174
5000 8275 209971
259 1902 551729
942 6672 100922
2931 3838 726747
4865 2926 203427
5312 9564 605469
6722 2713 1434199
396 7393 610746
3791 1443 130075
5454 3098 416872
1483 4776 1991260
5888 473 45459
2855 9 367263
9177 7202 141299
7870 1724 436771
4874 9634 2960272
440 5138 2668152
9568 3015 83274
3647 9607 599938
690 8625 2504737
9411 607 2471337
4742 2502 1129888
6693 8218 115508
8202 372 97794
2207 9604 3620704
4485 489 1641187
8824 7607 52250
4959 3234 2883013
7957 7077 1535474
4613 4423 32592
3438 496 328244
6417 505 69972
8047 4575 746567
4654 2043 144245
1308 342 292415
6035 3647 68947
9911 4351 1771684
5611 1502 1100200
