108
2711 1446 678712
1452 3900 1606344
9281 4342 2172072
551 150 1793696
1719 9824 333139
3613 5808 461890
7168 9185 465475
3752 1365 1018921
84 8504 161560
3025 7227 1133087
1271 9491 188462
4818 6171 991339
6992 264 31039
5544 695 308570
1202 8106 514204
5650 9506 1381389
2691 1095 273757
4134 6961 930782
623 241 2439841
3451 2336 2505287
5690 8952 176332
6043 9515 1506314
9539 5678 851643
9556 715 1073991
5124 9433 425832
401 5255 719452
7446 2805 1415104
369 4116 779376
2657 569 6067058
9251 376 1577629
7145 2179 1179084
972 8753 181899
1312 1446 3031750
1407 6005 679012
6423 1661 186563
2680 5878 1355187
4657 4333 11971
8199 1259 963411
7916 1727 225131
8921 4458 1338789
5319 2486 682172
371 1040 247854
9783 5102 33777
3323 834 904184
2116 6006 53489
9483 4765 890101
4530 6750 1189541
2422 2106 45877
2562 3695 151069
6672 4856 1186993
3228 9055 1345501
5698 3955 29745
6241 3658 3119670
1468 758 1314756
9957 7143 777955
2585 1490 810807
6667 3158 266103
7737 1159 349448
4725 3427 1161422
262 7732 1985766
3950 6434 1644
3031 5846 665294
6143 3883 1261855
5283 5421 29018
2903 5452 241195
284 3302 615098
1659 2568 907374
9123 135 22863
1061 759 1902668
1409 5238 1647731
3386 5314 679284
4832 5647 1573162
2304 3611 370341
8665 6278 312650
7685 7324 997551
5543 5352 330921
1556 1387 107614
6320 4360 1417230
1218 553 621586
605 9874 1487474
2745 5260 3073529
4945 7507 1161933
225 6150 3076
6254 1638 145689
6299 5424 493265
8681 311 2022664
587 6084 3063890
2173 5997 113304
2997 13 759627
9076 4669 239579
5831 6555 67761
4214 7084 800715
1051 2377 994423
6785 9423 482921
1442 1402 583
9550 4321 99214
1285 9311 755171
180 8816 253264
5461 5096 179732
7718 1032 459385
9372 5053 5888640
4951 9614 572187
5557 4536 269112
4670 3109 1272586
5354 7647 1524137
1341 9962 149698
7793 2450 239373
5135 9304 40665
