128
8918 5211 3217883
4522 6208 491017
4467 7080 1394050
5837 5333 652243
4265 7118 2391995
8260 596 1067105
7082 5624 292641
9190 2644 393943
8662 1774 665421
203 3049 1102677
6734 9695 832720
3275 7221 1077353
232 5851 1442194
6704 2570 160845
5414 6219 53273
9099 2220 428735
2881 5019 1010238
9520 8429 2177122
4072 3961 292873
8748 4548 725293
7377 8112 204580
468 5531 5274894
2573 1704 900748
3264 15 419048
5145 6744 227857
1826 5374 548599
749 9696 53921
8374 8226 408378
1490 5200 762523
1403 217 273216
700 5649 657636
3275 909 264774
4749 6267 464124
8032 8908 185030
3604 3032 538883
293 3294 475266
551 1692 104322
6839 456 434433
4418 2518 238981
9059 915 630160
4371 6189 665713
5809 8591 569551
9973 2583 794199
5766 8226 798494
5209 8933 246929
8418 6596 161410
9776 5643 888334
3850 2490 62607
5731 2212 1535186
6606 5555 681152
2059 3803 795516
410 8347 374161
9487 8246 2526766
5347 8224 20108
8294 5981 830312
4141 7028 1265237
8845 6178 1167474
3621 6855 93965
1733 6531 1206343
8167 2575 556862
5601 403 606087
9518 6587 398774
6514 4512 372542
5869 7821 806118
2514 5972 502260
4527 3295 2879486
602 9478 370061
7742 9482 1848920
6311 8252 922143
8206 4338 38645
3871 9900 1507
1680 1575 58965
7976 5020 1095845
6858 9669 385864
218 5556 330474
524 7182 364962
435 4717 640721
3606 4122 359609
7462 2274 701417
1089 5423 852146
1210 6770 185154
7061 7931 396297
9053 8251 398443
8061 2212 1753204
513 9263 4170888
9749 1253 211870
6521 9854 1407178
3516 291 1704306
788 3380 100008
7476 7555 668661
4863 7520 2299509
6825 6974 215477
1129 9661 541767
6724 4583 757457
5439 901 395503
2400 3063 332749
5415 8682 1128772
8812 328 220182
5431 9698 367835
9917 4776 655866
4221 695 610120
4810 8510 1779472
766 6114 1058780
6461 9083 92489
9027 3306 189298
4750 185 4484573
8344 8052 2319
6563 3897 325330
9917 7097 1367190
3726 5397 768875
4418 9580 212423
238 9932 624655
4750 6951 211191
7303 7560 1543442
3524 3311 142187
1812 7067 295598
4018 4132 82897
9575 8347 8785
6203 4082 202302
8843 4554 280871
952 9543 40948
244 4575 923810
8642 6127 1618011
5911 927 192721
4318 6747 449153
8493 7833 1776006
4673 6320 719192
2404 1990 372377
