69
6382 5440 2214268
1198 7800 4047067
5239 2470 492368
9454 2315 439372
4496 3877 4553353
2162 7315 2159299
5746 9527 2843881
9965 3185 254221
8637 2553 2664102
975 2840 1727151
5357 4209 392606
6121 4342 2830724
2450 2306 304585
8040 5605 170859
2780 263 954728
623 990 70656
4842 3859 1195981
5648 1971 1498597
6126 21 2297625
7408 3807 369065
9606 9125 696106
9871 3656 750802
815 4061 1370620
8164 9169 1460587
2614 5501 2688404
415 7086 1572296
5610 9717 2673655
6529 5666 1325667
416 4500 342317
6355 8743 648556
3216 3395 5201447
1406 4341 1744426
8946 1292 899357
5709 9682 3091953
426 245 1343092
751 8449 1601747
6967 8447 1661329
5395 9914 3795351
9154 2791 335867
525 5874 65131
5531 3684 2494491
7837 9310 2777971
8497 2053 842966
2897 8935 229710
2633 2981 590467
7933 3956 1833824
9801 5917 1322301
6003 6113 1317438
3516 3222 860168
6850 1218 440721
224 3686 3388896
192 3278 946184
6783 4187 2206655
1461 7871 997457
3603 7026 206314
5885 7967 347475
3765 4570 326726
8054 3323 2097021
1086 2937 567583
9589 2062 1302788
8172 6998 2042895
2986 2508 902058
6018 2500 632957
4234 6915 1106494
6698 2066 921652
2244 3751 1745216
9760 1925 542422
9863 7535 813173
2075 2185 1446759
