69
5620 4479 1260325
3584 2556 468328
5664 7748 78990
6045 7075 812556
2524 7246 180641
9105 2493 1825528
9523 3402 395220
2789 7188 993877
1840 9807 304284
4720 7406 57646
727 2122 352598
6555 9697 400685
7729 9758 2793028
561 550 3015846
1708 3489 3840981
1466 8947 3599263
3960 9455 456732
1088 633 859187
8636 5600 332983
3199 2976 2082455
7335 1157 932548
4538 1928 45043
3705 6145 1959736
2646 2091 1637021
8822 5875 72934
9692 1186 1750796
9292 3382 205566
7681 4123 648347
1442 5656 2409817
5938 3043 1332248
2664 6250 625014
1854 5009 2485365
6371 5858 976258
7951 3677 2294590
229 3317 926809
2688 8503 2716120
3877 6618 1613799
4733 1905 4080984
5991 8045 1953634
2812 5490 516313
6072 6370 1201017
9931 406 2365846
6543 8845 5721000
3806 384 330241
1145 6400 2097324
2470 5953 3711804
6601 8331 1078419
5219 8991 329622
6511 9673 160287
4176 1567 706498
1186 7292 513963
4985 8871 1173588
8212 6839 6937797
6894 9896 1460322
8995 1058 127658
4185 4115 425016
6603 5714 2846859
2111 7919 3455010
3526 8200 10698
2304 4165 1839657
6831 5080 3243135
1504 9436 235498
3536 1567 113816
8071 4098 321769
3317 6007 512011
3572 5115 3216928
3756 2801 865845
4291 6930 820756
20 9666 883521
