69
6066 447 1563581
9754 6628 50665
5353 8339 3537021
8061 8390 272067
2791 5842 1853029
2686 5283 2238638
3542 6426 24192
2136 7887 284872
1706 5787 142231
8168 3995 1351020
4925 1925 756774
5612 7674 709511
1036 3626 674471
8115 5528 1675926
5224 5644 1423093
8661 4335 1790407
1459 9230 5637576
6155 1612 2234193
7680 9510 678126
3557 9110 1564997
576 623 2325625
7213 7504 92107
7408 9537 3369309
4916 4751 3543130
5891 6313 2558623
7432 7800 2433588
2793 7256 795230
3983 5436 230282
4573 2471 5410118
1677 8196 1757068
1309 7558 209660
5331 2617 1333763
4968 7928 2279811
6376 2797 585120
8760 3859 265262
98 6499 1015327
6544 7684 1004847
7614 2098 24958
7197 4150 1373951
2644 5760 1421949
1283 1959 509035
808 5143 123312
3619 7754 1178820
5119 6145 2582332
830 3479 428904
3929 3233 796337
9332 3573 3214994
417 4689 291898
5047 8629 5015706
9540 2324 499986
523 3839 1009781
8377 3601 3387337
6121 802 404187
4672 5360 987683
710 6311 3845934
6506 877 493893
3429 4627 1415223
8435 9555 448282
7424 9198 792712
4164 8985 1328335
901 629 385515
7818 6849 109982
1302 9118 1298874
2176 1428 1393920
2004 5085 705207
7821 9909 2993377
5534 1826 3271794
5161 8666 47944
970 5426 546578
