204
604 5410 340912
9815 29 40368
4366 6424 1304105
6862 9287 168262
9315 6659 428459
5976 1097 186930
4098 4969 413231
209 4132 421534
6809 704 186703
8828 4884 7143
4402 9894 328138
5012 5114 29122
3741 3697 455510
4704 5079 416858
7999 6362 674699
2972 1679 712100
2668 7981 276593
1023 2817 809208
168 8948 21966
4541 7361 560118
2432 7970 285465
2036 1204 104542
1601 2690 245958
246 1525 142829
8353 3058 1048941
1519 4372 1853432
660 8096 15187
7328 2897 72083
1868 5169 6581
150 231 705583
4075 9359 274282
1406 9099 809
8959 7877 165842
865 6422 358400
8858 6996 932418
5491 5408 281234
2344 9763 1367625
6572 2039 2587454
319 6891 456408
9059 9656 125889
2511 3133 1128087
2027 514 15596
8896 7422 431444
1670 5536 1090761
6470 6753 755168
7170 2612 134995
2416 7878 192857
7425 3366 122121
9508 2167 586784
6387 1373 401598
4567 7973 41677
5141 1643 63829
5613 7669 361546
3654 1919 67450
7262 8692 603281
4699 9451 869437
2565 133 135037
5409 4363 36791
2384 3625 95722
565 147 120979
9571 4032 1474767
1175 9842 448135
3860 8956 24869
8181 865 560449
1554 1170 594456
285 6630 515371
3881 405 1645740
7011 9857 1106366
5069 7662 387458
452 450 354216
3005 9482 69794
1914 3448 545281
8497 8787 825260
5967 7749 745670
4390 3289 818341
8388 8346 1923542
7461 9343 1037740
5449 6848 396619
5977 6075 78534
6254 2746 619281
92 4062 1666997
7486 495 800038
842 7815 643194
1935 1691 141500
7494 9049 8681
7628 830 770617
8923 1160 764518
487 8076 850112
6368 2458 863724
1679 4454 1352807
6626 1306 233968
7825 7536 199653
87 9775 663196
585 1352 714378
2601 1715 374116
3441 5722 382361
6163 8385 35336
2872 8656 145074
2808 4868 259418
6579 2169 272788
3154 4084 22957
1067 8169 91240
3081 3521 25179
6212 3632 182754
6370 9526 342785
2665 8674 401287
904 2839 340618
1702 4890 424259
3186 7385 317944
7852 3153 467456
982 1234 394848
3346 2040 1707941
7783 7461 19558
9841 1935 94706
3825 1339 127161
947 5272 23090
4131 8936 759292
298 1334 418822
1960 9992 59613
5872 7062 236746
1457 5850 461940
5066 6088 104927
2661 4165 337248
5336 2640 81525
6268 5145 20865
8937 6728 468625
2069 3603 704726
8577 9776 735454
3222 120 535723
5613 3732 58342
8751 9304 387190
5759 3243 17932
9522 3331 3804
2372 8341 164337
4577 2152 601362
1928 7782 105237
8636 4880 1153386
5289 2825 866866
3906 5601 522866
179 4009 243642
5791 1258 394232
2600 5513 229808
9304 8223 2383579
3322 4922 88711
3234 6565 593234
1358 490 1190080
6717 4131 424719
8159 3520 1632346
6571 300 345664
9285 7485 446576
6318 7675 469451
3596 7154 529028
2815 3519 163392
3611 2221 999934
5337 2040 625725
4445 3801 271733
5606 9263 941910
8997 6878 727702
1485 1037 745524
1956 6765 969457
4632 9879 325266
6047 1757 304904
1171 5636 721072
2154 9462 387232
6342 2696 738
9269 3353 397484
9370 1301 43889
5868 1676 896951
1933 44 184301
7426 5973 240658
6416 1976 588177
7108 3556 18738
8959 1714 425204
2386 3021 225377
2769 3456 157169
7429 8594 687615
8015 1812 14425
1132 1112 1223782
9314 5425 82189
3510 2468 376370
7493 3396 939924
3091 4644 355647
2847 9674 759340
8560 7356 19666
6401 7067 176297
8170 9747 1054608
7079 9537 202326
7787 2576 117106
5316 8841 237774
8976 5097 3597
9149 8155 644583
8110 5734 558704
5561 8810 322247
9252 2419 67194
7123 8829 510755
4880 1905 133666
3148 5690 89618
1287 8141 21085
8285 6530 324553
4216 6883 806411
973 2440 951755
2505 7001 3247582
4168 502 669722
5548 5945 894795
