204
5427 4515 272585
8527 7055 2229295
8778 20 13478
5227 2694 1119791
5151 6888 40248
8228 9653 299016
698 6180 325864
226 1309 194078
5872 358 80291
1825 7796 1110771
6573 3948 229652
8392 5886 760904
872 5188 376041
117 674 129024
1786 2194 77443
4906 4406 1167173
8138 4000 498184
8399 1100 199352
7858 3707 36139
823 943 381186
9148 6964 344031
3569 9003 1691837
8084 2279 1032441
6573 5334 153430
9316 1766 630381
2319 8914 578400
680 8163 1084631
3290 8289 23127
6545 8678 112779
1568 3483 2267803
9498 5736 1435636
9638 2405 1307111
6547 5670 812401
5424 6350 1106509
9468 2879 129741
3764 6872 575901
5169 1198 274111
5219 7983 545885
3313 7017 281699
644 5627 385990
7599 6396 259096
7681 4884 549730
8488 4536 182585
9998 9667 1455608
8731 6891 639738
2691 9871 651930
9104 966 49782
8699 3376 563398
692 9965 654220
506 3480 81197
783 2102 223464
622 5274 384015
1632 729 1067544
1871 2569 1009853
7184 3975 882511
9065 1402 522483
5495 2772 396664
719 136 23701
4601 9252 347992
4253 5510 759592
3322 6270 458375
5092 6140 47570
3195 1511 196464
4135 7379 5893
177 1536 3385
282 8066 139244
4450 1317 213921
719 102 115745
2156 1356 1184622
2149 8010 291784
6510 3462 99696
6263 1331 1853670
3377 4653 465437
2345 7868 574015
9705 1183 689559
2199 2966 297151
921 9665 622944
3530 2715 1251242
3091 1545 438557
7538 953 642471
2443 2094 579143
2305 478 1149460
1068 2877 253945
2568 3387 287321
1481 3381 34005
1078 7726 189822
7236 1634 204666
1479 3207 1324201
3288 2042 240724
5684 2819 705248
5154 5213 111348
8602 5244 202911
3323 5926 157181
4005 2550 1073590
2033 2581 796786
3594 1489 95874
2422 7491 211502
813 6713 96917
2939 6113 859059
7291 6823 323735
7630 144 50748
5810 7432 379673
6359 3202 49294
1492 4761 28983
2682 3228 177478
5436 3963 298139
2686 8291 336214
8621 5938 36807
2014 7138 756357
9319 2271 312357
9444 612 13190
8669 977 97326
6296 6504 731667
2082 2426 1003530
5004 6614 828418
8072 4612 534569
6242 5672 637706
6489 7576 1340574
2811 7603 12979
4371 8344 716867
2676 5214 368157
9612 626 901501
1962 6529 492719
688 3502 159069
9963 3907 178931
5300 6294 1446452
524 929 387460
6038 5697 162377
407 9253 268662
195 5243 480354
5185 7657 31725
6859 7504 381572
9848 8620 75001
5688 5296 695814
3861 8123 1256631
990 6005 184894
4475 8095 282793
1029 139 210830
2395 5696 488845
5461 771 219207
3406 9216 25491
5511 5123 738922
2903 1961 262352
9415 9739 280982
7837 4542 258657
5769 1122 218718
328 6196 993928
6650 4826 347436
8357 5712 785587
1462 640 1172151
8884 9074 279882
1965 340 28964
8997 4172 676225
4004 1134 819808
3049 4357 225608
8960 1691 284805
1799 5721 100834
764 3644 26728
7804 4180 262656
9095 3485 1001799
5359 3790 135270
7717 7315 629315
1895 3117 561126
3182 8978 80589
125 4171 895527
7752 355 611257
4268 4225 667024
4791 3460 711382
3863 1239 137957
6563 1717 363150
2551 8475 1065729
1061 9764 637262
4380 576 163481
1472 6782 97348
4195 2542 534383
362 4428 139973
285 9813 46600
7321 2204 684617
2195 8129 28335
2520 4191 527172
5347 3081 31969
4269 9136 381663
7137 4109 576573
3250 5599 622582
9543 1871 722226
5260 8070 746408
7616 7758 879238
4438 8869 836106
5310 2071 213190
1850 9070 261173
8680 6156 63017
9483 5154 72095
7080 5259 610754
9755 8578 97926
6194 628 324590
3743 2895 212169
6869 7369 986186
4270 3198 180210
1389 4977 787779
3803 6393 175856
6278 9697 47963
4111 8579 854417
6690 6548 655459
630 4127 1626906
