204
7857 2902 34377
833 4469 152261
3441 4795 369807
9000 2132 104264
8015 9431 82390
4081 3518 544545
5412 1093 256122
1871 1791 493560
3943 2897 192091
816 1133 366275
1155 4726 1006797
5704 3751 141729
675 6574 1012372
3991 9184 508085
8467 3490 43598
9002 9557 1115942
2411 2983 299081
2919 2692 7357
1472 784 27081
1337 8625 297025
5589 2480 599799
4699 4966 192916
9851 1923 81471
9347 4119 572040
9573 1863 1086174
5205 9858 31305
650 8160 179766
5900 1849 864379
1043 4587 98542
796 8276 961177
2482 9381 1223886
5120 5719 397271
1059 7982 1266034
7386 7911 5863
2511 673 198678
4304 6362 289176
6524 6666 845277
6081 683 799190
7871 1951 131118
5144 7282 574038
3975 5453 297914
4412 8160 230660
3610 8167 231959
3319 9817 257024
4361 5446 61305
6447 6211 61301
8686 4250 451154
8013 753 521793
1712 2387 172456
2566 5286 11621
1128 3533 355993
3492 9650 503934
5482 3966 727682
795 5376 1631198
510 4814 1005692
6690 5213 1200663
9775 7595 53902
6866 580 139758
3890 9401 33513
1446 1823 199092
3471 6261 977528
8024 117 145683
3197 4961 54558
7429 2155 360810
3181 1724 511914
1209 8428 298472
2994 5499 640803
2384 1191 686935
6771 1293 286096
9398 8666 770865
6379 3198 548837
5967 5123 57874
1774 2821 145898
1040 8620 58023
7903 8640 120378
2029 7086 280565
6694 5782 589452
7078 8335 86947
3424 3765 12108
634 1670 872086
2202 5010 810130
4976 9611 526576
3022 5862 139031
5475 2413 372288
1973 4292 234273
9507 2708 1420447
9576 5663 288490
4113 7118 1562847
6632 3260 616733
719 3366 361974
9418 3897 366238
3548 5613 47085
9292 3001 626279
3012 1433 946597
1289 8859 710225
2984 4050 340511
4739 4174 70393
3297 9155 707372
4990 6266 204860
1394 8271 207406
8216 1863 1335721
3144 4534 2756807
6869 2424 264847
4650 7598 729174
809 6619 62045
5431 5791 123688
2272 5199 730719
6582 901 40287
9609 2738 402984
3675 2521 201329
7219 768 17290
1147 1876 516502
9051 4946 418156
2238 5827 291281
5585 90 196805
5413 2844 247674
5039 2721 679591
910 7121 1453198
1687 7928 1867508
8567 3445 331355
7001 2234 648200
4276 2579 368598
7391 6236 730214
3511 6689 517423
9225 9903 118872
3854 6355 989353
2781 3443 493486
2725 7881 514550
7383 482 256656
3722 3079 1872313
3214 1059 740912
3207 276 464496
7198 5424 43527
4359 1454 185568
4994 3434 70025
1805 4765 867348
2510 3380 36915
5742 1491 132718
6484 3165 1123655
1210 9071 50726
6013 5147 708753
8926 9995 97046
2746 8323 671092
4315 8077 81362
6326 369 1719874
1852 5803 669488
1645 5280 383548
9280 708 77340
6039 8244 453454
217 1334 495267
4018 683 290869
867 3743 31091
1415 5302 360041
7727 2358 10929
4977 7496 1020184
6289 9995 182856
790 6351 462319
9215 9110 1126364
6907 8483 127734
2315 9811 166467
1497 4551 568266
5933 2311 242713
4635 902 228701
3858 8603 487791
1834 2749 76351
6939 4152 26153
1662 7524 1093374
5511 2663 39960
1998 2648 1364891
2764 4982 778336
2097 7236 655059
4913 2102 543335
7646 9786 618401
9423 3196 273652
5637 6836 19749
7724 1255 1784034
127 4355 392712
7619 3976 581480
7834 6620 1881369
6953 7145 261360
2483 9173 817968
2174 8094 347626
3780 8553 538849
1983 3808 598258
7412 9590 52382
1196 9137 837058
705 1999 515525
5074 8782 1470516
1231 3288 29823
7579 4948 1447940
9565 4223 92580
8541 2119 128452
9257 7811 932833
3770 5522 31277
5829 5480 1202242
4614 5149 826654
4999 8043 76609
9388 2005 94532
7386 1171 462051
3044 671 771696
9999 5447 504276
2222 8300 227759
2061 3085 270306
2323 4794 109447
