156
8752 6475 615997
3810 800 665377
3590 7277 148358
5990 6997 240332
4623 7248 211335
1870 633 907472
4677 2533 144522
3284 5439 616504
9646 541 663442
4711 2236 368345
844 3479 810191
7512 994 232151
5638 3079 93601
3682 5690 188156
4770 4889 529091
4108 9047 999980
1722 4667 162638
3459 3785 482358
955 8393 530850
6996 7793 283232
2240 4571 455459
4209 9265 3081085
9483 2564 76948
7915 9630 724874
3058 4311 919908
7381 4406 1263558
706 8444 69425
3969 2169 1548170
1786 471 410655
725 1489 1136773
5048 144 80158
8939 513 290866
7361 7796 772768
4978 7687 527076
1483 3139 303884
3343 1546 1607310
446 4443 1054379
8363 2859 236941
4342 1816 126326
4538 9008 1239500
8634 2853 53035
1354 482 154685
6985 8501 508163
8428 7607 1517115
4329 1497 810190
8301 9279 81840
3461 8932 906364
1585 6317 518210
6747 1108 790618
9507 5696 415480
3096 4598 684372
1527 6558 1244421
8383 6665 190391
6486 658 1495520
8640 1973 71460
5017 2083 223834
1442 3610 637525
5948 8820 871574
8912 7098 158566
2488 4058 343069
485 4865 478588
411 289 1242547
762 4458 116188
9687 5056 382268
133 2507 915793
2914 9215 1731443
3223 5953 357534
1817 9464 395302
2831 948 1196413
2392 768 117741
9938 615 1761957
8640 4821 1998847
8901 3439 9163
9442 4328 1016559
2781 7229 1581210
6792 3622 708995
9929 7053 198787
3701 7540 1038766
3810 6376 461454
4651 6715 707745
1453 6534 513457
7911 7416 409475
4081 6387 844906
1336 1369 404768
8672 4722 3650210
9423 1622 41563
6823 8906 9266
334 5892 793088
8906 7026 246999
6832 6938 50505
8968 2612 805600
7137 9692 346172
1812 2285 74196
3083 7395 921196
17 1986 291756
6046 4276 484264
7860 2344 373407
685 6130 1126664
1391 5699 112627
1893 3390 116014
4638 4575 428610
6203 6359 1188580
1181 1112 321379
382 6657 359816
9734 3818 1467618
8047 9160 1060605
9607 1413 836208
824 6283 325836
3798 7038 300779
1895 7699 3002952
337 3725 532744
7573 7468 92296
39 1879 432143
6558 1430 441091
8297 5862 1012463
1145 4475 19657
4435 4853 621280
520 3174 174825
2645 8860 1119282
1041 9085 632380
641 7096 110092
9979 9416 1137952
2882 5099 1613683
5071 7904 55264
7155 1482 895134
2396 9876 1405141
7223 415 791419
7620 8642 711498
7513 9014 75793
1812 8068 849131
6070 3039 161006
7158 1662 1189011
7283 968 485418
3879 1832 344452
1432 228 112040
9942 5727 1820408
4086 2397 1153009
1288 1005 644087
9670 2322 190811
2647 2196 609048
9347 6738 396452
1446 5892 161463
7120 2587 66383
2209 4540 111858
3631 8794 718711
4087 3757 237587
4444 8574 406720
4067 6600 224236
3203 1738 186504
6739 9704 78955
5186 6619 683158
9738 8646 903758
2331 7780 915315
901 5604 750447
4842 1455 50781
4716 1004 852871
