156
7369 2954 3763
329 8700 244101
981 5127 213633
283 5594 2539274
492 9542 481096
6187 3897 987672
3248 1128 1171370
4315 9978 1632242
7796 4371 166253
3262 5148 472208
2882 7457 1779942
6577 1997 411092
2308 1728 485716
1527 9731 234662
302 9362 5339
7135 9795 117862
7888 515 450033
3592 3314 921956
4011 2164 11082
4560 2987 47307
8615 7988 1208392
5181 9492 289877
9592 9854 107748
6130 981 2008468
7559 2259 300087
8180 1348 314183
4679 7799 1090345
7532 1250 2006295
9293 1264 778920
4169 4312 422287
7263 585 550152
1182 7579 635712
2389 2414 144359
8478 2924 813165
1729 3856 73621
5618 742 116149
265 2311 104672
287 7889 231738
5863 5370 636484
3741 2048 499891
3566 6803 106860
9644 270 726876
8613 990 2187160
231 9574 893547
4020 7091 70168
5338 3687 58101
5069 2307 37751
1028 2449 594275
6266 4904 824532
8384 1902 44171
7368 7384 154490
2086 1834 360830
9408 8072 179987
3075 5960 19946
8965 4847 137231
6802 251 1428029
745 7473 16153
9799 4134 228676
2907 3756 106762
2874 4107 474773
5170 9001 2644156
7012 6937 882153
8015 3708 341500
4700 2864 2001888
3901 4013 206153
1537 5367 259669
7921 8130 768061
6374 7062 242792
1038 4047 671537
3093 1508 743328
3557 4996 1080941
4128 7691 54177
5502 4283 65458
29 5292 179591
7029 5317 1999698
533 1253 457493
7295 1365 624840
1456 9433 393594
3266 5315 682743
1218 9585 894354
2810 5272 345202
7237 7596 291869
5568 5664 514424
2755 1929 129684
2281 5523 275874
2887 4681 675604
8467 196 61644
6041 6203 194845
5068 4871 95875
1194 501 303143
6142 2699 177473
9104 1467 296913
5460 2441 135687
7475 212 1056139
3317 7530 412110
491 5307 771202
4938 8069 43666
5234 7791 346328
5863 5556 92654
2465 8011 870492
4406 3622 893448
5971 9572 323583
9014 6737 111539
6441 4099 444153
8020 2047 92418
2659 1958 1325843
6948 9172 275665
4085 9772 2312199
7178 4854 850971
7075 291 544295
8991 8340 302254
9210 3602 847583
1813 8085 730922
835 5963 143872
912 7883 42939
3310 1292 233279
3832 4479 2689352
7125 362 1740494
5419 395 766108
555 67 2447604
1014 1494 761269
8360 282 2761673
3660 1106 4915
9367 5178 1284438
4763 4763 1345210
6357 9816 1395271
1492 669 244926
5037 1973 359619
6411 6432 408518
5905 7693 1236553
6960 4517 415268
145 1455 2275897
8877 5028 404951
6758 245 549515
943 3913 247261
830 3531 1344267
858 1112 72119
9874 1316 988292
9046 6082 832229
3381 4343 1057571
2765 467 1236156
5896 5349 586556
2550 2218 434999
2580 6576 238656
2640 94 1051951
3950 1633 1682083
4368 926 243399
7985 9921 370630
9277 7438 269544
9297 6502 703855
8405 8609 256779
4462 1298 1181422
6651 7907 386506
788 943 19925
2441 5047 312994
2258 3613 271842
