156
8125 4848 145820
4239 975 885522
342 214 1609584
4582 8325 59472
5850 1833 157660
6180 4513 318720
9058 4585 202663
3449 9097 110733
1336 7795 870020
8270 8551 717196
5245 6317 183801
2561 3053 933878
6159 4913 334551
8360 646 389424
2586 199 556689
1464 5067 254257
9315 5839 429818
2283 2440 1265281
5142 5276 631487
2363 380 386598
9900 2611 652803
5649 1351 277238
9936 2091 180150
7039 4321 370009
5825 234 466389
4552 1666 496594
8832 2731 1154493
2233 7185 987806
8766 6586 95571
5444 4857 1638843
8541 3950 121052
418 67 1029795
9273 8588 282294
5275 1610 12065
8401 104 450617
8093 92 312501
6710 115 759124
5068 3671 692769
9597 8649 38333
1761 5867 431619
9380 4904 766101
8741 9461 564302
2182 7204 194295
9417 8019 191635
8883 1466 932484
8350 3002 84683
31 3331 67955
4492 9687 32991
6365 5250 1498753
3626 1442 78956
7452 9038 718709
739 9307 126807
2473 829 23525
3174 8938 220664
6192 6567 183021
7887 7282 346969
8702 303 2134960
1299 4880 305996
8237 9671 847597
4193 2723 393399
6456 8101 512920
9002 5921 84973
2658 9432 179142
245 1242 103782
2887 8420 1668134
3291 8964 2021667
6294 3436 383526
9491 6193 243344
1097 3140 733940
5315 6510 792172
8495 9922 824748
2285 1252 111956
7693 7115 909939
8482 4426 209810
1953 7560 16017
9683 5872 1965990
129 6112 417137
2114 340 468944
1572 4132 1358647
178 327 448328
537 8523 250811
4151 2904 1985239
3053 127 1124271
7023 3263 330445
3961 4922 138591
7458 519 1086686
7633 487 458726
7222 8591 1369522
9617 5916 268157
5820 3508 2523318
5520 3304 43933
2248 4856 81579
9275 6034 1385245
5907 3022 541785
1162 4847 23067
1963 6681 12269
3954 5784 28139
8324 1865 2407974
3620 59 684019
4907 743 3378706
6609 8650 464407
1079 8418 435794
4909 9395 190245
4198 4128 593966
9113 7620 112203
5297 7569 114881
8237 7976 565979
4789 2441 488502
2805 8504 788716
727 4893 52286
9399 6781 1055995
8217 2418 453441
161 9301 186697
1030 2203 161768
6328 7088 2056491
1910 1482 141949
3709 745 293733
7764 2699 1217834
9620 1501 2568225
8316 4606 447911
7276 5957 272551
5504 9948 48445
5468 598 822809
4036 9046 2398370
1385 9253 339161
8442 1900 527264
2325 7986 897679
9281 3371 317121
9869 3912 2043397
3752 2470 2014014
5935 175 1056231
6733 819 369510
1448 2506 633813
6056 8444 536491
7618 2627 1253945
6939 3539 1499097
5098 7261 259081
2852 3421 565719
9864 3562 1071202
7373 602 326767
1769 9101 55719
2784 3091 1669237
5584 6847 145309
7417 8158 173957
363 5223 361554
1387 2144 672240
3403 1461 335394
7773 5324 531331
4866 249 721771
691 3367 667263
6547 4486 194310
7804 5616 17033
3052 5915 805488
4256 187 974779
6049 1851 598862
3525 4842 247424
