156
2464 8142 798257
4991 5433 423609
9018 2849 321971
5526 5309 1980314
8195 6487 287094
6123 2116 1211614
9262 2592 928167
4610 606 580251
4199 6027 268325
8197 1361 406354
8558 4608 485699
5862 7130 44574
283 321 176624
5631 1190 13690
1112 4720 791768
5935 3483 380444
7340 9047 190279
8013 8939 225605
3664 8042 478892
6662 4294 437531
5961 8389 207421
7520 6299 1040609
8023 1894 1167661
3116 8253 169169
8786 4448 329653
7802 895 201060
4410 641 303304
6057 636 10916
1090 9222 176985
3162 6124 1203781
9988 8520 174977
6718 5878 2446674
81 2588 391450
8703 3526 794312
8589 7291 632847
9043 6068 106879
7795 6952 357869
7461 4851 1056
9859 2741 682468
8678 4317 1000004
2396 2517 423730
4790 562 3142070
4635 8343 315646
3104 7298 854774
7534 4466 190718
8217 2608 1637819
9328 5906 487036
2702 7590 268480
5898 4843 74308
9597 6757 2907111
3548 6528 184971
4023 2158 1317065
6421 2419 880703
5369 2041 74654
6701 3887 619554
5578 4541 1100498
3101 8615 1652310
1280 6511 1805954
3969 400 58212
7454 6763 1163894
5302 6383 80229
4092 9811 616116
8760 5869 695446
5256 4594 793638
4090 2952 80472
2024 1825 144739
3696 301 193452
6420 9849 774038
7338 7401 550081
3439 9401 824769
1210 3554 363988
2517 570 25834
8353 3510 79272
1069 6206 118455
2839 6092 877079
1379 4181 495783
3610 5362 365577
1068 3162 266328
8618 5853 20835
650 2365 211241
1515 4581 386488
8457 5578 146607
2747 3944 997659
7572 2025 77981
470 5194 544962
4305 9394 311343
7464 9712 150369
4034 9733 84517
6333 5822 320621
5827 2506 842493
9430 2169 535925
7128 8526 420486
743 2868 1025937
4804 1162 278578
1225 9127 2319870
9200 4663 1101872
1006 4624 1657100
4349 1314 92003
7784 6977 345892
746 945 3296960
2837 5190 579473
5505 5979 662158
169 5411 563516
3999 7676 168111
9416 8422 1488970
6067 4581 104530
9626 1231 820208
8101 8055 512671
8241 9622 527286
7850 5893 366985
4185 48 638555
1400 4731 984962
7614 8714 843335
4582 8483 315642
555 3391 395821
2507 2312 278117
8938 3199 382979
4834 166 33940
5416 3913 357713
5927 1584 294376
7378 2356 451305
9048 4385 1341159
2578 9532 2334868
5550 4325 1578831
9923 4649 310756
2383 2490 2452708
4916 6516 39896
6455 6622 354195
8296 700 1865548
4251 2677 326403
5723 1340 43869
8501 9209 468360
7812 6554 1360303
9425 6454 210039
484 5746 3463
4925 2802 1641692
8663 3214 1180238
6940 4088 67190
8016 3961 1758163
3685 7851 657336
2334 7576 852134
9991 5788 32304
4355 7898 701113
5570 8316 1261699
6536 1231 7490
4189 2625 1046904
2102 3415 1719966
3677 3472 493409
6826 6794 55298
1924 8327 319202
2619 527 8137
8119 9121 379217
1519 9565 409910
4823 5025 274027
9538 9299 85539
5693 2120 83282
