156
4275 8495 373288
2286 8010 347777
9340 6831 518143
860 408 241560
8368 2994 2229510
3650 6122 885820
8414 7627 163171
695 6101 262003
912 9559 1091
5695 3738 495415
168 5114 1093143
7662 6750 642193
426 1343 1036459
6368 986 580996
2572 849 56903
9942 4298 238592
3112 4333 277987
4563 1444 1154095
7929 2170 2023699
5600 9588 271973
7032 5926 959114
8874 3257 935768
7555 9985 680927
617 1961 337514
3334 3749 1420667
9777 2705 700078
5494 992 181902
1177 2357 260598
6489 3387 1554549
1499 4876 793878
986 1654 252337
6936 3245 355591
6140 4309 1806142
7436 4163 487898
9787 396 11499
3059 4180 81070
3247 2366 215421
4377 365 465394
575 2596 999305
6675 2441 288336
3894 4453 1085533
8052 3126 2421384
3485 1162 1097024
9428 2866 852532
5398 2412 231940
8870 6939 335358
3102 3140 1446965
2642 1154 658888
5358 3024 1017569
396 4299 430418
2284 5257 1531954
1860 1969 869469
3192 1419 341548
4286 3856 2426860
8443 4749 4702
6982 7436 1430798
2720 4132 39596
3746 4588 56104
7273 8582 1032845
7946 1126 860658
7823 2354 385985
6604 2920 68256
9144 8959 16059
9317 612 491954
4347 7686 311096
9983 4706 298090
5785 5127 291155
3149 5384 1121102
7088 5077 941681
2172 4574 190737
1667 5035 874065
97 4787 62582
9115 3745 172611
1064 4170 332164
3160 3011 115544
8258 1722 951023
4732 5099 47221
7221 6191 726271
6318 3908 449663
745 9033 678968
8829 5733 277197
1800 3079 1470549
6850 3752 238570
3518 4377 172144
1702 8537 1150550
2711 6954 192620
6075 9616 642962
4175 8940 641624
3644 4908 816753
3442 9872 455185
6597 6477 900926
3751 7966 102263
9018 2039 495084
1414 3308 971496
3082 863 4207888
830 7813 1308567
3297 4847 16884
9316 3505 196801
3647 9669 91683
6412 4760 440026
6147 2480 1156151
9581 4493 138348
6266 9167 536094
5694 4233 110053
1224 4479 126565
4513 6771 855433
872 1697 100050
4444 509 1908931
569 7901 66566
854 4215 269751
4478 5768 746028
2507 4691 107732
9357 2315 655081
4680 3783 1899402
6435 3128 1250650
4083 2936 507504
7141 1244 898911
7287 6336 1428188
1812 1515 759826
2276 1877 401713
6753 7295 231755
1527 9118 27586
7324 5167 57973
7713 3853 122696
3699 4061 283125
3616 1484 115810
8843 4039 406227
2546 6996 613709
742 1732 155763
3473 8243 353800
4518 3960 6585
4422 9081 155412
502 5675 744748
7416 9491 959291
5460 9202 98003
6308 7717 1074382
5130 4898 130492
1980 4110 72337
3218 1837 444034
9527 9870 650678
5948 8495 1259923
4459 3521 76109
2254 353 168634
9550 8274 1305930
7595 8948 22903
3558 2741 2976306
3138 4371 263836
6232 8238 62065
3378 7768 518311
4399 6569 9221
5655 3286 20883
1232 6548 1366996
5362 2144 271243
9187 6287 422429
8537 4861 1903813
8272 9808 1554065
