156
1373 359 530707
5120 3640 379983
580 2633 1187558
7699 6725 317541
1412 5408 1603923
3836 9221 1255703
7874 4870 415175
2060 9304 1596171
7040 1537 653245
546 5210 888485
6535 4145 206929
5174 9178 278582
3237 7824 364434
3333 8353 1881751
4446 4814 658375
182 8309 16104
5052 1911 2673247
2037 918 349319
5468 5764 927771
2867 8441 662511
4267 270 1206518
9103 9857 366048
5070 2069 30180
9724 2664 966077
3761 7433 322925
4178 6864 302782
2547 350 36096
890 6594 155735
2717 2984 104940
5112 9998 1328044
6210 9228 333094
3596 1179 1405951
628 5772 45505
789 7917 412154
2457 1674 938167
8852 106 305659
772 2078 629068
7533 7820 519643
411 4871 15203
1922 1330 146140
7644 4814 305196
4217 3993 733958
303 6729 101304
9467 8700 622793
7695 7621 381541
5962 5699 264060
1179 9885 26293
2388 252 386253
4037 8095 347559
3720 4155 85970
7234 1577 124913
4494 1633 528010
4794 5640 2418873
6354 2906 60774
4579 9010 653580
9722 3165 271921
2568 4082 1271208
4892 4535 68193
2748 7259 312534
8124 6683 86744
7654 7668 2055183
1444 9821 417855
535 4430 221858
1660 6903 1410173
7709 4623 305373
9158 2501 227
5078 5653 433190
7230 7549 40705
3924 1545 942425
6382 4573 355582
1515 1724 943415
8368 9262 1608344
2512 8989 1283994
1984 9977 224472
5210 9216 1379814
1610 5061 96378
5229 1808 1816689
4347 770 41869
6086 5023 1177084
5232 8842 399855
9525 185 177870
2512 6516 1441313
4884 2796 270151
9468 3759 1174386
4732 3052 2659925
7024 4149 629904
2637 5069 23170
6040 7166 828811
2600 1997 71479
1446 9200 539170
3028 199 15058
4513 5954 21224
302 1812 227052
9702 5542 119890
5468 3785 1518261
4438 6832 335031
1969 3768 80018
4084 8796 109430
3617 940 238678
3984 1706 1173859
8092 8255 449314
4705 521 31268
1654 5302 400350
8860 9150 86720
2006 2771 714576
5624 7615 181140
2463 1870 2068945
5627 4754 12816
3837 5227 868172
9493 3553 307954
8256 5857 466907
6442 9141 524228
9936 1405 237099
3569 496 51874
5447 7915 1909666
1384 5783 246604
3880 7720 125525
9603 6005 614320
4495 1246 211781
1074 6648 1604595
3851 3514 1754910
6108 434 413055
3852 4987 246765
5083 7892 718944
2943 5623 102450
3959 664 1603786
5422 19 1830179
9912 3636 322970
5868 7160 639063
2703 9088 282043
8608 7845 649745
5784 7112 44448
1860 706 896368
7304 5886 206303
3446 5040 942640
3155 459 226925
9453 8026 1052973
9704 2283 1814167
8668 1965 1032873
4534 2350 335192
7398 2005 616750
5001 1781 764196
1971 4705 620669
9727 6028 1280483
9328 4560 360360
8331 1773 466215
8854 5219 391254
8041 9193 265675
5957 2489 2105952
2590 5914 47739
6456 1869 940621
6760 4179 503802
806 1358 600137
4951 5693 1800130
361 2955 277676
1174 6552 450403
