147
4513 464 781699
2435 9706 403403
6678 8088 677911
8300 2285 105449
1616 8652 267961
2732 7016 152968
4326 1134 434640
6865 539 194148
5047 3827 2313503
3699 3403 330807
4530 1697 618357
9157 2157 569995
6560 6961 10155
8350 3079 327426
3539 6598 826397
2587 2833 511482
8681 4739 1885427
8653 9118 1181821
630 4786 88781
6306 6944 796393
2435 3220 1365489
1626 9813 501769
8769 946 1343889
7173 9462 1058095
5898 1431 141691
6917 190 415514
9495 5666 1941341
1632 5205 2954478
6993 7909 868257
2589 6616 123478
2348 1563 15644
9037 6993 1117801
1375 290 1671131
2891 1832 337125
9571 3161 261032
5094 9129 223192
3418 4529 679528
2758 5299 66426
9405 1340 177443
3074 3570 1008509
5392 2682 924669
8523 5708 46467
587 6368 1029250
406 8554 1693077
8860 2104 2831187
9649 8460 382139
7272 5521 551060
9252 489 1197263
8968 1905 819723
5606 9332 547414
8733 4751 462928
8210 7843 2394027
7917 7793 253253
9150 9909 39395
2684 9658 414416
5231 3703 465209
4106 3976 355124
6190 270 656760
6210 849 1227320
359 8245 60287
1117 2135 637611
4546 1596 614047
8143 1353 164859
142 9357 215428
9905 309 310563
8778 7994 2113995
4529 2999 2481751
5861 5839 348046
7029 8142 324955
6064 9595 495120
3782 7022 337931
5357 4023 648154
7725 6192 2259403
5764 193 46160
326 3211 404907
3326 2170 297423
7720 5749 611094
2725 1091 218436
381 8456 319046
1049 1562 635003
9628 961 330562
8271 1286 681627
366 5636 2414958
5071 4562 618446
8734 329 658541
328 2310 742727
5248 1257 208944
251 9530 243218
567 4564 1339085
3754 8812 1059445
4422 6293 348079
574 2308 245516
868 9369 774357
1246 6241 21296
2051 5509 108328
7467 6813 1456740
2125 7440 100675
2049 5315 1805735
8180 8405 360307
6936 8537 55662
2835 5584 348147
3988 5829 2244959
4369 9158 269196
1720 2587 389108
6537 1554 1003671
1764 3016 804119
9390 9809 1054714
33 9352 650186
5469 6940 175926
287 1233 920506
8970 2389 219687
1123 9039 96529
7353 2422 1476843
922 7146 377045
8783 4565 213131
1866 4141 339340
5481 2435 428315
1584 2560 329130
6389 3893 96078
3413 5453 1354378
3147 2902 911377
5589 1944 788852
9807 6231 828538
7923 6565 658540
3122 4944 648776
9944 7970 250255
2294 9703 610124
1511 954 381770
3570 6144 333985
2050 3934 312290
3295 2686 334019
6694 7802 896348
3048 6586 1009010
8966 1583 34231
621 6913 2542985
5273 1912 99543
4022 4580 820003
6809 7037 1042360
3309 1393 519008
228 128 176504
586 7048 62864
4398 6920 201315
8643 9558 165075
5615 1392 783713
5749 109 10615
5040 5432 211387
257 7097 415802
