147
5762 8627 90255
6209 657 160034
8461 7640 64899
4037 6399 313147
940 7275 222816
1761 4502 323653
5844 4273 155737
9180 7577 732340
1759 2218 922978
7621 8757 815987
1610 7189 778935
489 7116 1919233
6500 4554 3680726
6439 2961 627469
4640 8341 1042929
4264 9205 94693
4974 5390 623471
1210 1623 268788
5834 3933 125138
7097 2147 778603
1482 5877 583861
279 2994 409255
2295 5330 827777
5749 5107 1051206
1421 7277 647258
9347 6960 117620
1714 7895 81841
9642 6769 73838
803 6478 389993
2991 5815 375077
9748 9190 17831
8261 2271 1103610
501 3811 2351175
5590 1502 381753
726 4275 600004
5994 9678 166869
6667 2296 318749
3206 5975 182606
3127 7142 171809
1225 4161 261123
4384 759 431436
9291 1747 387729
6449 7563 879326
7140 8185 1201441
2071 6268 1752472
6263 6724 114404
2116 9087 352454
4976 5376 328365
7537 9994 518207
2716 3076 1089927
5033 4293 36047
8063 1964 2527468
2654 6884 191498
1280 8184 968665
5243 1778 792556
3380 6943 516382
9990 9213 509641
7702 1504 60877
7659 4764 591369
5500 6430 993363
2429 7876 1826323
6866 2999 1090474
1356 8949 948918
6678 2077 439196
9687 723 910800
4510 5421 1115598
2384 7109 396102
7465 6778 259036
9187 5309 205344
1276 5301 2380876
7591 8578 119416
7837 4682 532041
8165 8806 1407654
4014 421 610986
1710 749 1291039
7768 847 597589
9444 3960 70974
5696 1119 238601
2001 9627 715065
5921 2358 410548
3919 6050 71360
8400 6551 128989
8390 6354 247474
7267 2018 1778969
5819 5413 860077
1481 9356 510708
2836 6565 769502
3117 6772 313304
7017 3156 976474
9846 235 32983
7337 3831 2035974
6277 3419 628120
5483 8124 99475
6323 4699 1016872
8669 4318 417222
1981 3978 66677
3271 9182 1082035
7360 6460 2260969
6346 6046 1922648
9473 7396 1658108
4857 8931 244797
2640 7281 896936
4184 7143 556998
4668 5877 86428
6559 8185 702246
7684 5567 352657
7433 7348 251195
1299 6961 325780
6704 8961 476143
9559 9470 850937
1559 3125 464278
8252 3019 154445
3473 5020 176287
9873 9561 128359
7614 4739 540939
4306 1276 1858953
8539 9933 202459
8113 3873 48632
4843 4398 624688
374 1234 1345620
904 7765 204293
7843 1070 1328967
7870 5239 13564
8685 8489 292749
8323 576 380549
2690 4008 535879
717 7198 2065337
2464 5676 2319271
7424 1728 1186147
7051 3045 57230
4770 7462 304855
7533 9857 3752523
9009 1221 186972
2303 2614 146726
252 5621 187842
7888 6162 6191
8436 5062 371570
3212 3188 961919
9445 3033 609658
9603 2306 1060951
772 6954 891478
7288 1539 281447
7847 8666 605921
6034 9126 207872
4992 8877 405659
6552 4179 493028
1549 4436 309392
