137
5014 3614 2133169
935 7228 1609222
3088 3017 925025
311 1781 1274976
4787 467 888398
9670 9845 235164
9216 6449 2123023
2029 1708 581993
1343 4413 501249
3635 1483 418227
7354 6047 104261
1776 7565 234732
2254 2025 1347979
791 7007 1132056
2306 1955 617902
2934 6863 167810
1970 9339 755231
378 9526 1175496
3974 3074 433420
5388 9350 1305549
2904 582 698262
1723 4195 698247
9863 304 1034531
883 4129 712351
5941 7179 525161
4698 1491 787401
934 392 3947911
670 9076 349681
8871 2552 207831
539 67 104212
4577 9754 1336777
6312 1927 71036
2907 2257 352674
7511 7267 117490
8315 7910 186573
8305 1816 887173
5156 2120 370205
2364 9435 810173
2915 2692 164350
7339 1079 1280415
649 9364 926468
9365 6993 2142684
5549 8257 1417429
3036 316 472840
7343 915 198006
3892 2483 135445
7089 3697 171906
7153 4854 720375
5799 53 1455904
1634 7781 6440
7065 340 2688444
3275 7640 44885
9092 1148 971066
6094 9828 209643
563 7828 490013
5956 9611 286360
257 5572 967374
8701 5309 202321
4883 184 613286
3967 648 518477
9722 9832 1186832
485 4548 1418
3022 7856 87274
4139 4325 1474427
9326 7069 946816
1206 927 233048
8860 8738 14784
3126 7064 39581
196 4560 2448072
7848 4896 212030
687 2352 328319
6842 7033 266485
6494 9378 2227121
2164 6102 929922
7174 3630 1410760
1951 4882 726445
8097 2585 3315549
4801 3318 1060725
4194 7109 1374155
6719 5589 235440
9078 3597 1297530
2729 2608 591313
4259 7797 603231
4531 9276 641996
6602 8124 1075698
2080 8932 871435
970 2943 1587350
8972 6424 34529
8871 5138 853455
5251 354 473132
7549 1322 269057
5698 9067 754741
8855 9020 555756
9462 4702 666682
1289 622 1374814
9260 9551 14857
6451 4079 1618335
2676 3088 483773
2414 2997 167431
5543 2473 843513
5925 648 312181
6252 5516 862360
135 563 508297
5168 9160 1082303
2501 5174 157436
8900 5859 188404
4510 9005 1018685
9391 1959 231517
43 6060 289632
358 753 679710
3066 6903 12611
7279 9349 1239961
7819 8181 819825
5699 1769 286802
7172 6987 494725
865 6236 443701
8216 8098 443658
7826 695 144555
9253 53 393671
4150 1686 915461
8429 9334 100766
410 2669 367178
8612 4242 527483
5002 4140 25795
8402 3466 1327851
5176 2069 127800
9715 1730 31150
3224 2498 138675
8153 4996 73656
2975 2777 234604
7512 2708 1111467
1687 214 889497
4633 1484 1399046
784 55 150646
6198 7043 1362528
645 3460 546640
7572 6864 515190
