137
1700 9958 735699
7018 5061 462151
5488 1815 1007911
9045 5150 978384
8048 34 200483
2961 3328 22456
917 9672 733633
5226 389 220293
7083 8665 5006133
5367 8986 51239
129 4888 315989
4443 9267 301402
7613 4723 209702
4962 3191 256943
567 7672 674235
4811 9396 186726
9435 2768 454141
5645 7241 1111204
4240 6560 245470
1064 9477 201329
2073 7408 459935
7775 3031 2081154
1189 6571 982595
6932 3320 1140333
1894 6060 439460
5891 3199 294232
3853 6826 657012
3499 2284 159839
2041 475 263919
8377 6607 908844
7242 3820 445744
6331 5408 20227
5345 9620 36030
4378 743 167082
9486 5541 506066
797 55 2056353
9180 9376 833101
615 6611 711715
7979 4840 4183828
7532 5759 1080737
9406 1520 3466091
780 1971 38559
7725 6334 1033281
8769 4900 1885125
9171 4621 13543
1512 5669 1299775
5991 7998 25913
1046 8962 792163
965 4653 411728
3641 712 18616
6269 9902 1029217
8875 7262 915674
2410 4181 2077760
7790 6918 149145
6047 5412 516600
430 8201 180027
9855 2560 800129
8680 1410 12565
3165 9481 1444055
2719 7444 1465471
598 2001 1067639
9152 906 1083846
5881 3413 1560361
4866 8142 184181
9457 8489 1365948
7025 4273 425689
4342 3760 32070
7452 9895 1403814
9638 8768 72984
1811 1076 203978
1248 7616 235651
9117 4734 241732
7736 2138 840101
5762 1323 450551
3111 2556 1307703
3650 2652 475984
7251 3440 591644
9231 3883 820341
9992 8311 389824
9857 8781 2153889
5192 7670 326848
697 6254 106153
4789 6874 139355
4760 373 1779781
3945 9332 581940
1800 87 101354
8984 5507 467372
4515 7740 561526
6395 7284 1070073
9101 5308 560728
4425 8460 475062
8701 7924 2016785
5641 2969 1212832
9345 2740 957113
1351 6020 2197613
6074 4577 61379
4021 8564 708889
7302 592 129859
350 2155 553263
7333 4486 45334
752 1702 501427
9982 7782 1528099
4505 2923 207352
3666 7631 731716
670 5327 2147977
8682 1111 497781
1634 3590 764715
6555 6732 275970
947 9305 317748
7571 3532 662850
8956 7187 289019
175 8758 1189143
5880 1524 460010
5124 7781 21985
2275 1272 171854
5562 9877 51667
450 741 31874
9797 2537 1216608
8526 2537 1102956
6516 8908 479046
9826 8459 161984
1787 1162 124708
2883 365 1197372
7899 333 44191
4859 4136 421071
3691 8061 1356539
2050 52 157526
7564 8747 733680
3350 6244 663748
1188 8180 407158
3723 3713 702988
6067 3607 723199
3585 4699 294171
4624 1057 447106
7962 7842 602910
3988 5650 1591505
7660 3580 379992
