137
9548 4866 525968
6124 367 422666
8371 7247 55655
2629 2263 177706
5127 9245 417985
3169 6034 1409398
7009 4496 311021
3994 6178 293243
689 9624 72993
7799 6682 277905
9155 2809 848117
1544 3217 1608090
5068 2752 182897
8941 1211 563879
7806 9193 102305
6154 2604 520404
6811 2370 1934682
5177 8696 335649
659 234 477836
8000 3450 609874
3489 335 34744
3395 2483 256717
1236 1591 54410
3758 503 2923685
5287 7740 25430
1971 6152 202792
6797 3273 418780
3021 3772 63176
6945 4720 2180309
6961 9130 402924
6656 5666 1513688
6879 4239 1227973
2512 7764 30927
3549 4414 1101936
7137 509 80313
5246 4872 1910435
7661 8228 179086
2423 8496 195014
8366 9345 1176309
9763 9920 70673
1994 3387 90965
9562 2321 1362318
2197 1569 823206
4626 9850 1029740
7673 8444 260969
3833 3347 821731
3162 5647 1659730
3750 8695 1106983
2417 8488 770350
2253 329 351749
517 3942 353918
370 8418 69518
560 7666 139109
4701 4769 1147344
2861 7057 324805
3068 6371 68997
2032 3958 1022277
9594 5177 1044914
1819 9752 733562
5657 4696 1080258
5736 6234 209902
6324 2409 185885
4242 296 202797
378 347 2060849
5814 2131 227031
7120 4728 194233
7823 5945 365184
1224 933 1522973
1270 21 43437
7067 3277 3061164
5200 1776 244469
3921 4533 693613
9687 1789 92361
7590 5274 912030
3669 143 331760
1221 7495 426832
8509 8838 320643
3177 2944 382015
3034 5879 3948172
8076 873 338466
1315 5575 280121
4242 4604 123659
8234 7137 237023
5071 7218 126882
7895 6824 51359
1298 1845 1261784
2130 4223 281622
8061 7975 574203
2864 1739 229027
1085 9571 553844
4272 4615 1942238
9971 8430 302423
8019 2798 131132
5593 9861 278001
9362 9443 240049
6232 826 28898
1647 3845 311382
7799 7555 2193450
3231 9507 500668
8904 1031 1143461
5695 4620 1118563
144 8416 652013
9739 5116 3642912
1517 8582 2145053
2805 5766 135546
3681 5660 433210
8103 4297 443384
5441 9432 77292
4627 2048 12023
8684 7929 112425
3108 6238 986784
8809 9116 1019397
8194 7933 1874146
9396 7534 1952529
7857 1650 160604
7212 5942 454792
8944 4946 182456
1856 321 100821
4392 3809 2189265
1297 6478 734574
282 2524 1753592
7854 4930 2726318
4039 8694 1680854
4533 2293 100531
2142 1567 310633
9372 4900 911029
7755 3511 638925
5218 1608 1171451
2082 5684 537857
9819 7377 464074
9004 9782 138608
8078 565 425288
1937 4988 1049687
1484 2159 704431
8472 2248 2177164
9684 9500 607283
4007 5768 159407
