137
3599 3833 1029694
4962 6243 1061949
7652 9933 384738
4379 9090 230891
1462 6061 285809
2077 4668 398990
1378 3621 500916
8511 1085 514749
309 9225 1046238
4967 1786 363519
336 6407 922935
1689 3083 109995
5402 6654 1071768
1838 5527 1498150
4244 9276 668669
5057 9023 3300565
754 2554 1005898
3055 776 105401
8021 3808 2952550
9044 3097 948638
8240 2377 544359
1147 6131 220597
529 9004 1925181
1847 3805 262801
1784 2586 234599
9182 5370 952224
1076 9429 1195570
3028 7677 723370
1012 2987 390276
1863 6307 302375
2355 5876 965893
4813 9127 369216
4770 3483 742994
6134 7988 25524
6159 6889 143020
596 3274 1273403
1139 5362 1066559
8574 244 857185
1374 2562 1056868
789 9181 654070
3880 8840 1013475
3778 3163 387907
2057 3122 345513
1164 2881 508200
9113 8638 280608
3933 4721 1966084
7215 8636 1057927
904 9436 965653
2385 4924 546690
3672 4701 1376735
3507 7999 307424
8859 713 432324
9647 6342 196305
2782 4789 721502
4391 2256 172478
26 4663 1324249
7535 8765 2631523
236 8765 282633
831 9695 1060263
3588 6087 70028
861 6118 160131
5770 7010 201267
1717 6335 665263
784 197 304447
3549 6848 565037
159 4642 230326
2613 187 9495
1946 6256 41781
1818 9054 2288348
6465 7643 1509420
8698 5375 170682
7733 8527 158936
8868 4944 527936
3559 8943 626023
3443 5799 101123
9443 1908 98301
9207 3690 81137
334 3485 38607
3025 9959 1838638
2872 963 199232
8525 9873 295531
3657 4595 463957
1960 2531 723489
7893 3290 51474
5117 6346 209813
139 9101 1245124
3536 8714 1398351
1521 5284 330799
6751 4664 27538
3134 7530 1389512
8831 4747 73086
229 4366 66775
6978 5088 593897
4390 9832 3381345
7511 2470 370255
7946 2055 800989
8296 2838 413121
1314 5569 1736368
3978 2341 51286
3188 664 527053
789 435 70589
2332 8445 57643
8184 3050 1088202
2885 3360 1914137
1833 5021 259956
7917 9210 1564789
980 8914 534229
1448 7330 517809
4754 4695 269801
9916 6093 1478642
3477 3667 1765130
1065 8544 520847
3558 312 463562
1684 8487 16134
2358 4097 1210190
162 6132 1556629
610 6518 497990
1456 2626 8863
4194 8045 92636
2011 8031 2151082
8613 1572 167610
5421 5751 1495770
1496 8683 49761
130 9535 807540
3529 8002 516021
2761 5385 718281
8454 9410 2758
4668 622 2543749
8098 8547 365755
9729 7908 821727
5351 6822 359924
9097 7050 347019
3545 7253 437145
9310 2341 470885
8489 9987 638937
5230 262 610331
3994 1277 1686367
