83
6321 2445 24005
7718 2567 50800
9699 2349 1066424
846 5260 227418
2263 6359 68618
6115 9628 486985
8267 2705 707825
1580 6593 130128
2787 5659 2339418
3374 8734 139402
7446 5842 521379
625 7139 1566268
5498 2999 220459
5176 312 1620944
9762 9900 1097736
3461 555 4191170
3366 3406 4381732
9827 4639 1339738
2021 2127 1002915
9321 5556 1089908
6271 7615 332426
1992 7242 2037484
1897 1601 2536135
2818 231 585722
1919 4173 1487112
5200 6811 1067610
6815 5973 1179600
5567 9571 3506946
2342 3985 351111
9996 8468 830138
4991 6393 69029
7493 2329 608183
818 6647 2055841
1479 5113 4082625
4761 1125 3430520
2233 5484 911252
2536 5613 1735501
8354 2673 207685
565 5801 966732
4046 1041 542541
621 2433 520658
6730 6691 534710
4015 217 2886050
8894 5282 589219
9496 9012 434345
6988 3011 708343
6260 3616 1256476
4971 2799 319495
1728 4892 1539648
1364 4346 762590
7442 7746 549104
2821 6434 221720
9446 188 1961796
160 4075 1937895
8314 2050 438989
6976 5229 878526
821 105 4571648
513 5357 1205553
3770 7911 2062977
5389 8007 858345
6775 2906 864087
6432 8107 1470848
7626 4893 1618459
6794 7835 161830
8956 2258 159207
6518 2183 1321079
3804 7282 819848
3347 8630 915325
2658 4422 226319
1398 9267 1129821
1404 9598 101829
9108 1822 226886
7731 2855 1808923
2056 1485 57608
233 580 2003946
2140 8832 174017
1115 8117 1530056
2216 8149 538114
7275 7735 1407806
418 4320 1518084
9272 7752 4426638
2999 1906 1064442
1975 1265 1419276
