83
452 3941 3157287
4672 1475 569649
8275 4110 545865
8984 5191 343799
6776 6746 2835150
5907 3407 1448674
6262 2306 1581223
7305 4441 225169
1188 9628 4128536
54 1144 2116451
1684 4704 236779
6050 6637 365400
3153 1157 48132
6553 6188 1209489
7512 2231 1666269
8320 9316 2086341
9156 9221 575191
4829 8799 1415099
7366 4457 2149446
5386 4 2385517
9741 8351 324373
8205 2553 3649374
1515 5730 720312
6442 2709 47473
7025 6014 67777
8869 8164 66490
6086 8794 2721711
9063 9522 34440
4561 1073 2652533
6395 8721 3647311
8692 6367 428140
9792 2043 1136308
7761 5280 5454055
7997 5579 1270721
3688 9260 897688
5748 6451 696361
3204 523 1574746
7379 9850 786937
5309 4525 139937
6045 5883 149950
2311 3317 359500
3920 7900 912963
4718 9303 2622957
8761 5560 113983
6369 9159 109232
6782 1460 804215
8403 3475 1700608
206 7862 3033028
2142 8848 168364
3533 846 1130065
6520 8930 90417
998 8865 862993
4092 3990 1630214
322 7593 63235
1530 1000 1281892
2606 173 1220932
2152 7690 1175084
8902 9063 1030571
6066 2132 475635
8726 2603 1095224
5817 4060 194288
4994 7870 52803
2816 3403 226899
5048 8906 298571
1370 3599 1009422
6819 9975 2296968
5558 4636 3201526
1909 4394 69673
788 9355 459419
9435 9199 852504
308 7630 231001
4521 3297 1315055
5921 8680 1012163
1901 2281 4195231
2975 336 1510835
8310 5455 288392
456 1491 412927
4424 8851 74261
8802 2758 1435368
2851 4418 1557851
2451 7368 53583
8375 460 2762767
9440 4911 1051278
