68
5395 6188 1124703
4660 8735 1072245
9687 5864 283909
9907 309 24596
906 21 490697
8372 1114 2314162
7170 7536 3448899
3874 9799 101539
6058 8358 2618335
8708 4670 9781267
6817 2036 364885
9383 971 1015252
8428 5641 4683028
7433 518 1007363
6107 5078 1250842
6601 3511 569951
270 1290 1760650
9248 4967 141451
9715 8533 2820384
6136 3419 17924
2411 582 2799949
1291 1760 1783854
7215 9380 2165371
8093 3112 51954
2779 9900 2300389
6840 5585 525666
8584 833 1390622
4002 6243 683761
6733 3691 1320799
4296 9351 3458138
2221 556 258292
146 7835 580259
2765 7416 30225
5160 7805 1528639
6064 7421 561362
8155 2769 1161453
5000 7040 188746
4155 5489 169345
7045 7011 680608
6509 9156 1471815
1779 5428 1717842
2208 8916 1493540
8152 7175 117065
7800 9029 1025396
1433 1062 74053
4666 1226 2321105
5678 8295 3494637
4500 1379 79607
9715 8458 945906
5958 5511 2908645
2748 8760 1884129
3530 4287 2896757
8705 4039 623893
5951 6884 1076944
3750 3069 256703
2652 2223 24632
2689 4709 2447732
5221 6287 513662
7539 7039 1034979
9583 8354 3295171
9936 673 689718
8396 4615 1150348
2603 2743 5491317
4876 6191 1336712
5106 7956 95285
8699 4579 3120159
2448 2506 204463
5369 1649 1676271
