179
1686 6568 1481763
874 3824 157815
3673 9922 127458
5266 8813 328929
9250 7130 1545772
7904 5446 53313
7995 2193 62397
4565 2513 1659628
237 2694 315709
6383 1967 1105891
7489 5256 21444
4423 3381 537223
9218 4989 461686
8441 918 808596
1172 1462 423768
8083 207 295990
2141 1236 414436
4331 5720 134664
8247 8481 279715
5634 320 196439
639 363 33663
2312 1961 947839
8510 585 265495
1955 5325 2675656
9788 1833 156292
290 7837 1225217
3854 1404 1317774
3646 6401 272334
2667 2188 388281
7823 834 437360
5326 414 457706
5887 9955 209241
4042 6567 625980
4883 2421 570479
5317 2047 293928
2489 5556 1499261
6946 1671 475594
6828 7204 796633
8907 5835 579988
1266 3108 246648
8304 6631 1456454
2472 1596 23473
9587 457 1070291
1866 2019 509345
8323 2007 51341
402 7463 1305122
4274 4685 1197746
2387 7597 112669
8982 4489 81317
7766 1770 328577
3433 6927 1322832
585 7942 55474
582 2363 1811622
9790 7063 16570
4910 7189 624063
6523 4110 1073305
1265 6209 443655
2246 4036 1139499
1055 6303 99546
850 9483 1020015
5577 2047 11513
5985 7077 425680
9426 2106 485699
6749 8491 87826
4539 3817 83569
7984 97 125930
3517 2757 177038
7003 6794 2561574
3350 3012 81893
4239 4506 717610
2743 6822 1353097
1184 4330 57791
6780 5632 33366
1755 4005 720945
619 8438 1024957
4693 3715 354863
8588 4561 48652
8986 8346 379891
5175 5301 124062
3932 5867 802119
9865 9220 671333
7287 6795 396127
1993 2795 466425
5597 8073 199030
8613 8154 215181
6053 2902 248353
8012 356 283429
7494 9674 106048
7421 7723 772914
3772 7656 823374
6079 4798 272488
8480 588 116055
4817 2255 2990504
8373 5454 342538
2921 2308 609529
7473 4418 805589
4646 7098 76104
1719 5045 317535
3141 7447 505941
3753 7113 135207
2184 7694 183456
6796 2412 292525
3764 2436 248633
9559 33 442068
2470 4681 521055
3339 4157 24983
7812 1134 1785182
338 7637 110510
5644 9539 98583
2008 2074 493943
7382 7864 1050796
5792 3786 1029500
7505 5425 2848
6492 8548 320136
6365 2113 670991
6017 1432 2135
4198 4183 451916
7125 4337 946252
3997 1022 1358768
4999 3787 409528
7671 7792 48379
9852 7239 519781
7873 4425 76338
8582 4700 312874
3765 2465 143293
82 1068 228345
4806 8462 385250
7026 6282 87227
2418 4188 484569
6273 7916 392532
2794 2229 280637
2435 9181 774798
981 6903 200503
1049 1954 317537
8967 3260 741275
6162 3748 547240
2742 4510 780149
2015 8446 300310
4198 3013 172945
8665 6211 674975
1536 612 204192
9852 4345 1598251
4020 3643 1375044
3944 75 891340
556 6634 1686396
7254 8262 94519
423 2552 588100
8477 8570 440456
3667 6515 28220
1002 2471 235610
9313 5117 77950
978 843 2919622
1612 556 40867
6594 7966 143151
5571 1175 603525
259 8486 1587280
6631 2170 85888
2631 65 1466265
6011 9557 208960
8377 2499 872593
4243 1930 419634
1855 42 453453
6488 1909 731287
9531 6124 243718
9578 7824 937464
1376 8126 898035
8730 6710 1470121
492 1060 1341035
9355 1748 278772
3037 3591 162676
2929 474 52980
7902 5771 11965
5256 4820 358187
3397 8445 633123
4590 6871 653287
7163 1978 360161
6113 18 61547
12 6165 118568
7177 4554 110293
