118
9941 6348 258666
7555 7527 3004377
2584 5398 386876
8350 4208 3076677
1843 1507 13086
502 9742 599602
8397 4117 457464
2393 9637 4433905
5984 7888 48589
1589 4385 1929283
929 5084 547286
8827 5082 531964
5466 9409 424439
7903 4793 1370589
5676 4576 1989594
8069 7535 465525
2489 5128 743191
6146 3490 39644
9586 463 757595
848 1087 250950
437 5631 649727
2790 5667 509414
6618 1710 2000226
5002 7818 96510
6385 4844 530250
1061 6844 395404
5576 208 29212
3757 1642 1129886
4672 9292 2141110
297 39 1056710
4696 6860 336513
8127 3155 1590312
9641 4084 267686
2499 2378 516025
5993 368 296531
4821 1272 934917
8032 105 1991886
5836 2344 58036
4259 9349 72424
8401 8061 1199726
9459 5138 40660
7179 186 1825942
252 4384 200709
4848 1075 167768
146 4129 1330022
4918 8117 340198
5252 4444 368751
3947 3820 767844
4026 9543 157252
7652 3493 1867678
6239 6895 235488
2128 4875 983610
2859 2370 175943
8902 1771 200655
8570 3651 208277
6928 4569 372626
7405 2407 402997
1592 5626 38733
854 2896 811749
7905 4700 198164
4616 7400 933269
337 9906 2500163
2191 2699 2185426
8097 525 959321
8914 2945 251137
1547 6952 234688
9262 9894 279041
2396 556 106449
1364 5553 315849
2536 8063 1055029
6082 8229 665851
9712 5256 371309
8346 3498 233398
1450 9473 260701
8251 7466 1251628
1998 5892 1198051
8049 9977 670267
9901 4761 383563
2807 304 201950
3015 4782 2735784
8463 8921 253905
8945 802 524949
3371 2234 308878
5738 4287 1071196
1846 4969 169642
1513 2050 323348
1599 2024 181984
6203 2449 859656
402 1552 113002
4293 5552 7165
3469 3994 1314448
4286 2715 1031045
5243 2671 69873
7394 7656 3103517
654 1471 2074311
4406 4179 105373
3157 2321 2471186
2609 2033 888412
5808 7844 157529
6945 1925 11600
1581 2552 661838
9905 3058 1139881
9830 285 304344
5667 8795 1979996
3876 6788 28788
8925 6011 1719806
7499 7910 3290966
5965 3393 1850415
3807 1951 1149803
7025 8053 2124397
2775 5289 744101
6654 4762 828786
5020 6774 948274
144 710 87477
1354 9614 1035215
1770 9566 1183020
1749 1560 331408
8040 8741 930719
