118
2955 6040 2704121
9197 3577 466260
8469 9447 577704
7100 4636 1160199
7567 8612 886524
2533 9077 325361
1269 3542 4111611
4985 4777 40308
3712 8947 1264475
7700 6719 309522
278 6176 928552
3331 1897 491771
4405 7304 627597
169 322 1329138
542 3968 305938
7878 707 683869
7384 2571 131689
403 6460 469328
5891 3903 464744
8327 2451 181619
451 403 165199
3284 9319 1437757
4218 5284 25233
162 4353 1478093
1122 2203 355196
1685 7778 477319
7589 1555 2207313
6657 774 238517
1113 3747 440193
6550 152 656310
8934 8370 1665738
2905 1146 730847
1689 4813 1027763
924 578 1227886
1715 2705 1011640
5715 9901 58360
4793 261 200850
805 4829 417019
4503 1554 2362149
6777 7058 1181117
3976 5267 436272
5447 7006 1074578
5688 536 548161
3979 3729 931861
5735 1354 691600
7543 9464 1323162
1559 7594 343340
9438 9661 128825
1408 3601 104749
8232 4307 304257
9901 9969 831909
4793 8544 271438
7861 9147 1776858
7279 9705 373726
2580 1868 437427
561 5445 585485
716 9309 2886678
397 6185 899132
8658 8325 1413748
7220 5230 340115
1383 3278 739562
3208 315 38273
3114 6525 701371
6305 6097 386291
1174 954 1095329
4684 9270 1968371
4210 7667 678686
2942 7351 1812625
5102 6202 1637383
6576 5172 2351801
1866 1127 9619
8629 5933 525849
6342 2518 382232
4733 980 170263
2094 9867 924342
7807 9006 299551
8307 7924 593738
2773 5512 1396370
8766 2316 205600
7365 7656 3095293
9334 9588 308291
4713 8859 1073401
7068 7774 2764185
4587 2713 2753878
2947 8733 1662831
4869 2020 373044
2166 392 76901
697 8887 2193780
4166 7671 550530
8559 5351 774706
7458 2302 1511289
8584 3592 1419269
322 4937 75423
2086 9757 355912
7975 3822 312924
292 9967 434543
1387 7715 204553
7599 5784 760883
1503 1503 277236
1453 1100 1349359
5860 592 377859
8272 6630 189174
4630 1048 78393
14 4872 13344
9292 1173 9863
7437 4742 117277
3899 1885 275761
9926 4082 615770
5048 6510 482742
7240 272 507132
8033 3714 1067270
7592 4853 949313
927 2741 129150
338 7107 908227
8999 3957 2773979
5605 5599 178108
1746 3542 943797
9019 9308 1609204
