115
9684 9468 249086
9288 291 608726
4963 4761 1011690
7211 9602 114935
5494 2301 211776
8002 9587 1092285
5274 5210 1550583
5645 6486 4111437
2693 7084 823177
3191 8680 1830847
6551 9139 561815
9927 6707 692772
8821 8627 118152
5100 2956 1121233
3347 8398 234719
3894 9317 240081
7112 7893 600461
8192 1544 741067
90 4577 387927
2528 449 1484984
2348 2562 1652893
1900 3183 552308
4626 2705 122993
3781 2124 2407334
6350 5562 1428671
5854 6652 491465
7199 9033 337715
2848 3250 72202
7068 7867 449672
3063 9400 1810157
9747 8957 1360938
564 1012 120753
6663 624 781900
165 916 439321
805 2782 350003
3654 220 114261
4512 5124 3039019
555 4711 28161
4243 2099 355398
4723 2688 364715
6874 8748 592840
7916 8357 1125701
840 725 611417
5514 887 111222
9854 7677 844390
4323 9471 684942
7233 1269 606022
5283 7715 1421880
279 9416 577195
7460 3280 368136
5332 6377 2016815
6959 392 1036357
7279 8874 840783
8865 1515 2681087
6524 7802 282708
5770 4634 1206479
161 34 927594
2411 8737 102155
9483 7331 748213
5567 9609 8279
2873 9352 472284
6029 2579 35376
6912 2712 104976
3566 3528 924033
2884 7884 451000
1306 1037 2756028
4110 5747 142269
6194 7440 24274
537 2397 3098869
3491 8764 1780872
192 2864 517365
7489 9976 1661162
6690 5004 2686199
2186 8618 743402
1038 2039 135132
255 9220 696508
120 938 21901
775 1568 1790834
6579 3336 28957
5117 2413 805364
7088 7327 772293
4247 3749 373681
4177 1536 2739820
2834 9728 299394
8494 4493 3297630
1002 7383 391319
9087 4489 542825
4739 966 690883
2633 2504 362979
7667 143 740174
2148 8212 2525
6356 483 926977
8904 5129 900222
3680 6485 757298
8932 9094 2610360
626 7251 918046
2315 4390 201579
2787 2886 3442699
7869 3293 119507
2977 6697 1380524
9994 3008 26438
3667 8199 252587
7676 1009 794046
3948 7556 172681
6051 9844 1282633
9288 7143 1094233
2197 3295 306032
169 2508 53789
366 3797 457693
7555 9535 715992
4962 8666 658664
7688 9257 462459
8828 4088 791500
2447 7861 142921
8868 973 1578945
