153
3811 4596 1384181
9215 3682 197434
6206 8828 1066833
9995 9923 1341337
2695 1489 302458
3178 7020 123765
7961 6483 58784
9924 6764 179169
4204 9736 581917
9802 3519 460514
2423 337 60383
4763 9823 165870
9582 7314 78474
5273 3218 89432
5824 7763 1172590
7553 4669 178237
3118 3181 1730581
2766 436 1775934
3913 3097 55339
4446 7744 668241
7976 5833 108087
8484 2476 1642474
4666 8687 27172
3295 4523 344700
5070 1558 671615
8014 1797 391827
5788 5205 2253964
7922 3955 138303
1700 5216 1141614
4690 4265 2473739
6004 8612 259274
3316 2660 378534
107 1078 12540
6087 949 616006
7242 2855 321927
1405 3943 958892
6406 4629 583257
2144 6104 486544
3964 1831 85940
185 1599 275731
9079 7762 1545807
8654 7151 899135
2821 9769 756959
2038 8088 13442
8968 3792 354435
3698 446 310066
1753 7545 1516066
6731 1001 538981
1831 4194 225010
2980 9878 690878
9958 9411 426582
3816 1108 157211
1328 8528 388116
634 4614 463040
7874 3950 1149193
848 9173 209496
6288 317 54846
8848 9658 1205772
4373 3236 242270
8779 802 604903
5903 5377 1103941
4191 5774 668864
1728 2413 1065432
9636 6273 718299
5498 4122 1682088
4001 5968 431707
6646 7816 84133
9226 1418 1330946
4030 4283 754590
852 7587 1206242
1355 354 276742
4790 4753 134858
7800 8304 651979
465 3379 546649
3742 1569 101520
8803 1494 796253
7068 9675 1665548
3002 2947 735653
5343 8302 1120960
680 1327 1192718
5607 180 482085
2912 2472 1421944
8299 3196 81693
9095 6728 6905
6350 6415 625476
2827 9677 17842
4008 260 155386
6241 8217 19314
5821 6671 2157553
3749 6101 164779
5425 2246 816781
8158 863 657252
8837 6061 1479359
342 9423 138458
8441 8464 15635
8087 7871 1178046
417 7829 1947524
5716 5424 510522
6062 5623 454166
3160 9005 69775
5854 1438 711051
5435 4108 581888
6684 252 67243
3756 1283 449934
6037 3046 946319
1805 7218 189027
7308 3068 554303
2307 7986 76371
3887 6330 800488
3862 9209 798787
7496 1943 523127
586 3525 205919
8458 6658 1763510
943 4026 815796
3469 6635 679218
2716 5780 1183313
3207 5593 2379982
5851 5404 1382334
9435 4697 799684
3455 3477 196215
5501 2656 108349
8264 4640 2078739
9440 6714 34034
8310 3495 374770
1489 2896 57294
1989 4788 1802103
9085 7696 264328
8945 3754 106756
9214 5754 922691
6307 4405 1124271
6211 7883 402726
9667 5729 967170
3091 6298 737957
6241 7167 786357
9841 3229 41879
8381 3081 609950
7754 5022 739948
911 6696 70118
5700 7150 205435
6323 6020 1165257
2099 8811 347869
9254 6172 480929
6994 9675 1305180
5340 1420 132434
9152 2014 883942
4360 9836 126120
5834 3457 272849
5960 389 56207
806 4193 57794
7288 2447 1253841
7379 6342 213165
7938 5889 591184
4316 7336 1308407
