70
403 2143 710
9156 8299 1386545
4679 5148 7775945
124 1492 383049
6964 5099 641885
8201 5863 213306
3743 3650 2704884
919 6871 244778
6551 3156 370177
3715 481 124162
2760 3281 3646868
1251 7199 630556
4640 1020 2469030
6303 2260 1787024
5489 6188 2484138
8314 9980 668522
1236 1086 226244
2898 2703 2999747
8002 4591 2834835
1007 8904 1173544
4231 109 884804
2497 6924 416311
249 4102 4932132
2584 8700 2661999
2739 8468 2291816
3042 5220 1443556
3138 3902 1075019
8043 4362 445843
4140 1738 577240
4165 812 200137
6518 6608 1510395
5379 8172 332556
9579 3945 841068
1077 5936 879757
8776 9335 130036
9649 801 2202079
5088 3497 884537
9895 8191 2253326
6915 2094 251929
7314 5516 4405965
7472 6141 450748
7157 4368 920701
6119 8939 5417408
1617 4179 93248
1374 3266 3371938
4551 8368 2202837
8182 6656 31486
5097 999 195844
9043 6649 166614
9329 1596 788391
2341 2731 1155245
4949 393 378323
714 9083 2313676
9347 6236 79911
8804 5517 803641
6675 7141 685963
3939 5168 569674
9765 2177 741868
6123 4073 4835
5241 4529 941435
4874 8637 669807
7056 5712 478567
6888 6425 5727211
9936 3055 892979
5534 7816 1013556
8694 3435 3070031
2433 4368 862680
3120 9077 2138107
4103 5736 1044933
6118 1568 1401889
