70
5541 9494 35681
381 459 223635
6077 6610 2720998
7180 3999 472151
380 6049 933229
5043 9032 703565
7901 6626 813624
7763 8250 341479
8959 2017 1026655
6615 2921 597285
5810 661 344508
1965 976 3371442
9894 6321 402587
5509 5261 2848227
2424 3026 3897102
5120 1674 576811
673 4087 318233
4226 6457 851157
9935 5456 493725
5804 3358 493921
2685 3126 7043903
1599 2556 5772172
5019 7292 2088366
5389 4826 870536
4182 9715 285467
7323 2736 1679297
5568 7236 2885916
8533 5573 1702388
5236 202 1340402
3400 3411 1737220
994 8690 1200303
5828 5498 996841
707 1893 27567
2656 9748 1355438
8358 4271 761126
3140 7326 163395
1266 6758 182209
3069 8903 732627
1695 8904 797711
1753 6604 1253718
1261 4728 2862437
7944 7130 400357
2833 8830 2323076
1331 6547 758036
4521 7813 33076
3255 3368 19291
6882 1594 1866009
9499 9666 1899273
5919 448 4398081
14 6286 2577385
5460 6974 1498895
9128 6072 2168103
6396 4153 2097226
4885 5393 122832
5521 7162 1800704
9237 6484 1001495
6301 2818 156657
6958 4343 6881191
441 8860 443524
3272 2954 1200648
970 4689 1923121
3581 7634 542122
5983 1973 166085
8223 4931 559697
8465 4645 1062235
8069 5710 2414814
9776 4556 557703
3835 2138 646629
9377 609 202768
582 5308 3073913
