226
1801 2439 64828
1104 2892 210295
3220 2635 6823
1103 7031 188311
9853 6602 326141
2722 6089 77858
556 76 13476
984 5002 184991
1296 7430 347250
8143 3195 397529
1182 9917 119973
5663 9964 46952
9348 3916 138908
230 8337 643139
3028 3488 449488
4175 5943 83616
2812 2045 257737
2282 2696 210370
8067 3203 800774
6257 395 390830
1483 7738 340010
3362 4113 301279
5130 7110 347431
4128 6841 186024
6205 5533 396042
664 3925 153072
6068 9540 152676
502 3573 209140
9327 6877 231447
5859 3 61579
7636 5892 133937
4145 5633 1654217
7608 6626 122955
7216 7522 670053
2184 8629 103178
5518 1493 836591
8731 848 152486
6389 6833 13295
7724 2721 515667
619 8591 337990
9382 2284 910493
2482 9176 381834
8207 5137 991834
6776 6105 280967
1134 8065 616710
2086 1977 672505
9900 7161 673489
6523 2494 465347
6828 4870 69938
9421 842 66711
1306 5504 600403
3126 9908 267453
5541 5902 1942341
9190 1422 506685
2632 9393 918193
838 3171 425229
9725 4430 1847
2219 2801 397249
419 8534 232179
6880 7057 1266655
1628 5079 217511
7229 6133 325414
4405 9028 349572
9912 4837 927642
8958 9894 863567
454 7172 23545
5248 7736 566461
6391 8701 218483
1458 5814 280447
5533 3828 807457
6506 2142 353193
7461 2443 125334
3609 4972 574300
4263 5880 772792
6223 3874 993144
289 923 321595
9887 7289 935271
1441 8456 211569
6135 2689 358787
9839 6230 405409
5985 5307 405415
9393 6990 853533
3117 8011 685747
9505 4831 56172
1684 7173 354773
273 7942 96877
3393 1371 459336
198 2317 163970
9491 5042 165923
7190 9231 30162
1155 6315 899268
6015 8630 410455
7783 2555 608228
3214 595 1040285
2313 539 50492
8470 1006 493058
4788 7114 346001
3811 989 361385
8519 6399 854927
9984 9465 865718
5846 1488 211062
1206 7037 365760
9940 2466 169247
6398 9054 1131522
126 5739 308064
6732 1115 801089
335 8971 164201
6390 1971 366639
4980 7128 9981
1271 8349 401088
6953 1979 673588
5579 537 162181
1761 2318 8551
1064 2631 1696107
8724 9650 487048
7937 8221 300130
3430 3187 484144
820 6941 531052
2036 8663 426872
4106 5579 346657
2179 2304 1962161
9113 9744 405116
1462 5899 130710
9616 7486 76296
485 8047 1285162
7876 9614 1009369
7078 3123 563211
942 3952 264948
4405 5077 825592
6400 897 86331
1580 3191 297793
4985 9562 304292
8714 9877 119469
8661 2552 145668
9143 397 68815
9807 6303 14455
1201 1728 243716
6149 3545 412282
9125 4907 12447
4535 6867 669356
9120 444 394896
3749 8039 91726
813 634 1182336
3421 4772 12143
2059 2015 9685
6329 5947 19804
3716 6929 811985
2182 2865 235690
9269 4249 363089
4149 8016 215328
7064 2115 125917
4425 8911 972516
623 6653 262533
5991 1469 468933
6094 4594 153882
4202 7592 401583
7721 9548 524910
8982 9668 797994
5010 8401 526286
7777 4663 1155506
6453 7743 815091
8119 798 32304
1550 5755 1703705
164 9179 109503
8695 9618 557611
4628 9411 239565
9240 9309 814807
6365 1180 89537
2322 1037 203024
7088 255 355472
2200 2532 666286
3291 9534 730485
4180 8386 1708094
266 5474 26200
4776 608 165631
9483 6551 171611
7556 3608 550577
3883 6563 50928
9525 5814 595303
7604 5134 412201
1030 196 374057
383 4503 217666
2547 8469 558755
1526 5559 114991
13 1708 834307
8186 3006 73335
6349 4318 864993
3991 5409 955607
5864 314 69816
4868 9400 344668
4661 2678 461815
3347 8012 117303
283 422 228239
5815 7398 124988
7587 4485 306402
3420 4347 35153
2941 3902 257603
4508 5982 640577
3086 6954 707712
3400 6591 321384
2115 2945 31503
146 6012 188770
8160 3152 140802
5713 7529 37538
992 9160 553288
2201 8400 420151
8882 8771 504418
2761 6022 156395
4641 333 20746
9980 2410 1931662
518 8594 226207
5608 6411 696989
930 8431 394077
8440 7512 1307144
6518 8326 91966
2013 2791 522243
6780 4170 596233
6876 3594 1602375
5757 9445 35017
9854 2968 316210
2015 4364 332820
6743 2439 194271
746 5407 671073
855 2452 1668012
8105 9275 274205
6933 3519 410027
