226
2334 7157 200014
994 8447 101640
7901 7125 501151
2477 6998 534189
540 4767 1041680
2997 9016 528972
4315 8505 1051278
7012 8325 101382
9895 4624 135288
8179 9842 337319
5206 3250 54122
9147 9676 420980
3476 1618 7918
7156 434 748781
3601 9814 388625
1798 9936 549655
1479 9959 96072
4444 5044 347052
4591 1383 191757
413 5565 1018386
8846 8821 42540
759 3568 668127
6992 4661 441605
9381 1438 774569
5453 6413 673076
5187 5345 461359
3921 7974 1333732
9837 5043 557471
6397 5220 21343
8196 1900 277777
4416 4028 191166
124 4541 26646
1200 2725 321081
7795 4829 124002
7104 9062 665937
4831 5326 506757
8278 2929 338216
3266 7055 1331847
5054 5684 136793
1279 4777 4211
1185 7623 517373
126 8371 551573
3252 4190 41741
2459 3787 3572
5725 769 76161
5094 5235 49336
1850 1902 335034
5696 4888 301093
8847 3098 67889
365 3858 508537
7657 9427 364215
6024 976 402378
8270 2472 94086
446 3004 295605
8552 6144 57739
9044 202 36503
7246 4331 1260549
371 8321 34830
6237 5380 463861
9045 8038 171004
8942 1712 265201
1474 7325 471222
9828 6532 73454
6008 9526 45156
3674 5935 836889
2 6595 164467
0 4163 31411
636 604 383386
5354 3919 336403
4036 936 544590
755 6937 333865
3779 9482 244618
9557 333 1747188
4501 4639 160029
2588 4195 237357
4969 2386 137145
9391 8998 25888
281 7486 111297
2743 5734 102039
6340 3894 17271
5742 8653 610040
3870 9543 707844
769 8853 240486
6510 7720 2450836
5636 3290 134700
8376 8596 438085
7761 2536 390487
4551 2131 48143
5007 6116 797080
5149 8624 1617011
1340 8068 744781
959 6889 159689
3091 8026 17252
272 5703 617986
9452 1221 510111
1540 2161 104201
283 9252 363493
9040 9776 441426
9142 8893 460366
2241 5560 274285
5461 4126 70293
4434 7576 528009
3076 990 459224
9837 8482 486713
8986 6486 1177972
8645 3895 394416
3565 3108 248613
2265 5045 335539
8506 8954 612658
7198 1230 111427
2133 6320 127405
3458 6892 368561
1997 6588 770900
8439 9344 945937
8542 8458 463894
918 2893 573165
4070 2254 2471
2133 8625 482325
1370 1853 268743
1064 4787 416525
5257 6030 288871
2342 4206 541173
394 8892 68837
9217 3765 675062
461 5468 2261516
4103 3757 1055501
9701 4732 412567
8551 2532 1340103
5690 3341 580239
1155 4128 83292
9141 3031 282110
3557 122 1199610
8760 4865 70292
3743 6920 70569
1272 2974 929588
7236 5925 62334
3877 6129 269760
299 4272 67400
1408 4950 682096
9731 3873 90800
6962 6643 1290067
8971 488 108682
4105 3467 133538
5923 4803 382225
9861 3200 71945
2335 9232 530221
22 7147 112517
6053 4654 513043
7125 6599 188041
2348 652 220322
5576 6855 133575
1429 9851 936779
1650 4330 44860
3714 513 316691
7589 5735 22772
1517 5587 100407
4576 2712 553100
6798 5628 1122327
173 3359 36591
4402 2615 206050
9581 6620 413946
5679 541 365710
673 6587 1414367
81 7281 811827
1412 8951 96817
8723 5993 1500001
7127 4764 349796
8074 6519 1090355
2065 8106 112160
5648 2471 203132
1041 6957 13079
8065 9841 1483843
4132 3628 485863
4382 5797 34814
281 3459 381845
1558 5427 1732605
6621 8856 16094
2016 8908 169246
3365 5796 106166
456 2895 628819
8118 5869 309534
5220 1947 257208
1148 8296 235504
7670 773 534608
4703 8528 918625
4347 2271 352012
9029 6407 282438
285 2718 327952
5622 28 277532
9805 1308 583316
4700 9393 261940
1065 8411 340550
8498 4689 68344
5002 3998 512886
8672 5836 187103
1810 7572 203660
3617 4499 58452
7243 5320 1232992
9373 9871 858637
6926 4996 419896
4585 5965 703326
7941 9015 1475141
5377 3169 650132
4248 8476 183493
6125 7619 211556
6670 9300 710540
3813 2002 1352613
3996 1491 136237
4019 721 510767
2041 6180 854239
4850 4058 831751
2736 6611 284398
7688 5844 938180
1341 3769 100483
3804 9072 407973
1 2350 214583
3185 7761 1089572
7962 8151 37020
9017 9645 229485
547 9688 195407
9200 1975 26779
9490 9521 601810
7812 1261 577985
192 5275 199220
1349 6302 356665
3348 1130 301935
