226
1720 6441 1258698
7282 9538 241613
1962 9659 939665
1997 9065 370013
6439 5296 495658
2510 7701 834531
9727 4424 39622
5949 742 169828
2318 8078 181309
1741 1469 472377
3297 8498 1169638
3751 9891 1889079
6254 1045 281096
4784 5090 418680
5908 5582 49706
9915 8952 436474
7443 1474 81393
8636 3582 820069
4959 9677 537317
9864 3794 413448
2196 3475 285021
4068 760 118273
6330 1215 370819
5488 1423 400520
6777 2012 162381
2773 2240 600563
1318 460 365802
1183 3592 166076
9507 9574 100948
3619 2465 3145381
8866 3296 228269
2464 5012 217037
4263 3781 217550
3266 4522 18753
9323 1549 1311799
3325 7512 22296
6653 3566 145688
288 4273 280204
6484 1000 315594
6076 6154 234000
6006 4758 52290
625 9415 25017
6938 7908 53772
1693 3696 243016
2626 2890 143795
5665 578 26985
8190 2321 1219813
4084 6165 707603
6754 3486 36975
9128 4089 4284
3049 3548 55849
4818 3950 133262
7368 5688 1100449
9139 2650 200761
3143 5788 217954
5027 1486 445933
3719 8653 377317
7420 7121 1217098
61 5453 496099
3344 3799 132951
5947 7319 265791
6537 5736 177438
5171 9243 180509
8198 4664 46659
4326 1449 786085
9385 9370 61024
883 258 433188
7969 7255 65890
5349 6902 469948
8297 4630 481613
8068 6320 2094023
5574 4583 207731
8310 3846 216751
559 641 2359542
8363 7498 48524
8670 4123 223495
5069 1709 158820
8729 968 237065
696 3954 106187
731 2335 130838
436 3519 352253
4536 1424 279502
9405 6891 2004341
8651 7864 56063
5408 2245 949660
7356 492 1681934
1540 4667 131861
8306 9086 722317
142 6424 1324987
4792 7831 518541
5580 8902 638108
5189 4680 131165
4809 1917 136141
585 1038 578436
2687 1044 1306612
5589 80 180866
6405 6131 288574
9180 4720 223163
6499 5764 230883
2365 3800 116297
177 6061 1462466
5229 8377 311763
2066 2642 166241
574 469 237250
5188 2455 438326
4228 9749 1468908
5523 253 492187
6678 9926 100219
2271 5096 300884
101 3795 202637
3779 5056 102683
4451 5624 504549
9671 7379 415431
7705 4758 506313
9579 3036 375982
7519 9868 118302
7432 6004 33611
7296 3291 10757
1816 7608 332811
8728 1890 215157
3313 9353 1081315
3892 5568 427868
222 6990 72051
7552 2368 80470
73 919 139195
2213 5982 11822
8368 1202 754652
6826 2247 504452
3739 1487 277347
3957 8662 1225030
6349 7184 1087012
6099 6474 634858
9544 7119 710940
8064 2221 223211
2537 5214 284621
2788 1256 71249
3318 6845 30978
3486 5568 361328
7781 3144 245319
9119 6454 400251
9661 9174 337505
1786 225 400608
3249 199 722047
3184 9933 224131
5868 2380 466239
5485 7823 49953
4317 3232 114250
1932 4990 592356
2813 2347 684891
548 705 195325
2348 7850 735163
7698 6199 912808
4602 5322 77505
9510 4577 312112
3800 3912 38608
1693 8544 738772
3785 4596 416995
1889 5028 275058
7281 5846 84715
9660 516 42268
7634 5692 135846
8212 2761 481033
6760 9011 544891
796 1901 906548
155 9133 611557
3213 7960 1105580
83 1429 160589
6726 449 633460
9916 3057 90799
5535 1838 680515
6248 8661 426414
5203 2405 526576
1498 5108 576874
3239 6999 172607
7527 9323 7774
9244 7659 44571
7067 1418 250813
4062 3899 26514
9030 4615 808104
7449 7263 1075656
7057 6832 22444
9234 8929 578511
3206 5124 565550
7780 17 689768
7309 1175 275585
9060 9261 451749
2279 9576 268999
1296 1678 173445
5293 4861 752729
6169 9751 281622
1266 6993 303111
3908 5258 63047
9511 1442 138919
4936 7134 40018
5937 3143 403501
9715 3111 276928
3062 1144 42278
9605 7854 521385
7463 7282 389839
8267 8900 1375184
1076 8194 176726
9190 8926 216177
9729 4847 660557
1309 3562 151219
6607 5147 399190
2821 7463 56010
2994 8359 844343
1073 1012 738859
6683 9974 45560
6153 3856 677275
9430 5124 1292004
3389 9466 430849
5123 7947 673536
8457 7470 167254
6950 7903 41543
4903 8464 213659
4646 1084 134210
8381 3667 748865
2426 6680 638779
5383 2469 6326
2982 3507 2486
2753 4215 354021
2364 5843 1014409
9529 3169 266753
2104 1132 1142609
5673 95 882457
