215
1700 8618 344038
4204 382 569448
2828 3497 563487
9397 5537 291155
4982 7599 123679
3853 2975 3484095
822 9854 108131
3295 785 994100
829 7688 15477
956 5722 491442
1990 2896 414700
5668 8287 751678
8804 2603 641078
5622 727 408259
5352 3534 77268
246 5203 254369
4014 953 1973364
7036 5569 87089
5260 6298 137908
7008 4369 520922
1897 3499 92423
4797 1487 679677
2677 5609 29886
234 4783 908522
4287 8678 139094
4076 4540 56427
4440 7342 150492
4977 4711 16588
6839 6463 981366
8003 8583 569070
7022 289 318676
6277 1599 141753
330 8576 83098
9359 979 222930
5867 6414 96193
4164 3546 213759
6199 5194 71659
1182 8389 286068
1374 7512 83719
6526 7574 51199
9460 589 385063
1817 2601 209978
7415 7892 164543
3607 1419 1787214
8212 8735 366718
2334 5964 412177
7378 7414 293259
4932 8330 595378
1354 8041 885264
683 8639 427215
1948 6941 1173937
6716 4398 89039
1257 1401 816726
9353 3520 278245
512 1929 40319
3625 8110 603821
2704 758 261988
8470 2044 848796
6194 1456 340394
7080 8951 29288
218 8579 551188
9020 8150 160458
3691 3317 300952
9587 2583 306934
4539 1557 18649
721 4839 934286
2653 3143 5535
7975 3954 475160
1441 5801 345158
282 7014 55938
4256 614 14018
1413 133 384638
1264 8626 149364
6725 7183 737843
2386 7871 302531
3448 4659 393369
3397 1113 116147
6733 5687 78910
214 5243 34591
5549 1962 332350
6590 7790 201460
942 7164 559543
188 5558 893866
5303 1243 783919
1156 5605 260219
6616 5911 193905
1651 3284 149689
4868 284 353349
4413 4164 236488
7129 3539 186170
4276 6477 386575
8365 4889 606800
1541 8979 691779
4686 7794 617663
5268 7215 516600
1019 1711 81942
8220 2026 362409
1979 8223 69480
5765 9263 142620
4600 2204 1116555
1407 4021 11658
4381 8332 356538
1131 5970 279923
4876 9505 475104
1758 7629 432135
9151 8818 1898674
821 6564 377100
7608 9569 59761
9509 3309 189537
116 4086 445287
2275 780 1709033
4288 1917 48569
9761 3150 399998
1094 1678 1681589
4250 9695 229953
7594 8978 475442
1021 2948 25214
3985 2502 329435
2632 1059 509314
4083 7241 4981
6008 7794 740651
4267 737 283793
4464 739 714546
1679 4134 38790
8541 8309 2492392
9913 3789 758834
490 8187 720060
7907 9919 1358650
3863 4109 546562
8517 3845 303973
3627 5553 2270
5680 645 205535
8188 7713 19251
1838 4745 107137
3337 435 556669
277 8698 310212
1830 3899 232730
8970 4268 352637
2809 5426 908327
5413 4675 1014775
6823 3895 68805
3402 7604 249925
1153 4056 957214
4002 4643 417558
2770 968 701297
2746 2139 120765
9376 6208 90648
5754 9057 721850
7099 6710 207933
6523 8050 436299
9736 2700 412043
5541 7436 591779
1134 8482 220616
1249 4331 340826
1231 5210 62462
4334 8019 244601
6371 4834 464764
2830 9400 278330
8861 9644 664578
9766 9900 2660578
7598 1068 284462
7331 2869 52720
7696 8281 977
1455 5689 215055
7736 93 1442529
2882 328 15123
1423 1584 102701
4437 1065 668386
1009 3698 95326
6779 865 1757487
6972 7328 335938
7493 2547 33205
9746 1411 332289
4208 1666 593560
3489 4278 409977
5103 586 787955
8930 1201 1153003
6265 5676 595431
4671 1090 19448
3381 7986 521814
9032 5733 108963
884 6060 292156
7160 4039 174847
7627 9061 1582395
4559 989 208319
3295 2421 1094526
5856 7416 76820
2516 2371 725149
7562 7880 589341
4578 2461 161557
4996 2372 625145
2356 8878 328222
9863 2944 87761
95 850 171858
7101 6539 500721
9956 1697 236730
6245 2016 573520
7614 5660 617633
5472 4749 25158
6074 993 567280
3964 9222 82231
6149 5700 2053611
2411 455 457650
3600 1510 325222
984 6657 368342
7883 480 82693
2364 3058 1678548
4199 512 1302816
4604 1562 81316
7642 9586 656256
1876 2452 837147
4839 7503 110357
9805 9194 59836
2188 8666 157126
9137 407 498754
