94
1007 2215 437491
4257 5122 155437
5872 7055 2503540
9715 9374 412762
4631 223 1484410
2026 1523 1970867
1833 6593 977596
4566 3478 58462
8845 3476 658213
4472 2863 37152
5639 1678 175054
1005 5485 1544634
7938 5944 621107
7819 1017 1931474
6302 6847 1078217
3949 30 1768490
2057 7850 36490
1045 6554 122267
8677 8429 130237
4793 8770 708769
3862 2780 1898257
8665 5819 2745902
7352 9579 610198
3270 6080 958136
3537 4502 2645866
3882 4844 788817
4761 2173 348776
8874 7002 523181
5498 776 65712
6491 6573 593206
4430 5183 837734
5986 5464 494863
1158 3077 638714
6802 5443 1172330
9024 1462 1590286
7316 7266 1214034
574 4475 1246190
4750 1866 1134041
685 9417 111946
7622 4254 2028157
3301 4429 3760346
3607 4877 4754558
2557 5842 673954
1366 9714 363609
7196 1732 1165507
8339 5035 101379
1407 5025 1478979
3448 2146 1991627
8523 9000 202230
7921 510 1952080
2348 7947 2313595
2870 4716 380035
7738 5644 710712
7732 5548 3159663
9889 6226 1962353
1419 2367 538536
5961 4818 726795
1333 1352 5719743
556 1905 233910
7915 9166 135729
9556 9096 48036
6463 5750 1847198
5673 5636 3122931
1309 9047 150249
8063 6599 438137
5759 6848 711602
5787 2625 1274060
2970 8888 33786
4058 7219 798563
1343 9208 135619
6237 2543 1512223
591 5932 684082
1465 7749 355680
7092 6361 566642
1694 6437 683958
7617 5217 215530
217 5086 751758
5016 5575 297716
8472 291 599270
8837 1199 12290
1563 772 415068
8501 4061 1636205
8552 5764 155145
4700 4162 518841
9518 4112 629416
6429 1348 5810250
5768 4064 890993
3503 7134 898753
6859 5739 461087
8015 5010 406077
5590 4673 19929
3242 5101 1188329
5869 3304 736775
1273 4389 1209447
