94
8162 5961 473998
3013 6577 1721623
9646 5798 4433132
2817 7156 1497919
1826 1935 4081064
998 7612 2330076
4004 4195 1580858
1716 1885 371209
7005 9287 1266124
2764 8745 2445017
5564 4599 734089
9812 2275 926801
7456 9454 1128374
8291 6086 1686726
7498 9946 1981446
2036 6498 1224489
9043 810 153611
4730 662 2600253
7666 6856 1850112
5435 7599 217321
1853 5470 1115196
6394 8280 354843
2090 1079 601224
716 9741 504073
7149 5636 649972
8499 3320 800469
3711 2036 680865
4825 3670 2836827
1072 8616 302139
5641 5842 477593
7513 4626 16459
5310 4785 509993
2052 577 5364090
659 4694 804157
1683 3638 1195522
4877 5110 691215
889 3695 1547370
5407 6120 673948
5033 3397 2445900
6230 1153 951893
4470 5343 1189106
4879 3767 429956
6603 394 513571
5288 2499 1400878
3891 8642 822449
5219 5138 1310056
7296 5995 314480
4219 1240 626829
7444 4171 777574
5846 3933 117012
726 441 430561
7814 289 446625
3999 5395 456388
9490 3982 1676372
9376 5791 1469876
2376 3103 2050704
4618 2137 77872
804 842 68253
8085 5487 693586
9186 8401 553893
9681 7809 979421
3944 6643 1149998
5994 1028 529346
8484 3957 726897
7188 8461 646946
7402 9424 883862
9464 1525 2394102
283 7757 77226
4963 1847 23068
3166 5229 297997
425 5400 1456206
4172 4448 500215
9045 6011 673752
2485 2295 166982
781 955 1388739
8 8896 537579
6554 4489 1071928
5329 8288 353078
2776 1080 4659225
2975 8840 1023426
8037 8275 345896
4745 8548 258909
8896 2171 175240
3810 5337 740005
9874 8981 723797
4728 2557 952835
6702 3342 540088
6124 4684 2529737
6506 5109 52559
7745 1617 181646
2067 1143 449488
6944 3566 1194007
2717 5906 1620917
5288 3574 40852
