132
5781 1224 504424
6364 533 1434944
5927 2229 187591
4540 5804 17616
599 7829 123018
894 1214 348852
9705 2886 1018529
6138 6676 1112303
1850 3948 73658
4434 7239 47799
5672 2582 724129
9252 3282 255646
301 7776 394053
3429 8767 1529511
4028 2883 80345
6764 7094 51219
6419 6807 1180604
1612 8029 256187
7080 6757 997589
8938 9440 575840
7630 6532 902584
6370 9918 711342
9872 9422 2326544
1203 7721 765703
6263 1620 308723
6540 8189 161807
2552 8551 1453163
3379 1649 1306088
8144 4761 1518728
6694 1960 1981245
149 5945 216000
6303 1634 266917
2222 6396 1261045
8925 9470 1210354
3285 7243 1055464
4616 8050 885504
7586 8762 655095
423 1078 158826
4183 9970 548559
3545 2014 4613255
3615 7386 824874
9833 6965 276933
482 9525 2511026
9054 720 395316
6063 6152 64305
659 7468 2949454
5141 9213 649705
3006 2759 920376
1342 4896 44353
4165 6629 186896
1952 2905 308262
6612 4110 1791247
7806 5074 109809
758 858 26445
3684 4330 16800
4041 4504 489359
4154 9855 1121366
3074 1780 122146
3466 7783 243732
5272 5083 2409491
7714 801 287691
1974 8672 941103
8948 4322 265552
8633 7580 629275
9097 6306 9158
4803 6219 1044960
6619 2312 1829288
4696 4926 23315
7631 1591 2590477
2537 201 34045
5766 6480 752672
9228 9712 314029
3776 858 2074164
8084 445 177223
9184 4216 32613
4669 7194 555466
717 7229 170063
929 3889 742626
806 1031 254603
2387 9817 391127
9334 7276 297673
711 3702 1010560
8625 9966 1305330
5645 4890 183209
7553 6470 714420
2880 4268 357321
5070 2427 746562
1510 3119 995445
3674 7094 274379
6813 6678 45188
190 8698 103618
3350 9282 133853
127 6102 398330
3400 1835 766536
2573 3396 190915
4006 2877 72075
5308 99 637275
6443 8127 151967
8603 4657 507126
2765 5400 2053337
2965 8807 51495
1373 2082 878762
9841 4427 1089757
2017 6060 449369
2215 6419 34312
3711 1795 71679
9446 7326 1584342
9447 8022 443948
2254 8398 1880782
1325 180 1296699
828 7436 920579
3024 7206 257912
1866 9787 943421
9430 7075 597875
5933 5998 943206
283 9377 164345
3708 2658 322708
956 3953 1521803
8749 8694 613171
9950 8717 587196
1518 1118 1857204
9327 5505 1224348
195 858 660680
6409 1734 1581837
2600 9057 379126
8135 3438 1711153
8137 9610 56525
620 5443 1451949
9229 7028 1191833
4054 5878 422297
3365 1860 1846505
1441 3857 215915
