71
733 9017 121948
6886 7419 2203425
2700 8476 410151
2518 4410 1008476
479 188 1212613
5912 931 947622
3973 4728 2423992
247 5466 676650
8438 9936 8149937
269 6694 1315795
175 8277 3893963
6292 4142 2498962
3849 8505 1288155
1990 943 448404
6380 1791 720941
9944 1493 712985
6342 8245 1013140
9859 5219 4253
8839 2027 1155019
4734 3419 481291
7811 2481 856857
2031 7664 74266
3297 8892 228576
5951 5338 1391623
5519 6732 1624336
3327 482 1586709
2665 4176 8147786
3246 3547 443265
9345 8901 561842
8749 6880 126979
1711 3193 941881
262 9097 304553
9063 1625 576670
3571 3116 2261931
1209 8357 1809247
8287 4665 1662646
90 8144 1849982
6717 9420 468403
104 4648 543987
3918 1518 333608
7128 6871 767433
1235 4654 821955
6669 8592 5380428
4095 3962 292309
4779 4657 1046061
235 6273 2795903
9350 9888 832660
9792 2501 2621984
2043 8660 401819
6755 386 406408
9811 7196 142037
1298 6303 100538
1969 1080 154809
9127 2737 346352
2927 3925 382683
5127 5014 629048
6161 1950 110524
4781 4217 438868
8359 6709 609026
7495 3860 1755583
5705 9721 3687570
9369 8852 1493598
5759 4479 401047
6877 6195 128282
1813 1220 758252
2488 2605 2890765
7128 2212 2761530
55 8646 3945654
3811 1875 1881838
4433 149 3753518
1212 8991 1778649
