71
462 6316 36676
3262 4281 549763
7582 5335 472306
3494 2343 2609555
8834 8358 81333
1412 745 1125938
9795 4805 631833
2384 7026 1318727
7678 874 710208
4268 4820 2046251
7097 2895 1507905
6745 6055 1324071
8203 2545 1274041
8577 6437 1371771
9442 7605 970693
4553 781 3426403
8732 8918 618927
6959 9811 1235161
4074 3934 498713
9752 5182 543532
370 1762 2455355
3386 9898 1751157
211 9835 1116743
9511 8604 426520
8418 9199 562104
4363 8819 2091346
3319 8646 743304
7663 6592 1580962
1376 3200 1539044
9635 6292 95071
6860 2582 4822337
5638 7331 1021827
4049 210 415478
5425 3752 302814
7062 1876 535058
4018 8560 3118028
6154 2168 106045
2496 7556 1010215
837 5903 1602151
4622 2258 954890
9440 4122 1592480
6039 6171 5135664
4870 572 1073733
6968 7026 556523
1386 2263 2244742
7268 5741 268683
1393 7555 2445074
9894 224 2023537
3542 4348 400114
203 3826 172309
3579 1313 878782
267 4548 1503631
6858 7381 190038
6864 4965 601494
2506 2084 2076355
1724 5732 4231207
1721 9711 1276870
8034 2277 3342057
2611 9634 2162847
1675 3915 179067
8687 303 224545
9534 558 475598
6212 4425 881912
571 3559 6042732
5434 8199 2357507
8090 235 586644
5063 8068 1182498
4554 4960 2849094
9731 9948 694336
125 9821 54506
6539 385 3691165
