138
6425 80 3066713
9364 7953 311735
4911 1443 828004
7262 8225 121931
2420 1352 519591
8383 9323 704050
7827 4760 28670
6111 5465 2591359
5805 9322 676257
1905 5664 821407
8945 2907 2511913
1906 9561 1106707
3538 6752 2088770
7246 8770 117065
2367 5779 1371415
5018 2844 1000449
4618 6720 175960
8546 6448 145667
3890 6409 2013792
1886 9127 307932
9178 4245 96703
6772 3866 767973
3911 7641 1205270
228 390 329089
280 325 723013
3645 8785 3362249
4541 7961 592046
3086 8380 1697108
8013 2152 132601
9672 4933 14514
2529 1183 80211
5024 4443 16852
7823 3653 55308
2333 795 232465
650 5897 372215
2000 3768 870521
2158 4559 18475
748 5158 169285
7514 2010 154638
7025 6311 1144166
7792 1284 319878
1786 2152 308482
927 6796 1731751
330 577 295770
8405 8933 125865
6088 9821 379788
7069 4478 372143
4738 5340 533775
2446 2599 1006859
3318 2943 147144
9751 8819 128599
8682 3646 1256972
9870 3441 2844
9829 4073 80967
9074 726 488872
1448 6673 512485
5254 1426 62620
3261 2055 717358
41 269 187778
6811 4871 1758261
7148 3551 1968668
9269 1535 263653
4441 9109 678292
4040 8722 810065
5626 6906 436151
903 6527 354228
9686 8524 586052
6580 8463 187171
9072 782 1201648
5185 1559 206695
1143 9795 81931
1012 12 417133
2969 1665 422513
9502 1980 577417
7012 2922 225597
795 7812 456745
6375 5466 1524662
993 7151 7692
2583 5895 1153190
1934 7147 613667
2208 6124 2244718
4885 9141 809040
890 7747 411782
3345 6584 487246
6012 7182 234010
2629 5410 1706666
5753 1893 524875
2255 8961 2165512
2668 8859 557398
6471 7480 299032
842 3442 121049
4986 7739 287614
3253 3354 138577
1599 1534 266182
3680 1519 859174
4999 2563 2763136
6085 8029 421986
7214 3423 276800
4677 1155 219368
8602 5087 543866
2528 8845 413391
3821 9528 376273
587 7247 242058
8326 5004 192069
1594 3497 260766
8975 2487 2953137
7199 3413 726710
2566 3729 259250
5383 693 1074844
3171 7545 1565221
2839 8673 2146601
4009 7370 836730
6113 4888 85402
164 3523 1635608
220 941 486812
6161 2086 2004014
7578 4192 455016
1760 717 78381
7721 2298 567770
6483 3645 470759
2770 9422 809022
6110 3258 1006720
5036 4142 96989
3396 4647 68335
9329 5179 708464
7597 5828 1058794
4567 2301 1083687
615 6040 209312
8981 6904 838193
6372 8389 1471990
3089 9195 2248590
9728 8438 880193
8559 9567 137654
2233 1393 1190661
3896 5038 629100
6425 7425 187296
3737 5627 11526
9741 3825 59161
