138
7692 9932 669816
1571 2197 151877
4230 5270 347580
9960 3079 183197
7895 2891 748644
316 6677 101272
6710 1411 174785
4663 9497 2865499
1813 2362 298744
5414 8867 306319
9848 602 338906
5980 3592 1429794
3227 5662 669799
4706 9887 269442
6878 6311 381286
6981 2349 1037501
6845 2930 1127877
8578 5525 314750
9944 8821 247656
3757 5396 1754568
5508 5829 39224
4003 805 262200
6593 536 142659
3047 3026 1118846
2031 1716 427367
3087 7198 244682
6813 3068 578134
3240 8786 300507
9692 2305 1437559
6764 4715 1655312
8538 3037 1538635
2679 7341 462684
7015 7569 171139
6167 1056 1513687
7598 7475 245197
7567 1917 214917
4531 5141 352719
6253 3504 537378
9962 9758 1016591
8948 2307 591522
6760 9518 2052599
2220 8288 89521
3760 3202 273050
8182 2426 246425
1622 1608 131364
9735 9750 23733
2965 6262 173857
5120 5007 1352045
713 6573 388426
8049 7353 1076144
697 1359 1195899
1235 9574 195578
5393 815 1405208
329 5076 86904
4352 940 228544
8797 6511 229730
938 3918 727317
3177 5403 655075
9544 3852 335337
8718 6251 904566
1674 7158 669020
2443 9755 352759
4090 9331 833657
2794 443 1344441
3475 4363 887894
8556 4449 598800
6132 8639 646186
2382 782 1416861
4264 4785 310237
5050 4263 2039149
1412 3796 2170622
9220 2203 1167322
756 4210 1875748
366 7099 330744
861 9833 582061
6435 3765 100817
6507 2236 1736427
1843 3646 829795
27 5813 723588
5819 3374 1178238
2749 5745 381409
5032 5742 405439
1942 4208 2149301
3334 180 257934
6858 1138 1355801
2848 9667 1098305
1515 8668 319555
9475 5705 1055654
1455 2708 1329072
9782 1458 531209
6823 7054 243975
4464 62 2158297
4955 298 579076
9535 4118 722699
5003 2984 61572
6984 7912 233861
6453 5946 324041
6265 4477 261115
2753 3764 232552
7017 4027 352120
885 9529 24479
9664 9883 659075
4390 3121 1353926
3140 9871 2903395
8157 8726 235677
5727 4435 42646
9427 2769 119741
6644 4740 119009
7108 6080 57794
1898 9363 559686
903 2806 163263
617 3998 1074303
5633 85 379556
8292 8235 1567409
974 9259 340999
2462 8721 634841
415 2356 1268543
2196 4858 665537
6159 416 637925
5574 5306 25132
2231 6757 1856160
4184 5333 2153852
79 7622 70039
2304 4350 98708
5943 9597 112053
2306 1935 351868
976 4500 777403
9032 1771 345925
3612 4704 56024
4974 9252 405944
8099 5353 5054514
9134 9076 609127
3783 5219 577945
1691 5032 80326
3192 6156 131322
1256 3574 936880
8406 3487 151386
348 9434 1508642
