125
4770 6995 433989
7170 9809 2239989
9505 7609 623027
8983 2605 1340106
4123 6274 743995
2638 3995 803473
4425 4616 259087
530 6590 541557
8480 2170 229428
1567 8011 313197
2642 1484 318908
4651 8585 302382
5848 6370 381630
5842 9634 542272
6216 9863 1293232
5085 4641 134623
4418 9944 482724
1015 4266 212191
7284 2552 327362
1155 5217 1251627
4979 5042 22726
8683 7183 2399061
4604 7363 33271
210 5126 815001
9273 5964 1346000
5074 5149 325557
7988 5411 964009
7385 5887 158447
3429 4399 1385242
2772 7013 1316302
6728 7584 353224
7352 440 132178
3686 7952 42462
9510 1421 2036423
699 8216 462071
345 4085 762198
5654 3549 635892
5159 7690 69527
3758 473 144318
9411 4432 1069534
366 2578 507061
1531 1130 611556
6184 6129 241082
1042 2089 270238
4301 8487 984740
4278 9056 1220063
1153 1397 1429956
5736 5055 1013634
2754 6168 419835
9421 5955 390012
134 4723 2196963
2064 5487 564119
5084 8499 697204
5667 3765 515040
4250 548 3310992
2331 6278 385108
9516 3718 1809003
5430 4417 226877
8572 8476 1318506
5393 2456 219617
3529 2608 438230
5752 1103 182010
4872 3738 218465
3829 4233 481062
7330 6392 137448
706 7745 690835
8431 828 2089983
5629 8011 459928
5124 8425 673194
5904 9109 933287
4373 8657 585012
548 2067 328188
3431 3032 2331652
2981 3702 1436939
173 9786 978240
1033 6904 110365
822 6699 81568
125 2941 176259
3985 3701 228115
5755 7052 409742
1355 83 199055
2960 3608 1113630
7515 258 1396941
6282 9082 65472
1952 7931 780787
4040 814 210029
4022 1000 274177
2838 1220 17014
8302 4230 603704
6499 5110 3421966
3084 9603 461917
8926 6881 2460773
8153 5399 463635
7194 8100 940003
9125 4096 324362
3327 4893 765996
1870 5653 914758
3665 8026 497206
1519 268 1109279
1291 3271 1146014
8697 3360 3583532
9037 3804 447419
1233 6810 1371424
7792 8677 1125398
8204 7182 1391291
1119 894 252350
7628 449 272749
4197 5493 815405
804 1041 1536855
1509 4894 343401
1415 6380 667744
3233 4752 1329195
8827 7699 77765
8614 8428 940189
6602 5550 1042439
4433 573 456274
7989 3707 102554
7507 9680 26715
4624 8943 1188261
7152 4983 778150
1053 1167 2221215
8973 6565 2720849
2571 7037 71629
4934 8909 844364
1885 8426 675745
