125
4256 2606 445996
4669 2569 444433
7873 606 3377541
7162 4164 485695
3855 6530 2928756
405 1834 772038
3332 5007 46072
267 820 747376
7584 1608 425411
8158 8248 606621
7590 4121 1518843
2967 1614 1515125
5759 3672 476649
6064 1147 371885
6555 6947 71598
2072 5698 872995
8691 7776 1201974
4936 7646 695320
1329 2092 481686
7816 2208 13959
3769 8647 674731
8088 7816 178039
956 1784 9842
630 9238 1277426
1075 9512 336756
3215 9688 952364
6851 8468 564574
4534 7087 85502
2611 1754 313711
5547 5286 254088
1635 1715 498201
2749 7327 1148631
4674 7832 398100
3142 5764 46942
501 4462 736107
2551 2037 1370120
7408 1635 1764768
5218 7682 200853
6857 2805 1752300
3241 7166 40569
5396 1681 84084
6102 1397 1898478
7907 256 244329
3269 8429 177333
2722 1235 2711892
3316 9781 309515
777 3768 2059761
6151 90 319425
6270 6279 756653
9479 7442 1844036
2369 1810 862454
1711 7614 12268
755 348 34255
8026 948 87596
5491 4374 309644
1453 9900 272804
6049 1198 980240
3507 2140 1226325
2530 5150 66431
6528 4791 175976
6533 4914 434961
6005 9692 14782
8128 9342 927061
6697 3187 172546
7561 8633 532003
8657 8923 1773702
7620 535 259706
8286 9654 4660928
4265 3328 317788
4591 2161 423935
5465 7657 1173490
6409 5269 461394
6961 67 382621
5883 8819 997673
9387 3229 58789
5911 1704 643361
2342 89 410359
419 9644 369581
4676 5852 352644
8658 970 589177
6009 458 546432
8569 3463 292595
5590 3981 76507
6707 5793 2093942
7157 7220 800283
2992 6663 23482
232 3462 498607
5269 8502 1420828
1670 5319 1009766
3414 8361 2354527
3310 7611 251400
8617 6890 10639
3489 4596 4883
772 9542 1858467
4219 7340 1290003
9795 536 3361008
840 9596 4546
2496 4666 987285
8929 1207 197566
8139 8093 23231
272 4220 606659
4798 2165 741659
9789 7558 32767
3459 4672 729647
1371 2446 860691
3189 396 579961
4152 5448 649131
943 3837 11870
6404 8914 1640627
7578 8666 4828272
712 44 308132
3484 3101 59457
9858 1936 520901
112 4620 347957
4812 1164 2020791
1508 9197 88373
1274 982 1718808
4646 5130 1748600
2856 7013 1218960
3940 7283 721852
7260 359 305223
1523 4021 2313894
9173 1493 182716
211 3567 430853
7191 666 732605
