125
469 206 683111
8286 3241 364410
465 8486 304443
9773 9034 530323
5341 5131 420145
1274 7494 1904863
3897 5717 108074
7471 2949 400624
4529 2264 1495795
68 6695 3458912
8548 1828 983533
2116 3564 315614
935 2007 1870922
2499 4694 271602
9604 2520 155175
7809 281 1778363
4141 5589 295647
2886 7308 633534
5677 4270 140508
8130 909 557796
1843 6333 188080
4504 1554 501925
4286 5856 254224
3757 4174 1296583
5336 5428 395124
1065 35 253595
8416 6350 602008
8539 7091 908236
4487 3047 256891
8997 9936 387701
8381 1674 2672321
3180 3861 735868
4366 4912 754938
5863 3982 1044830
1289 9851 116490
3426 3230 682874
1984 6113 778668
2840 7811 288258
412 2712 817779
3310 6210 1838152
4263 6066 214628
27 6453 179866
1373 4514 200692
1509 7851 333248
7008 4923 2479568
3429 3340 637497
9028 5181 100451
1165 6866 4121284
5146 4753 1311028
6038 2347 384599
5197 3525 110790
7360 873 137462
8501 6169 2359950
4859 9467 347086
2657 2842 560597
4926 5819 213952
1070 7130 393032
1966 4282 707202
5459 434 121830
5409 7574 42377
7991 6715 339303
6532 7274 92143
5955 5867 509396
6425 5909 219790
1681 1174 2225378
5046 416 229902
7397 120 995718
6781 1672 3615509
6618 3248 135822
7821 5597 309842
5924 7980 342293
550 1528 726129
6847 8082 568956
1427 7854 2202500
6719 9300 2103286
4625 1050 937716
6626 89 3674471
4198 916 205748
4354 683 353790
2218 3429 861008
1881 3957 196348
3233 6510 441159
5875 5910 785685
2862 9109 490531
8319 5461 200753
8670 851 988376
7372 9275 71441
4669 6597 86396
5127 5553 672560
2478 6177 1768248
9316 67 401000
9299 3983 229039
2936 6349 335665
9342 6326 623419
5974 8692 809340
5826 6105 161385
5225 9031 1016606
4423 3432 1459763
562 2366 382315
9669 5225 95914
6121 7276 408894
8459 3123 3132204
9973 8008 1817041
666 9454 43082
3329 9242 709403
5552 5866 796653
2745 6569 891679
8355 1777 173554
7493 1652 445510
301 1187 2351939
8785 3432 1452806
4738 9870 414347
1156 3961 909046
2140 341 9206
6945 2312 817545
6572 7200 427700
4047 2607 917237
6799 593 271914
6337 7714 528548
4037 5480 1616077
4785 6520 153151
8877 2941 1482237
2880 71 1528117
4159 191 243692
6422 2373 188697
