125
4477 235 1064038
509 7954 183566
2557 9256 1985716
8538 4928 192936
9894 5510 381308
7619 3622 1400
7498 4770 2795977
3356 3258 1620637
1298 6608 130828
2008 2696 1092831
9256 2323 2298434
1427 9873 459167
7769 3686 94887
9158 2526 1629859
4864 8955 2800401
5552 4439 703804
8227 1139 678736
8341 1626 1080744
4766 6727 498396
9954 1328 1418569
3890 2358 1018272
8643 8201 712306
2749 8503 2274996
3079 1932 613939
2481 4519 400287
392 4623 297330
7344 8570 1223441
5681 2130 860388
7956 4886 1245319
1414 627 829068
3129 4909 275055
4887 4080 323442
2770 1931 1524877
688 5101 121708
3127 1274 1736662
378 5497 300064
6600 6921 652531
3462 4865 1205080
2972 2813 560342
3996 564 653707
7535 1904 59651
8968 5130 710196
7892 3061 453045
3210 3795 1563854
4881 4162 72644
9907 4974 95990
1100 8771 152029
6229 4078 554329
8975 6307 150808
1600 5093 543636
9656 4139 636129
2085 6052 1120033
9434 4876 2183848
8223 1618 256837
6918 5573 19024
7690 2517 882982
6043 7765 136136
7943 3599 354677
3282 2377 68667
3601 2861 197795
8168 3051 67424
4465 2858 377022
7274 2967 70232
8926 2694 291360
2408 31 2337580
8342 4246 468537
3032 8936 861909
1762 2685 2125870
6875 8173 76956
6662 2375 201538
8144 3096 1233386
7576 3006 226554
2921 2624 470854
3422 7814 750127
9843 6137 1024649
3465 6298 207492
4243 2454 544603
9723 5332 24819
3897 9645 347547
7916 4993 2016492
5249 1606 84147
9862 4741 356432
5590 7412 267853
7630 3066 538514
5739 5296 320654
8782 3868 323970
5397 2572 2127256
8858 7009 320424
8598 199 201987
6655 3062 298864
7 7961 417507
1674 6281 1905972
4594 9485 1271403
613 4793 731656
8623 4046 2451747
3439 8361 1028926
3949 9123 314054
2726 7865 293731
2688 3118 18918
294 6731 1066559
126 5932 753147
3859 4067 76608
9013 970 56601
4624 1339 1353983
4889 5930 1874089
6446 3416 4971633
8790 7069 809494
2510 2996 280995
2011 657 160257
7949 7297 515411
1565 6275 2173304
5201 9928 331619
7629 87 945608
5944 8567 709594
919 8922 1536325
6320 4776 108842
9421 7601 938789
462 2652 1115985
2620 8909 617708
8143 6917 1291172
543 1861 1058222
4799 1793 215513
7210 9637 251520
7271 2474 1259224
5344 8735 375474
