125
3558 4846 3299100
2759 5864 1481178
3924 1070 129204
2782 7643 157617
4279 7066 636855
5836 7063 467841
8990 9300 30321
8789 1235 13332
7977 3739 269466
2700 1219 94783
269 1350 268579
3573 7261 143855
9612 61 669775
3100 2263 108570
5152 2471 1608933
4433 9781 901203
1062 8574 504440
2744 8708 262623
4601 3517 246446
8015 274 503915
3001 9835 227224
9889 6443 526514
25 2661 365335
4467 3375 864903
8811 8690 333755
4462 9925 2605242
3876 7106 12167
1370 1305 420585
1955 8744 603161
822 7565 708310
9307 2411 178890
8727 1253 138863
3966 25 1816004
1002 3847 2608496
8692 2275 578092
1180 2718 87143
8379 1821 1027880
4139 3835 179922
1102 9312 318914
635 4486 355990
8746 812 867171
2142 1654 319908
2367 3067 577302
3088 8649 786566
6574 5099 433060
7076 4271 644227
6769 5552 1918160
2877 8793 658366
7764 6840 1268890
8790 9919 775412
5434 129 724842
6749 2207 651684
2758 6851 1358832
4540 3765 2808348
7007 3295 2032266
8159 9347 77626
4887 9829 386262
2772 6251 556630
6814 9400 412826
5144 633 406087
2883 4830 707852
1927 5443 17579
5657 9586 136074
2792 4687 143000
6400 8950 736846
4985 2701 1336098
4781 4555 419075
6455 769 667
5855 1734 512280
5888 974 2243179
1901 1814 206607
4227 7215 529002
4094 5284 667809
7584 8875 87139
6375 7633 545858
2222 4412 218669
837 7245 1265128
3585 2947 58678
4521 8989 833
1475 5940 781064
638 8416 538866
5087 3276 1244741
3361 2356 74489
4454 5719 553546
3367 2869 109624
9546 9999 586168
1835 1984 93303
7958 2571 349925
3293 1714 693043
2381 2666 1381997
5855 3937 1250250
4497 8778 890174
8092 3350 352101
6050 756 1698582
4888 2244 1454486
269 7327 259361
6897 1948 456512
9468 9284 1042939
8685 8383 945584
4600 3130 462932
8112 104 713989
3014 500 3437916
3654 445 1358471
3208 1227 132576
2176 4156 192887
678 2522 271926
2186 3064 4670994
3039 316 510800
4196 6070 2798950
2186 1200 880381
8573 2772 436870
5040 3069 3623130
620 5517 407536
3580 2617 160198
9391 3019 1569872
6848 4548 1471772
5754 2094 433307
8196 9191 1263272
1485 1758 291549
2402 9151 280904
8363 6276 36172
9372 1953 2007212
4892 3501 3394630
813 7545 1060719
3493 1764 122016
