183
7254 8042 18337
8187 5148 922926
4776 8720 624307
7215 2159 377636
2811 8745 22652
6864 6589 707475
7088 9749 296562
1417 4225 864218
271 2900 633898
1716 8198 145293
7453 3141 105768
1299 679 19230
6742 3345 1025732
7446 1130 778045
6046 2762 331654
9410 6862 82230
9675 4093 114891
4167 259 19664
3061 4007 190363
1416 7763 296297
549 2158 978519
3944 7941 2294736
8939 918 906765
6262 1107 240847
9164 756 177401
1834 2271 29952
6900 7404 335515
4193 9548 306093
3628 3044 892337
7831 1430 69212
6770 8779 678431
3708 3595 1716003
8381 8565 1520544
5676 5737 1072544
2857 4266 48726
5128 7703 1080789
7016 8462 189353
1047 8400 21506
2252 2162 494782
9241 9097 478035
2762 5669 443740
7333 8781 2475296
5174 7771 132391
6628 8367 550585
4497 7195 1154248
826 5054 171400
8035 9407 93900
6175 1167 11124
8648 9757 286146
5821 2027 14423
566 6119 859966
3311 9945 1076686
1136 5304 221866
1779 1575 393241
3425 7114 168596
5049 9524 784346
7082 5997 161512
8772 7668 254040
8298 3163 466810
6895 9963 329127
5702 3342 116605
8171 8744 151688
322 2847 65169
2513 1833 206360
97 5438 494160
8847 877 294345
6734 900 106765
1436 1002 387372
6464 7821 1242361
1910 5621 577987
8898 7987 1721491
872 6498 22576
9701 7539 1894626
8889 3073 1580482
7432 5557 924269
1800 790 1391800
3005 103 671943
7508 3114 82323
5602 9467 23221
4721 6752 450257
9139 4523 187230
2091 3649 369877
5873 3887 229511
4352 2795 1113798
8284 2273 229223
5660 7498 1003682
4339 388 210299
4911 4496 321727
3105 9926 2182660
5205 4842 1295490
6902 7494 545892
9959 2760 1409692
8307 1548 435895
8620 2272 12600
5276 7227 397652
2477 1406 481263
4393 2443 530095
6711 4958 16398
1769 5669 37077
9091 130 683969
2332 205 395647
8649 9851 894366
3473 1609 763458
5844 2399 750710
4928 3380 654208
313 6619 141470
5230 7714 742994
8304 8201 402274
9159 3373 35015
1062 7516 1288218
438 531 284015
955 1670 226882
51 8637 430200
8522 7282 1769250
4750 7478 931274
7526 6542 367334
8811 8625 555710
1082 5140 4085
4138 7430 313130
6069 5123 546306
6291 3739 528551
7914 4293 124363
7724 2270 75713
6054 6027 509982
9450 7019 955650
5777 1686 237347
3670 7653 155173
279 4238 522092
1165 7812 188527
8439 9727 387869
9359 3428 584886
7659 2689 183774
2131 2761 12203
4600 6800 73556
3035 2815 145043
3543 7716 130470
7874 9988 1098868
3430 8144 759018
8267 453 1980952
646 4749 32429
2594 132 428859
5136 1471 883604
7021 3286 415095
8836 2925 1097486
7187 5508 14658
2415 8386 2783234
2488 2652 659905
8373 8894 867271
5665 4975 2419293
4050 2297 68199
2382 3121 243152
800 4044 486918
8745 8701 393542
1134 4423 451464
8344 2042 165623
8854 8141 881055
8911 9051 436851
7625 5988 644545
5366 8367 8042
7402 7732 715146
8198 2068 127976
1922 3439 6366
5158 5591 110522
7651 5025 177675
5765 4475 241822
3938 582 195416
1788 2806 1828727
1151 1482 367041
3692 5342 121950
3640 1875 477219
5185 9033 1591761
415 4317 520639
4095 6482 229049
3361 9406 1514916
4241 4123 4084
362 6595 30148
8026 6168 52213
9120 4074 423703
5266 5179 920581
3571 3357 356569
1220 1940 688592
7249 2145 224600
7774 4530 282936
