183
4168 784 750113
3410 2910 523151
3178 5524 105772
9777 9837 49617
1135 7867 4693
7012 6990 56594
8508 1002 135300
5926 6043 97473
3924 3935 96658
1899 3650 599144
205 9202 1411166
9925 2733 278093
8128 9776 65624
5948 4237 1732577
4946 2428 336559
9293 9010 274876
7942 8207 1224342
2593 4704 183883
8075 7907 432849
1534 7391 992369
3340 1067 110407
5572 2699 440125
9511 9760 36273
3541 1883 1295003
9929 9439 880162
4760 8062 337522
9221 2629 101450
2774 3972 3728
5664 7621 206226
190 5477 1116332
4541 1925 1493073
9784 6283 86274
8282 3718 579222
2109 9157 653300
9175 946 2353672
8594 8564 982147
6024 4423 1074517
2627 8973 129778
5700 220 69466
387 7662 210094
3741 4799 691098
2617 8483 306080
4043 1140 447676
7892 40 1564712
3654 5327 259237
6038 6662 204939
3305 2161 148993
11 4706 585021
1014 3030 683774
6797 2384 265119
4392 8470 120399
5133 5933 184897
1815 8374 251666
8267 9904 227723
3450 4563 89870
6883 200 14513
7346 1858 138935
1056 1611 401805
565 2503 8928
6984 8233 343502
4589 1814 117349
8644 6323 158224
4807 3455 893213
2770 6410 273383
2006 4309 99353
7488 1810 2298893
7 5900 40509
2970 424 578305
3763 9907 1046275
4101 1036 6863
2402 8663 123083
913 7271 2184918
6522 1213 1464753
9914 2182 202477
4142 6429 1066698
5002 6563 93343
8873 1743 264775
6972 6007 9078
9415 2328 845069
989 9858 794023
596 8229 690596
370 7531 149993
5482 2263 159097
7618 165 1017031
9982 1293 37010
4102 8170 142160
71 9660 119714
3695 83 45486
6968 8053 903327
554 5575 2030
124 5757 22347
6163 3813 189292
9877 2300 95093
8394 5120 3017528
2109 7864 634650
1772 8013 1075534
4122 3787 397275
3123 9923 202965
1606 7940 107502
5152 7377 563225
6198 9892 13908
7600 3065 956601
2310 6798 3645464
4994 6550 407581
459 4165 416156
8254 4235 719692
6475 5744 50693
2823 4374 1100036
9944 9967 518952
2156 7721 227619
6483 9161 804025
9647 824 500788
5744 5629 1308012
248 55 76082
9449 2273 60466
9171 3072 157347
9934 974 1099403
4058 3136 219189
5683 8936 279703
8329 2179 301846
2963 1416 699030
3949 7776 1724059
7582 9736 55092
3908 8339 79581
2739 8490 1074458
4827 9503 144217
5636 6361 1127332
5467 6017 165939
6629 6768 752126
9933 2062 2916908
4762 8961 1296672
2687 417 44165
424 5750 135823
2245 1751 376832
5473 3845 386107
3709 6670 25181
714 8885 1627928
361 2019 322440
2542 499 112965
8275 5761 440554
7395 9056 484879
8686 4748 1471536
5001 5656 411383
7536 2211 908483
4360 4367 611942
5732 1698 1028829
1043 9395 350764
2262 9806 245417
873 3725 2281421
3074 7941 239966
9535 9346 862253
1913 2336 365248
5030 4945 1551753
7182 3447 429520
1776 4695 628787
8374 5434 175386
1864 6779 299864
9286 1663 245298
1742 4277 316727
6291 3614 285481
7476 319 12630
3798 408 268914
5375 7088 137065
8046 8729 159749
1292 6639 1148329
5430 9324 807748
9698 8640 299137
7729 4475 159
8053 742 861577
3180 7966 193560
7195 8609 225333
2727 7402 386327
3272 8250 243126
6758 2882 565414
8087 6544 872912
575 9131 929115
1162 2576 301605
1339 8319 758322
8187 5151 324646
4289 7620 120542
3215 8047 96406
7001 3356 378983
8737 2964 761542
