183
3188 3111 359297
9494 5719 402259
2217 1046 172404
6173 6100 712543
8837 5027 99437
5074 3993 33282
3920 5802 33437
5925 9905 508729
2733 3553 432524
9149 5802 46640
5762 874 102690
3905 40 1160837
2459 7902 252137
6064 2046 328465
6962 5752 169062
2467 8756 16353
4046 7733 353353
4900 4119 761793
3754 2412 851442
6524 1065 41623
3408 8000 266411
1516 2522 743983
9981 1771 49247
8957 9323 16360
3925 8318 270252
3354 5987 39808
3680 5861 163925
2074 7729 111134
7123 4785 41712
2154 9016 259454
592 3720 1750762
5541 5771 909687
1016 9989 217267
9766 2198 746969
8579 2401 323475
5923 4712 168389
4306 2286 901903
4682 8096 295215
4136 8480 1011553
4411 2997 2380342
871 1130 374932
6319 2460 102631
9676 2479 106284
1279 1793 907306
7744 3644 806783
7901 2220 102644
9085 6737 1315524
5694 3939 1135146
5481 4304 714980
6014 2179 940649
1173 4268 464053
6088 1969 251611
4213 4764 512373
5396 8489 1073400
5 2354 667352
3147 5305 455694
8954 2673 769198
1840 4612 281153
8985 1294 50865
6179 4750 408357
3189 8838 1129686
3368 7314 366888
3893 2352 769466
6571 4626 549929
9278 139 521916
4200 4294 316074
72 3607 943148
1370 3454 1095990
3747 6297 175960
3439 5533 266486
2508 2647 600339
6666 9764 285844
1198 7968 475917
1902 4784 300883
5293 1902 980418
3299 3127 384335
6122 6397 185780
4538 1929 366658
7232 9988 2033487
2832 3103 2383954
3013 4517 1089123
1951 5832 207648
2853 5555 1639511
4200 5122 37538
965 6272 142823
6876 6425 58954
7943 614 850878
8373 20 179588
2204 5233 33068
5654 9305 103646
2325 2280 200820
7772 1156 608935
8856 2478 96053
6866 9668 30478
7797 8550 601856
4056 9401 339250
3285 5210 2786771
6423 3897 757378
827 6478 191478
9662 6798 305122
1987 7415 238719
9408 5223 350553
6931 7052 66222
5263 8288 174236
3163 1760 1950917
6923 3622 1843992
4882 4696 675929
9769 7721 17846
9194 8819 301920
897 9195 57170
78 1692 622262
820 754 42491
3674 9917 1957393
5302 2634 246145
1588 7198 685409
9716 6803 929440
6011 5569 441894
2617 4336 23933
2918 9423 236773
5253 2574 2684908
6282 3500 119449
4008 7800 513907
436 6986 303980
3744 1831 422875
9054 2337 251772
3699 8263 1182046
7615 8874 175872
6384 3290 551759
7287 6080 62542
1485 5507 368964
7927 2563 107178
9203 1697 199130
8494 5272 342780
4435 2618 354062
3460 2746 963610
1964 8489 229612
6721 7411 326219
1156 2394 209081
5984 6400 657308
6006 2362 628163
5928 8132 1127143
3671 9230 1044317
8512 4884 1441051
6911 9070 174590
3251 599 492803
3415 9400 416518
8086 5312 883254
3624 1069 1116616
7622 449 85476
9592 9858 134628
1588 294 1515362
2867 1630 2787
3174 5232 100333
3232 2565 848378
3077 8940 776167
2384 3185 221346
4717 2516 309477
8955 8175 173836
9786 4271 33515
7 684 45361
6931 4133 843505
1555 457 625465
7276 9725 768422
8732 7913 156462
6289 5725 42402
132 5503 322381
5545 8695 797430
6170 3180 250155
9800 8508 173463
5123 4123 1823823
8757 3054 1172352
1113 1628 486168
3349 772 889607
5522 2801 193715
9711 6533 450995
6920 2618 1444
1264 5503 654665
7157 1203 1190624
5374 9853 1336058
4923 3586 169951
8510 5242 731810
4929 8371 198285
5942 5017 918233
