183
4300 6608 299061
1365 505 715756
4914 1024 275314
7291 5015 617058
2278 8810 691110
5639 6106 789554
3636 7760 561389
7337 2863 1271481
7674 8921 63940
7651 6735 254288
8010 5985 383818
2723 9415 228464
9619 2559 236030
6222 2783 395478
3516 9036 987526
381 4431 966322
2508 9523 270798
7051 3682 41408
2583 8994 1108525
146 6325 380719
7371 4342 287764
4178 2632 342130
6957 8534 434584
4285 2833 266005
3398 2751 627791
8992 2545 5756
732 7607 211738
1650 9769 402061
1127 9319 504627
2742 1624 556072
3090 1013 780978
6514 9270 779492
8953 1641 931798
487 4608 590638
5052 4830 453759
1072 416 116093
7374 2741 594697
7187 6427 63093
8557 8254 554982
2418 3054 1720176
7334 6803 738861
4467 1617 1036203
3811 2349 409803
2684 2100 490778
2262 5812 40790
9176 4104 764427
6243 2857 803778
9070 5925 188833
4351 8741 741512
1183 7803 346820
7667 2123 16680
8284 8801 449188
3290 1536 255702
1467 659 753876
5532 9656 328974
651 6979 5691
3419 4263 621929
1264 6815 1013071
7654 5676 776787
9010 9166 66238
4987 7081 297037
7199 5284 342652
2258 7073 959215
8432 4231 828988
3682 508 94389
5721 2323 24198
5483 1653 83512
7828 2593 1101970
7979 5377 70428
7333 6633 639723
334 7829 1082532
8765 9879 57221
5387 173 207959
3635 4352 120501
4620 3269 413266
4772 8103 13374
7443 4744 204845
8582 5266 2317490
5407 8445 1070828
2584 7752 759402
6857 7536 866526
8131 5573 250358
5852 4620 391291
7732 8958 185126
556 2209 119182
5301 5324 664949
2260 816 947933
6170 2877 307269
43 132 347228
2252 3252 532335
9480 5309 213875
7183 1332 605849
1226 8262 184909
3678 7856 38317
1787 2301 19901
5330 9503 14933
8894 3046 977676
7892 2125 2398292
9317 3350 313428
4681 8253 147651
2644 5897 2874858
3691 6926 828189
3229 3632 57851
260 3090 715511
3767 110 1480604
2768 445 217743
9846 3006 897896
225 7352 228344
7389 1261 511517
7554 3077 1258977
4163 2392 217308
3083 3246 270863
807 4425 489176
7271 9544 802945
8337 9232 9895
7058 1111 490511
5757 7445 509116
3888 924 504240
3620 9337 133280
6592 4914 629627
9377 9471 1062188
41 4371 142743
4647 9997 16551
797 3706 980157
7590 8180 1847290
2181 2670 1229954
711 1030 698414
2653 7058 353928
1875 8649 509867
6070 3770 247046
3871 1235 693323
5549 5292 801739
9321 2256 292616
3590 5677 42606
1859 3528 498479
9876 6632 451373
5282 7027 319281
8150 9733 254045
6982 7089 693410
8618 9467 1799428
9884 3770 987579
6233 1154 22179
2887 8805 295608
8934 8956 1556371
5985 1461 42810
6507 9593 460537
8846 3186 1783029
1568 9048 518104
3668 1811 158199
1967 7143 533613
9287 2355 31379
5777 4633 129761
253 6648 166697
9322 9376 485047
6960 2249 918604
8960 6685 85783
4063 982 194934
4126 4680 1910453
2918 246 439707
8574 1763 154711
7692 8182 767229
8630 726 802030
84 2985 105143
6322 9471 96697
1897 4469 2270325
783 617 283297
1668 8908 219713
4114 454 515209
3203 1205 1218666
6875 3501 247783
5587 9960 315166
2023 6961 150102
7604 6773 88481
7335 8236 563785
8201 1338 466033
8238 254 120465
6060 5470 315023
1759 9923 397419
4258 4152 1705036
133 4144 129329
8804 6842 89426
3447 6096 1136106
301 2082 230771
