183
8914 8448 22413
537 4644 31565
8959 87 857771
9720 2942 64775
8219 3543 947680
1091 5130 241724
450 1343 97118
2303 1423 494823
2836 4193 178314
9453 8261 969172
7966 3990 1287144
8675 557 725124
23 679 226811
1536 5255 324
3273 4387 1739714
7175 1219 2114214
8941 2092 776984
5006 424 172950
8527 8569 749182
3186 433 1573
8967 5444 545007
1135 5776 39972
4182 1295 234600
6620 1866 135231
9050 2126 292653
822 2429 1405866
4327 7458 244742
1916 1285 72419
3132 8272 776851
5597 9170 1021649
1770 6647 1761189
7413 8041 1731805
4848 4494 364438
5452 6848 516234
8843 7441 104378
3352 6883 291160
8986 793 201451
5933 7920 904609
891 6752 44980
52 2150 61098
1404 4851 1231335
2778 6522 20472
5220 6096 404892
1254 906 535233
513 3603 1849526
9412 4931 2159054
4580 8192 46433
4309 5870 58991
7070 2152 636971
8982 4432 954285
7134 9309 2115416
451 4620 1188357
3213 7991 374331
3899 4889 207331
7447 8248 764410
3063 9938 2328442
7388 6561 310405
7202 2198 76965
3824 9062 493775
6612 8567 523182
1291 9178 370786
1843 2300 473609
1775 4064 986280
2489 186 235272
4713 7251 359801
6136 4631 1644884
1548 5351 886278
6373 8421 506218
8872 7210 492533
3704 5950 233536
6549 7441 62964
6428 1102 326598
7093 4339 186550
1790 8388 666658
8687 856 269177
3006 8671 85847
2387 8551 2303
7324 8816 148040
7334 5225 113234
8765 3163 579234
7523 9945 283288
6890 8362 251109
6782 8064 126116
2109 1512 753679
5270 6068 1360974
9537 8366 1101972
3466 7403 5072
9324 888 543277
648 3117 370648
8620 8138 443522
5348 6053 845801
4640 2973 808444
9318 6908 1585839
5348 2127 191504
6609 6046 24407
6996 7983 452043
4039 3958 622779
3119 7370 310048
3331 985 261932
3216 1587 47076
743 2694 231073
8066 6538 319066
8595 2930 184199
4466 8702 150091
921 4486 935537
4269 7023 956292
5603 5386 63113
134 9241 114170
6302 7688 88625
126 3427 21138
8540 7336 445338
3034 2131 720293
3557 4639 718698
4155 7208 944586
9868 9723 393838
2044 424 2802268
946 4775 674629
4530 4250 883895
1225 3007 666345
6073 9060 71796
6361 1748 183795
7333 9117 212662
5221 5712 13881
8809 1594 552983
6294 4485 514594
7734 8252 131903
275 9325 86832
4758 2587 457838
9925 7201 339757
5243 1682 640460
3148 1509 23192
7569 8952 195672
8705 291 902982
3824 9476 1245895
5104 5000 89650
7786 5159 690059
6290 1941 932250
5175 3037 88191
8284 2479 206050
1045 6073 399679
5025 6916 138980
9063 2911 1073013
9804 3280 161929
6653 463 328592
5078 9682 911061
7722 7945 1020811
8755 3401 1794986
6646 3223 174202
3428 622 1397531
2332 93 362546
9832 3664 56531
2699 5624 255951
3406 984 707096
5833 8709 236545
6956 5886 31476
4104 9770 346706
1023 1318 135268
9900 7315 2303961
5683 7835 72998
7787 6413 758745
3537 20 1067793
8998 8005 23223
8901 4869 48398
5080 1068 116537
3053 1930 894615
6821 1698 297809
9471 4780 32354
394 1381 1291678
1996 7891 666281
3999 6805 188768
6251 5015 107058
7484 964 65617
7537 1836 174846
2233 6524 521906
1490 2335 20004
8026 2099 2201844
4806 2396 296987
4515 308 30988
7053 243 417109
1762 9064 858159
8396 1682 734399
9062 1276 504372
6794 9623 128167
