183
9404 5130 331374
4153 8278 2743546
6352 3454 875499
5114 9269 264171
4780 9159 917547
55 1376 763007
9424 1668 995780
8959 5651 774896
3753 7958 675344
9229 858 158567
9139 3201 279736
6858 272 356452
3899 4225 137027
1399 6477 103200
9470 7998 3779744
2530 1345 199288
7663 5816 1295986
1226 8644 449875
8448 7635 2278029
5900 1481 238000
4690 3499 203480
3957 4997 354191
2280 1824 274321
7414 7834 435704
9347 2646 365177
7689 3374 210304
8391 5172 327714
4477 2227 173567
7503 6323 83445
2008 9872 1567978
3481 6633 651167
1079 320 109960
5878 8198 1059173
3381 4167 177275
7013 1771 332735
7563 6735 68317
44 2705 207429
2940 546 2452940
1040 2559 357222
1316 493 237173
6249 674 20815
7875 9670 18937
3177 1953 772177
2263 4098 66677
1962 8247 215146
2116 8780 204370
6470 5778 485346
2827 2305 119497
4504 1504 700743
6194 4681 867548
6329 7515 838108
712 578 222354
5013 1788 379468
27 3118 612461
6354 2462 515406
8581 2963 1580586
494 6691 706135
6806 3191 7785
7409 4673 8487
5068 8941 863528
3001 2390 1537902
2677 8182 714832
6904 710 470514
4745 5029 695478
9372 503 159108
728 7860 1550732
7357 7778 401442
3413 4543 1402180
4583 7997 588609
4394 9113 579792
9280 8380 71955
3321 9284 447890
4603 7006 215677
4144 1984 385701
9035 3865 420830
3091 7351 303359
5229 4131 105441
6625 1453 124117
2393 7165 507447
2571 5734 405585
7334 8992 626224
7217 495 1965471
5407 1071 792436
8156 9739 63204
8252 730 56010
1547 7164 215786
888 6965 1369703
1842 5673 172728
7659 6544 2167468
5025 3220 135696
703 4630 1161726
2120 1708 614016
163 6530 941385
8389 5948 261680
4489 3242 492021
9038 5466 175467
8676 6341 619698
2929 6673 460585
8883 9682 332975
1660 193 335825
8844 3208 32690
8623 3960 400297
7426 4666 370678
2742 8368 172420
3215 9962 61474
86 5782 58870
981 2911 489888
7465 2644 1718720
509 5428 1159412
665 8079 688718
5322 6928 814392
8926 1858 485956
5247 3336 184172
9587 789 49840
5036 8057 160264
5626 9909 25536
5441 2217 215905
6205 8478 83615
3885 8561 572457
6566 9821 1776118
9091 6028 480302
1010 9308 127116
2886 835 218619
7250 7703 490656
5499 4786 1039188
5274 9329 168087
8021 9715 44339
7577 5820 174430
2737 7973 383841
2324 4659 140392
4817 5325 393124
7276 2238 783879
7380 481 275855
6651 8375 790573
1428 6100 241878
3577 1693 24006
1896 3118 400100
9948 5928 139836
7027 9601 519938
4475 2123 277266
2563 4715 113088
6630 7711 215471
2291 2890 1157187
5203 7792 65324
6704 393 74834
1846 6524 783104
8193 8607 1475069
6677 9546 217890
4239 6998 452212
7204 5259 1493539
467 4708 990782
4081 2901 425298
803 707 245748
2388 6675 1368995
8947 2994 315342
6423 1668 59659
3502 437 1541008
985 2829 1415590
5704 6772 268965
2451 9592 320883
6725 1204 1470011
9173 9831 626264
4597 8617 385094
1723 8375 1080005
6700 9756 190419
3124 8151 150532
5481 1788 436419
9876 9257 20984
2297 142 1366438
3132 2776 227451
7666 4720 364518
9683 1059 331396
7341 7386 189431
3347 9525 30627
2359 4788 49548
9135 7072 269732
6011 5634 740611
3971 9882 21411
6938 4871 359056
30 6255 310526
4057 5135 78877
4834 8625 1099844
8570 2357 45362
