229
3151 3235 583239
5124 8813 758949
8380 3901 252695
3069 2185 173815
9499 5961 706417
9358 1952 791723
6593 9295 933296
6913 804 1754242
9701 9891 522806
1894 3691 82716
3368 2555 193307
1984 752 54827
2179 2749 108945
2799 3536 286159
3799 3115 28735
9962 5634 144178
4685 2899 648103
5470 5654 283984
6255 5922 281178
588 3912 561542
7730 3239 494242
2895 3763 69109
8776 643 60971
1776 1189 275781
3942 6288 208500
811 7755 209158
5681 3513 381137
8903 3417 357548
6986 5046 1155699
4439 327 1042131
7760 1079 337395
2569 3002 518249
7476 3080 26832
6851 9240 465168
8800 2093 662338
7406 6051 124647
779 4408 961682
6450 2382 529795
2401 7833 16079
2984 2447 225618
4559 2323 685324
8614 9181 890166
5747 1331 167122
3788 9831 15797
5457 6614 59673
4974 6490 1208424
3798 2815 262374
9093 9265 114180
454 4282 83704
9427 9665 32760
6172 1664 113887
9842 1137 371957
6893 5615 329839
625 1890 185701
2602 9841 248844
2438 5301 82832
1477 6634 586677
8723 8121 155687
135 1867 2289497
931 4421 420768
18 1470 674400
6376 1694 1128568
4733 5189 25893
3996 9880 230072
6312 3169 37274
3018 7859 158433
4047 8491 315382
4299 1587 95852
9744 7651 510769
8729 9965 12072
1856 9310 158215
5478 7718 520122
7843 1471 2626341
1925 38 554296
497 592 80907
2971 6518 1576794
6637 1431 466807
3333 9597 90370
6461 5117 83554
1321 4285 839697
9805 3718 91778
7990 9259 227973
8492 4551 25314
1594 6540 1465427
8380 2681 1588087
5321 3080 184221
1242 1395 533603
4088 8960 240806
5031 8514 633744
6839 6820 413026
3657 2295 185364
2584 6689 371160
4152 1944 1097973
7730 7780 279649
7549 7266 381767
3812 7515 142381
966 4107 165696
3721 7736 254674
5209 4615 43747
6420 454 77878
6663 7293 343277
5026 3533 524903
1396 7832 532876
2009 6610 38132
485 2829 310354
1231 1978 347099
9180 5920 164746
7157 7808 391418
678 4400 92851
6287 6865 28798
9797 4662 213665
2141 876 410107
4070 3007 105063
5971 4393 677046
4565 9115 515881
4868 3951 230868
760 3128 112961
4622 7139 611898
482 5738 496377
5337 9615 786896
405 6152 1218412
8924 9075 422727
552 3339 392342
7952 2707 481583
4056 770 47140
3262 3706 546353
1135 9688 151872
3013 3615 234763
2985 542 105200
3106 3919 358378
7920 3217 137991
4641 9433 143886
5604 2538 453446
3233 8074 120783
9316 5301 631868
5266 8501 264583
3497 3508 362358
8084 4367 1433133
2926 2114 494917
6404 3435 73139
8787 5298 217199
1312 5381 3011216
3958 6934 1015176
8773 4772 932496
6404 6838 981847
9622 5462 384698
4606 2266 175570
2032 7475 572475
7452 2427 769378
6696 7812 307153
6891 3995 112609
2271 8862 1190700
6853 7897 392102
7753 287 263395
9943 9542 197972
5396 5180 357381
2194 6208 412398
9876 6070 147601
7841 9117 530873
2441 9377 186215
432 7884 883292
8028 7010 561923
3760 6862 128627
3056 2694 144530
910 4301 684870
1530 4754 698044
7782 2154 41456
1893 7146 122958
8369 1395 209559
4190 6071 1142384
3198 5987 242831
7880 9059 18324
7 1653 190101
9370 6445 6269
3149 5814 248153
6833 7056 189258
5863 8545 1582057
439 6842 548625
6111 5987 645196
8836 4399 1809554
9485 2454 1198541
3710 5151 73106
8193 8641 638291
5603 2168 34490
5467 9345 194111
97 8456 49233
2097 242 17619
7541 5489 552789
1352 9092 4616
6381 7220 16961
2961 9660 318865
1721 2165 815308
7411 4381 179013
2383 1944 20608
9719 5192 16402
8331 2888 606498
7410 8483 166559
3258 7747 527873
8731 369 703927
7540 3645 192857
2251 6249 35181
1756 1077 1362744
2721 560 381512
993 8222 724
5751 7960 341996
2317 4866 490010
7563 2662 385233
4663 9694 122710
9900 2961 260079
8631 6540 108679
3682 6562 127910
2842 53 614482
4183 9431 44278
6671 9058 1406050
8050 7384 89374
9332 5011 603557
183 7172 119743
263 3584 576864
8852 2306 291789
6309 4840 810359
7024 5405 701185
2036 6063 174565
7793 740 1332503
3851 8332 62411
8216 8537 452826
4302 5079 76674
864 4964 538215
5798 2851 210918
4042 6660 514973
