229
8873 9241 128360
4465 8135 315093
8335 1087 482476
6221 4838 246405
244 7925 295318
2496 9907 607198
6986 9157 307362
9803 684 620411
1978 7824 268875
2120 7734 404694
6095 4618 169310
5676 2302 48096
2914 6497 944743
1467 5267 71415
3584 7105 369216
7111 6026 2273
8717 9874 376988
1624 7913 252574
132 1117 401620
7641 8970 159358
2423 1320 11505
270 6306 308069
9509 7453 927275
3955 6174 560100
7826 9245 172726
8528 4643 521801
8352 1589 229089
8950 7424 279296
8093 8265 4386
9249 7304 169352
5349 658 1661115
6684 9579 91064
8452 5031 122411
8047 7412 721158
5793 2885 254377
8909 40 1434316
4653 3992 1374844
9841 1413 201436
9535 945 748612
4871 5064 119259
7010 8170 555483
4153 9935 260354
674 5229 1265580
4749 8058 804492
3613 7820 689711
6699 1898 35284
6870 8291 281087
117 1361 798894
8648 4508 2655
5522 6587 228878
1184 3184 1109981
6953 7199 636564
4475 8253 187940
5913 6298 69086
8112 7498 37843
2095 781 168595
7061 172 698335
1912 8303 848134
5341 8362 516909
5224 4766 179874
5883 736 1024992
1049 8180 259764
2401 4800 712136
1430 1050 253853
183 6641 1813029
5114 2969 252608
5165 5298 1134894
3150 4847 109341
3800 4780 133410
483 7258 816077
9826 1051 907234
4073 6807 423941
4932 20 299994
6212 1786 435332
5326 1959 605096
6836 7148 130362
744 7049 358810
5350 9169 163772
9036 4245 525483
9280 6999 792458
5039 8375 891698
766 194 963815
1035 8612 1684924
9807 9494 569462
4617 4299 1049713
8408 5540 556154
1077 3557 191733
5792 5713 608710
8600 8010 749040
4708 360 742522
2420 940 1193731
3826 6220 911522
428 5666 163758
8509 9229 250995
3572 3164 568246
3038 3923 1331595
676 7508 217008
4586 6525 8893
777 8345 1247552
5332 4124 237120
3801 6885 107758
2269 8908 113540
1083 6558 504068
9412 3303 265771
5651 2768 425442
4514 1856 84852
2278 2137 77169
164 4727 204011
8852 741 393249
6051 7509 265726
463 4418 50232
2599 1686 15058
2779 3166 82532
4487 436 183855
9947 5315 101686
3209 1156 1714796
3714 4500 2096579
1218 7927 114349
5199 9833 17729
6724 7907 1675297
8414 3815 366825
9065 8451 141449
9447 8088 352538
3125 3202 204036
2262 5820 550083
7143 2410 326340
4876 362 45771
2016 6143 650581
9087 9512 306481
6571 6655 171738
9818 8867 162827
7798 5138 280381
7832 2223 98290
4861 5024 1172676
3449 3554 101520
6151 9558 19329
1374 8624 85694
5219 3572 117797
9880 1235 493838
5559 4387 1991352
2411 4983 563
7767 7136 282907
5387 3401 214650
7651 8264 1605317
3555 2940 603163
9602 6845 133080
6894 267 417244
4753 6862 54274
2101 4069 709357
4016 2288 44049
7673 5422 693144
9976 7126 159577
5783 6146 55461
1155 593 1001356
1356 7580 19648
7915 2128 37468
1189 6416 1848273
6602 748 1214018
2965 6168 184820
9061 6861 32514
7280 841 643444
4952 515 561781
1490 5538 1399233
4501 153 265714
9130 8749 44506
496 7472 97458
5470 6975 353758
675 2382 101508
203 2284 184112
4869 8625 751999
268 8182 382421
6345 1384 140119
5072 6105 714321
592 7354 342238
8232 3319 82796
2606 1064 532048
984 5620 171523
925 7211 52483
2034 4051 261371
6164 5391 941091
5988 9663 141015
9127 2493 111836
4258 67 41158
1619 2289 426690
8669 6034 243413
8498 2823 779912
8001 2167 763460
994 3445 36789
7791 1864 246824
1681 8196 3516
365 4945 468788
897 7043 131157
6005 3688 346352
6143 9799 213059
4221 6006 34131
2632 6066 304536
8188 9718 268562
3466 2654 59788
5111 3539 202065
2563 7768 180514
8735 4839 192144
8175 8870 5333
3204 9917 196621
3394 3182 160518
1460 9069 328836
9447 435 405214
200 300 188290
7249 9830 349393
8769 5096 406042
2508 7775 909749
8829 2143 162559
7648 3828 19569
6374 2032 304821
1971 5484 210064
93 6530 244297
8319 4669 750253
8369 5617 1623048
793 3680 12262
4634 5436 477919
8963 216 259686
706 6985 230576
836 673 497426
6933 1242 133147
6267 5217 251001
1069 6313 21974
8430 6416 15880
5484 1875 434009
7343 9090 1363877
4769 6700 323443
