229
6788 3785 761399
4024 5910 698584
756 6591 2359605
3701 4394 1230009
4444 7543 226539
138 7288 668385
6643 7149 918632
8050 9755 28745
5856 9552 237112
7430 9128 69037
7026 8835 21534
9749 7707 172541
9886 5356 516568
4510 2613 9466
6565 7312 333062
576 9688 91261
9437 8894 374563
5016 3178 181382
5424 3968 154559
7829 8745 86892
8568 9644 243282
6729 2771 339666
4764 5132 222939
2070 252 435618
2847 4115 759912
6690 4707 393765
5592 1262 1036502
116 2522 603086
5328 3174 919102
9799 9195 106386
9492 9363 346947
3788 1951 258972
5153 9170 285343
8084 6347 28956
1069 2882 1441730
815 8934 92625
9973 4571 327283
8364 9136 284256
7807 1461 356979
6857 1169 150353
5235 410 236706
2700 5497 42857
9616 5450 70699
2295 1970 1017930
6252 1201 396713
9531 6914 316594
4797 2803 415339
1018 9021 88895
1943 1820 148819
6451 480 539541
3331 8041 846130
7221 4333 663787
6255 807 454130
9567 7469 179025
4657 7025 216337
2017 6899 130117
6835 1898 168975
2022 8862 877814
7851 2131 734211
4605 7708 1088
2757 1047 381949
5200 863 1679198
3917 8053 259683
2739 5030 609919
1218 4192 836686
7714 3480 426009
4201 5295 155601
865 2576 21265
3391 6092 685777
566 9976 246433
6114 508 152416
1623 1490 319587
559 2667 1379706
6940 8961 96087
5904 4240 601798
7935 481 125365
7861 9641 353850
9955 6734 255900
3434 8255 5034
4213 8512 14113
9380 1926 240763
574 4997 195839
5532 2675 292314
733 5040 510573
6641 6231 933595
7216 864 146901
6145 7888 200348
7400 6568 356800
1132 2936 35885
4584 8407 6910
557 3295 175319
6490 6287 567025
937 4076 1037116
1190 1179 458646
8095 2275 65870
4870 5659 178907
4168 5217 106831
6412 7288 260910
2602 2444 14321
3723 8118 71205
1828 9561 366869
9161 1555 870844
9244 8352 3191640
4840 3466 879802
3133 938 208159
1960 6076 254205
9407 979 412879
8195 1023 418335
1525 742 372475
686 7534 348965
766 4209 97996
2048 6260 156631
1246 6503 453816
5414 6253 238404
8588 7812 731831
3921 1154 23069
1665 5888 75054
7384 9315 169040
5015 7549 824042
8248 9818 413243
7949 4325 196902
1658 5665 21884
4355 852 76631
2201 4363 333359
5727 3887 392217
9271 6567 1312136
6590 6916 417466
4472 6069 153942
6580 5396 592366
7326 2021 427782
5390 5852 603226
3477 2946 473717
1106 11 192692
5110 6159 161213
408 9854 59319
5263 1797 238022
1460 4020 570846
4494 4964 111148
5295 9138 87289
5239 489 234598
1339 4359 909716
3290 5721 288357
11 3286 34655
6970 4778 22211
1235 3651 524774
487 9441 380094
5329 5185 138295
3659 4807 1022291
8683 7172 405246
391 8804 855146
4197 3464 55716
2513 5512 121154
2470 1076 374637
9917 4233 331409
7365 6245 171727
9347 3914 1585537
9159 7711 458749
4915 4160 626192
932 9838 934674
9360 9682 1168753
741 3088 151789
6924 5389 73542
930 7203 68730
2770 1472 105678
426 9454 40330
4637 7261 307566
9295 7741 1680518
6331 4187 173315
4589 378 1931070
5205 5572 5420
1826 6531 437383
2589 6127 198616
17 2307 144899
2884 1355 442138
7102 4858 240215
2468 2002 267431
7831 7526 163079
2172 6541 1423576
2723 5913 236413
1980 8347 393850
8756 9368 2648
9666 1083 545809
209 8248 277703
2501 5366 1153362
3338 1225 568191
6561 5754 212661
9031 5666 197286
4322 3364 222177
9442 7658 28979
276 688 942629
5537 8841 139874
4045 6412 874
3272 2094 406299
7808 7443 1364486
2028 2217 176854
203 6813 783328
3224 9071 609490
6360 2882 616050
3616 422 354780
8232 9258 378201
6948 1618 486045
8662 7901 490127
4099 52 108369
4420 5455 107179
2369 4454 18266
7781 3161 1437975
7443 1017 93443
2745 9948 115151
1317 1411 597910
4428 6177 2938424
8316 7028 13699
4579 7225 259696
3009 129 674063
5246 2974 219460
1993 8340 42624
5036 8761 1109206
5208 3073 156326
8069 1292 118810
5619 5928 411244
6485 8528 264552
8270 2209 178150
4675 7425 1118248
4770 9668 114242
7872 4880 738497
7291 1293 457005
2110 607 81296
4287 4313 1895203
5671 370 798430
5522 4033 133996
