229
4553 2463 372357
9926 6953 293134
1875 2151 890161
6522 5192 146601
3476 4863 46911
7299 1573 579424
1052 74 94777
1000 5033 641786
1230 6929 550589
828 9795 51710
5177 159 204745
440 5669 3048983
1961 8688 88043
3735 6308 96101
2797 6472 223176
9582 5282 224497
5209 2624 14444
3395 8134 1085348
8881 6340 530298
2020 8355 704852
5447 1650 385919
3056 5302 321140
5101 2530 790896
2364 1057 158995
7490 9866 89820
3469 6788 919749
8119 6769 306979
336 5175 206002
1247 5949 468615
5273 5214 388298
7163 4514 35131
1927 9578 467676
5543 7261 162274
8670 9367 32157
6545 8902 624753
8046 5449 2060585
7803 6601 36854
7319 2538 213503
9482 2956 928626
5164 7531 476156
1921 6847 713704
8025 7399 480611
9078 4553 41806
2380 5299 107471
5086 1319 594405
4740 5706 771446
2980 6216 1229546
85 3319 29956
8912 2235 294319
2640 5328 1195913
4291 1965 277551
3196 5607 532620
8038 6249 230959
4273 9148 519154
1228 3716 415246
4285 589 435275
4929 6559 50684
9534 474 216326
6506 9317 616638
4273 459 462691
6939 2979 46880
5424 9327 30005
5696 1813 220429
2180 1667 970835
3016 7192 584909
1760 8471 658118
5885 9330 244548
165 9650 347587
7576 2527 51160
6238 807 227
323 2963 41944
2630 5192 187709
9059 1722 241680
84 3084 890010
3285 5967 447111
3645 9318 119964
7415 9034 289070
5685 3097 532944
2642 6598 531702
7362 9620 206047
322 4954 148782
8829 1096 733330
4483 8561 294154
146 25 76300
579 1141 309715
8271 5709 813292
4537 5556 360802
1541 8759 449795
8868 7524 264668
2770 3688 112504
5311 8819 159587
1414 1089 1469727
3631 6116 46675
5744 2604 147554
2864 7272 10156
1581 7772 145550
1086 6722 729774
3946 5284 164459
3017 3023 183750
9572 5439 990809
7734 5299 414474
6157 9355 59180
9713 1174 101884
5692 7709 685818
1606 4331 329320
6402 3235 832318
6773 90 227802
342 9865 201546
677 6362 46254
1501 4288 707292
3097 6508 727284
1088 2164 618340
7666 8494 1323003
9984 7709 197285
4259 1231 1578960
1411 799 375211
918 6056 402836
8486 9692 46017
6318 110 1476809
8805 5184 1603
5877 1231 626575
9638 1834 388538
4969 3456 623082
7475 782 135376
5398 5437 47629
6548 2363 1582294
2598 2153 789122
7575 3141 1283527
6664 8034 978691
7648 4345 292603
281 8398 251628
6341 5788 155342
8359 721 188976
7369 468 295845
7618 8531 695990
3336 4039 2134833
5054 8252 92891
1992 6336 265131
7873 5997 491958
369 3924 120049
1872 1195 1313379
3666 7893 673799
9445 8112 247150
3450 4430 1288769
6956 1842 7714
455 679 126415
2796 4512 88120
2666 5713 123978
4953 4093 335354
9630 8581 25805
5354 7784 542647
5312 6036 618227
4606 1371 568568
7336 6831 1366220
5710 5012 601232
6638 1697 133532
9019 8629 277454
4319 20 538837
5907 1318 27540
8115 3562 80712
7694 8665 229666
3557 8116 680774
5677 2685 1187142
6322 5363 505953
129 2262 857261
5805 379 407856
7897 6226 616266
3806 7823 712576
6852 2848 147775
8363 744 49723
8617 3142 572722
8180 3046 305910
2591 9920 216634
1069 6668 1236471
2927 2148 614054
3054 7135 257900
6415 4602 3083249
1089 8066 156476
4432 8196 192185
3115 2048 34908
254 757 1203812
217 9034 73929
3522 1063 4086
5177 7698 300421
8791 3866 42848
3486 4803 1362122
2930 76 229016
9552 1685 552830
2672 6493 161377
3137 2817 546549
3093 1849 359537
3094 8488 436852
99 8657 343897
4358 7170 82807
7304 6927 116725
6733 9269 360411
6464 113 175736
6211 5791 196848
4641 7530 821973
4825 6855 47525
393 2144 856089
28 4160 479495
3003 5782 474503
2315 2796 195999
3318 7714 71095
716 544 158913
880 8918 3450
6360 2674 189481
2353 3820 1533794
7856 2210 106048
1922 8988 83313
458 4903 143231
5152 7488 231671
2442 4469 57977
7797 5720 36077
3595 6160 133217
5628 6141 301054
7594 1744 308586
8428 6315 101954
6652 8188 257792
6886 8920 156799
4378 7662 45840
1350 9154 47795
9383 9186 239628
2828 536 342004
5072 7500 394490
1388 1472 44598
5478 1158 217780
2037 5633 91109
