229
9666 8240 413146
3734 1901 6375
9906 3026 1275945
1348 2745 640828
6392 3185 505889
4021 1465 214497
5543 369 34327
3589 4921 1095379
8951 5181 34711
713 7493 183020
8476 7106 57346
3599 8386 544812
5150 9986 292893
2279 7603 181754
1192 2810 823342
6507 4770 1145736
8247 4014 616802
7954 676 205712
4547 4580 8053
3329 3952 213448
7213 4486 382848
7320 5372 1396316
6470 5452 113161
9323 1462 595755
1534 3559 208975
1800 63 113987
4107 5734 148357
1621 9651 1161730
9031 3222 663400
1697 7406 77899
1654 3500 557123
9362 216 175456
9271 4736 408079
9888 799 52888
4233 4361 223047
6890 5731 863364
4542 4323 208758
1649 7537 1142069
2798 5182 291801
6152 2547 207749
6761 6134 36277
8478 5516 663566
1396 5882 168183
7636 682 71988
7139 8253 144014
8235 7637 219545
9958 3515 943295
242 716 68456
755 7798 132387
5512 4605 1172021
5017 2038 790272
3158 3620 2203279
7214 4772 130354
665 7855 295111
3299 8406 701871
7633 2353 443977
2916 3866 542672
6594 6257 20393
207 4624 234527
8690 2144 245761
1003 6340 781467
2533 4764 331184
4048 1752 839592
4320 1462 652412
9489 4120 561890
7941 145 844072
3798 1569 118303
3995 9906 48291
6473 5578 46317
8432 665 224546
7291 6962 548278
5787 5447 552828
9340 7761 590379
1933 4011 79609
5735 7390 549336
5519 3038 334852
9052 2696 128000
2408 7214 79353
2689 2413 97268
6585 1240 151941
2052 8523 795183
4008 8356 117751
775 1526 126387
3311 2958 288576
7118 4065 547078
858 426 32275
3032 7121 2104544
5785 3034 601693
9265 6384 24901
5921 6594 156827
5376 4984 828663
724 307 374338
4108 7552 243881
1103 3112 401990
5090 3300 566643
6358 9669 344527
4428 2097 337798
7838 3776 738325
6562 7644 675257
2763 3869 93511
6343 7511 431387
9961 4695 61283
1776 2904 632724
6660 6456 81609
2126 3264 147783
2294 1751 211060
6082 2330 175205
1993 9630 611124
1328 1680 222162
3131 1383 48433
6394 7667 1181596
4522 3858 1172853
7723 7329 893263
226 6512 40393
8771 7771 295714
3945 7247 978535
7193 4980 171214
7053 4022 463665
4212 598 355011
2209 4833 323378
1839 5542 760112
9964 3764 715611
3385 4197 18879
6163 6400 1484215
4942 224 234109
6229 738 150432
5666 9843 480877
2141 5786 767090
2149 3188 257744
5657 6471 65373
9621 3205 63267
540 8306 656439
6017 4730 169538
3860 7568 110034
5934 4759 1046536
5369 3721 341103
9999 3607 946399
6932 8748 303042
8530 6343 138946
1458 4047 97021
9669 6992 631353
2977 371 59447
9417 3704 75455
4812 2823 112008
2193 1860 806068
2187 3070 63220
1588 9239 2187835
4575 3016 943668
2492 8655 657255
247 470 66550
2701 9598 95671
6484 2868 201803
3722 7936 170873
984 5858 153547
5397 2970 16874
1522 847 765242
2287 4488 331292
167 5985 1796146
6731 7860 155820
9705 9742 752711
4382 5060 425607
7469 1269 407904
3763 5346 836568
1012 2014 849553
616 7943 26321
3768 3947 353452
125 5968 797503
3546 6581 23064
297 3716 565387
2296 5243 26299
7471 7962 1057
2775 5221 431297
4188 1968 120176
5452 6663 893579
1832 6363 1021337
6445 2982 1364573
2645 8450 91806
815 3971 751189
3134 5895 514547
3173 3878 933361
6286 6541 287780
3209 4294 246003
3667 6498 284798
7381 6706 380518
3632 3997 370034
9352 6745 590615
6115 8777 158022
1137 896 644313
7500 2247 509442
3177 4811 269465
3134 2846 316000
1669 9871 228607
2273 4807 29993
77 4896 88538
4916 3761 694646
5272 5774 806733
5206 1973 630146
2231 4948 897
5980 2147 9452
3015 9722 559538
4305 5592 172298
1693 8404 1156317
2315 5539 338009
1420 8719 25547
3927 6808 52429
5751 4872 91157
9382 9989 550730
9950 1628 694034
6778 5334 760769
2056 4450 54054
4938 9408 1516231
2089 3790 44088
3965 5226 852710
7256 2540 533627
716 3250 174677
571 3462 350140
8452 9897 270255
6799 95 156235
6559 2353 450042
1052 2122 683575
1019 5152 450685
7058 9145 67517
8785 4961 1211159
6931 5180 25525
4858 115 319397
6236 9705 327094
3763 1328 9091
2004 3948 66295
7593 7106 33404
