229
3788 3397 541277
4218 742 124619
3733 511 455815
7566 8057 724370
8311 6570 840587
4065 6906 11628
3807 9417 867639
7736 4353 39312
248 2284 585271
9041 3215 245853
310 979 79364
7440 4794 75071
924 5589 70468
4988 5707 636013
6705 2402 37634
7114 1117 190518
9314 8882 293568
5343 3164 534509
1147 9040 699768
4052 1414 65327
7846 4718 137044
5625 520 42665
7220 157 560801
2457 168 1992449
6319 9755 559544
4785 1952 127753
20 8998 551310
3500 6696 531056
814 7494 360322
5331 6782 395804
6071 1180 63180
9011 5349 145039
5323 8685 1118880
7711 1268 227832
5737 1671 97571
477 1686 254450
8893 4387 336928
5466 9125 1183343
7013 6803 1228855
1086 9482 505979
8757 3785 193931
2871 7986 639256
5106 4614 336135
858 3487 64945
3325 7292 556727
929 2196 385335
102 8455 185327
1034 5735 183831
7376 1546 786925
4133 6807 246535
6336 5160 580144
6058 855 483
7567 8856 148927
3622 1363 249252
594 7215 137360
7528 458 309649
3961 9824 1332542
922 7940 209323
1940 3674 1456447
7822 1040 392211
3526 8963 243414
8708 4838 270694
6393 8401 196286
5039 9173 94148
8775 7443 225851
6413 3765 212106
1926 8420 2743274
4919 760 210131
7992 3829 130401
3003 3582 303024
677 78 203900
4276 5083 142909
3352 456 470058
139 644 1983161
4459 7640 164750
8815 7082 65917
4740 884 9772
4390 7591 159248
3878 8274 504906
7467 4572 1129323
5705 610 259298
4987 6436 4261
2397 1096 95761
7385 7540 80551
9932 7507 83526
7657 3954 132019
6697 5632 50241
2856 9137 107320
7364 5999 798096
2275 3194 475027
3154 5749 13275
6667 7640 388790
4172 545 93602
5533 389 643455
9389 9393 336782
2410 2054 75614
1827 6998 622169
1495 1744 143037
8731 6547 760173
5781 4532 165621
1488 4315 899179
2930 8091 335598
1746 3059 642956
7261 8923 992036
1960 7961 1669704
2284 2505 172439
4574 3453 135724
6480 1206 143547
7853 9106 1928581
2482 9871 247679
443 4971 205874
3933 2720 463234
2636 7226 224091
9989 3718 472951
396 5444 35981
2022 775 210056
4100 5832 263415
497 161 633757
2739 1177 362099
5963 1652 164050
9340 4022 559569
5364 4867 809468
6378 7972 1211921
204 7135 48389
7640 6758 161751
5900 3616 701377
4020 2021 761
3640 5962 293848
1994 5286 279723
9360 5141 1040639
6189 480 244413
5380 7879 532800
9166 3119 298420
9773 4731 230559
7592 4105 962589
8676 5683 387355
8092 8819 221766
8979 8724 670056
5938 7815 67289
6688 5907 308009
8358 7119 146666
3380 6011 491815
772 4943 199245
8626 7702 206339
1151 2692 639421
6636 8577 370065
8229 4941 153859
848 6083 579984
8651 7588 530339
8012 470 1076120
7699 1590 54142
1209 8024 236953
8216 2112 204828
6059 8510 279972
8625 1007 552554
7817 1504 379244
5211 1541 820699
2030 9833 652912
9645 3067 153845
5121 1277 77093
2876 8035 227646
2658 5759 634516
2520 5514 217848
6687 3183 311132
4246 7236 648444
1100 3040 69229
3650 1328 194669
1440 2749 292595
1425 9798 384580
9722 1390 1228513
2413 6620 337772
3318 8593 910012
1495 6649 1333337
6078 1794 252616
9259 2282 1231902
3318 2377 987145
3809 8414 346900
2679 9872 694898
1209 3687 48504
6409 7847 104911
4804 2 421039
5677 6918 413650
2539 8588 265255
9423 2693 574147
9033 1560 34729
8625 8012 456098
1722 4594 462038
9561 6950 1444861
6848 730 571347
7945 9165 190244
2930 7263 428600
413 8643 111194
6898 4679 260715
802 4038 138452
2156 6784 32058
4985 1882 497425
2394 2077 1578546
1549 6492 350533
8955 1077 127380
9970 5800 94226
7636 8347 1185149
4695 2104 661241
3084 8297 556087
6302 9776 1051873
5490 1996 15561
5859 4078 859
4183 1174 479014
3427 5341 294130
7797 6063 845463
3546 2397 1207946
4727 8846 312429
1907 7008 171977
3313 8876 267726
2470 8964 136148
2914 5853 167276
7771 7094 514502
1037 4204 99377
6388 9708 116330
9748 9798 793708
7870 3347 125392
587 4431 195443
2422 5587 192264
8918 6756 806087
4618 9020 812607
7189 9492 637021
1005 9435 122851
3565 7865 333258
8722 4635 1177376
4048 460 44859
