229
8377 5312 738337
1155 8542 72516
6773 8961 124681
2270 9431 768367
6793 4246 261775
5066 9472 947261
7518 1346 481969
1202 9350 163380
7716 8368 8056
5262 6221 289509
1255 5365 50455
5111 8430 83083
5626 6063 323603
990 7517 19734
618 5746 45809
4304 1131 363114
5126 2685 127700
9825 8009 2212472
470 2129 418034
5759 6510 943841
1612 5375 265807
2273 8295 8112
3705 13 186287
9900 7252 234783
4799 9007 210583
9916 9003 1223951
4823 3656 187190
672 6528 1702486
2733 6505 548060
2750 9659 200170
2556 3486 131118
5724 5241 10567
2879 492 824325
1846 9271 219174
4378 5941 127979
1674 2439 533757
2716 8553 899964
2657 5965 284305
7546 4483 363763
4256 8058 69871
6678 2134 859215
3259 9238 387760
9308 2162 1241667
6836 4435 622455
7084 41 109984
6566 5014 139952
9396 2151 680093
2716 566 239707
7067 3894 489880
4479 2579 368463
9172 286 74898
4825 5853 73707
505 8982 1624947
8205 8427 140099
8938 1049 194708
9007 5747 620898
452 857 229609
7343 3791 462951
5198 8513 56113
6154 4168 89901
9775 6064 108345
4439 9806 97078
4770 9845 400838
8850 8967 22755
4679 6278 17391
8516 7970 597067
756 6917 173418
1688 4259 3639
9675 9166 122057
8663 183 1671999
954 2740 696115
4887 6837 30214
9928 4660 18303
927 5155 335119
6514 306 755491
4467 261 455970
6601 5404 276692
6290 6029 47382
4342 8285 247415
7809 4981 538432
8673 6717 259107
8376 8629 97859
4314 4347 2636167
4176 5700 338302
7600 970 90947
8596 8572 86358
1212 3382 1275698
96 6677 34013
7425 670 171050
2669 405 923608
8773 466 619944
4714 4564 885741
93 3002 280629
1276 2368 227916
6544 2206 408432
6419 2488 738701
2273 5220 371603
5474 615 2327737
6276 9960 486988
6075 3353 20535
7811 615 486834
2660 9614 508005
7040 2311 886223
1259 2134 851305
4625 9907 295697
3287 6504 46589
3717 5415 439866
7629 4088 24898
6411 4164 135459
8250 2944 379922
6957 6188 721639
3266 4224 1844191
6052 719 520475
1901 9143 388218
8438 1338 23347
9806 9150 166608
628 6170 223665
8882 3198 331815
817 9011 486033
882 2473 2231
533 4941 8774
8867 407 106773
9127 1782 331628
7824 8589 232689
3803 117 540180
7361 6540 387404
1207 2914 336705
4202 9127 273786
3597 6587 145476
1713 8181 492112
9794 3547 464174
9463 9061 383944
6913 6001 183197
4627 6833 129270
6726 3779 732599
7047 173 60894
6307 7254 523317
3875 5229 1138027
56 4309 558735
7464 7518 900114
8936 7817 63148
9372 302 191004
8216 6796 166741
4674 1489 40226
6355 1900 360449
8996 8885 376447
8095 4547 794187
5070 9980 1333618
3540 4270 321796
9456 8900 21819
2651 3584 206598
3804 3967 116370
9229 2251 609981
121 4473 526089
9120 9018 319684
3459 7554 143039
8343 1422 744390
7755 224 160710
9675 9428 361644
8469 8741 56571
3794 2342 41537
3846 5814 476544
891 8568 131718
2428 9138 20193
4763 4838 911930
2817 1922 22677
798 4838 444074
1636 4659 316159
2197 4625 840301
3249 3231 287772
9661 200 296088
1769 2804 385268
2883 7255 560927
3301 3349 1096007
4773 1786 886101
6677 7933 287195
2586 1211 163570
2650 5929 60727
2943 5118 348619
8904 2748 120477
3276 7061 450710
3441 4413 185645
3456 6375 121177
9163 597 2118284
1590 9016 508990
6874 9254 1695659
2385 7800 8900
9452 6268 36434
3046 3231 255770
8290 1744 283587
1950 2664 61276
263 8535 1078098
722 1465 149607
8205 8745 646944
6684 4420 235169
3431 2453 115838
229 3559 746673
3757 6486 221204
8057 2185 159162
9256 4930 823272
1698 4632 44172
5841 4660 273112
4320 6788 320631
9248 428 178306
7973 469 123796
9200 5674 122065
7626 3205 529181
877 4434 174300
270 4500 670864
4270 1103 2334004
955 751 627856
7666 3479 498583
4833 3611 177154
3494 4027 664714
8813 3087 171447
1595 4095 66244
3304 2274 211609
8449 3568 242276
3735 8087 426492
6349 9571 1410304
1702 9261 748184
1326 836 373346
214 5086 713231
2322 9931 81922
6384 2846 1566822
1456 6382 640522
2325 3330 74748
8545 904 191184
7128 9235 855309
