229
7933 2300 42620
4946 2363 275610
946 8709 1028024
6620 7681 178492
8292 5490 21152
2548 1694 854707
30 1591 271917
9022 6887 461435
9484 7251 19401
3558 9950 677683
9778 6324 210331
1677 4988 341834
8014 9645 301415
9355 7889 115054
5631 9053 87415
3686 7257 504672
6159 2728 563729
5837 8987 808164
2342 5815 205662
8562 7547 78624
7896 8058 267916
5554 6846 49582
3227 2883 763942
5699 976 354880
4891 5833 231285
6306 1459 208214
4049 6868 146034
4306 4742 118411
8158 4486 145527
2036 5787 206996
745 9092 360298
7742 4723 40710
4036 157 656433
3191 1941 594872
6634 1783 197804
1494 6477 669289
4479 3202 101328
3279 6547 103081
6285 2249 488827
7145 2203 393678
8276 7010 94313
5498 9167 296367
1879 3121 579131
2834 4 649078
139 6579 1264457
7355 731 94827
6426 5225 104442
5744 4322 34801
4552 1624 1124562
921 219 138171
5818 866 342087
8358 9762 201202
6966 8320 1054922
3755 6477 490774
6631 9355 126486
6196 6616 277191
1742 8089 1177792
6437 9941 951460
4561 1411 868246
5760 6622 385572
6712 3947 127572
1152 1906 164594
1188 4726 897451
4052 1775 450542
7617 6887 470795
201 8275 253761
6612 2707 581838
2373 3823 232160
9608 9554 186573
3685 2611 431172
3457 9646 237259
9939 9088 523214
5203 3209 219913
7126 5771 971510
7018 3813 240418
5037 9639 256754
5401 2541 722841
3314 8506 75999
8271 4833 518426
8822 4610 445661
5986 7085 519433
193 3394 625877
4717 2357 383587
8198 8749 505550
9410 8787 358482
903 8280 316361
3996 7454 124282
639 477 333759
3134 6250 428774
8999 3920 137759
8842 8169 18540
164 3537 1347740
8347 3527 239544
7633 399 136434
5192 3701 465676
3924 9793 170193
5991 1663 527900
4566 1160 603571
6334 7978 870199
4812 4551 258556
774 3629 137193
2095 3437 243031
6562 1420 255551
5370 2262 78132
2798 7495 226250
9120 8725 213134
5704 9683 1370734
929 1012 218022
9851 9300 2322735
1796 2906 807859
8071 3261 896096
6248 9018 219859
7685 1313 238076
3567 6990 54400
3124 7240 1085504
7516 4187 96098
9242 6083 43076
9608 2635 1162963
8619 7130 309952
4701 4907 320440
4763 9126 99667
7006 2662 248726
9044 4173 554390
9993 9372 58529
2784 8110 860271
8814 3914 147851
9225 1440 338922
1053 409 270892
7184 6638 763541
9213 7453 519747
7570 5849 278167
4817 2996 65466
9313 9861 1357690
4422 3619 745643
838 4249 44805
115 9859 90426
4112 782 814725
5588 9665 475139
5014 8817 913365
5408 8045 262446
860 3941 451555
2048 8914 314751
5400 9519 341970
1277 3111 116305
3464 7137 997166
5900 6177 1374842
9181 7296 341695
498 3731 644635
3316 5883 748791
3911 626 38998
9661 8352 219789
1475 6784 90039
3601 4987 91015
5203 2361 512377
9354 293 198529
9349 2344 689047
1510 2107 621733
7489 3478 318437
3773 3615 595980
5895 492 768901
8739 3996 270914
7436 8702 164634
1723 4291 357604
4734 4953 1534228
849 1697 8634
2297 648 560485
2513 4822 53788
5178 1909 93009
1596 6431 136573
6885 345 90927
3657 6391 394106
8536 8485 953670
9764 8413 404142
4028 4986 345827
1714 8189 2212251
8884 6297 396711
3986 651 372185
8752 790 530482
3222 2946 121507
633 8169 364344
1416 2579 881824
4127 7324 1119278
4476 1435 6022
9703 4445 1317823
3438 5918 534303
2688 7765 755811
3958 7364 82540
2552 4259 99452
8069 5039 765412
3480 8049 770961
5810 3195 186095
1890 2261 70957
3573 4613 22083
6655 516 26322
3190 7878 636201
9919 6437 214671
8573 5694 477894
2808 4646 261429
8578 7498 710860
6611 5753 196956
1320 1793 182674
5390 4615 126417
2653 9266 360654
6198 8949 353227
7730 1947 357047
2446 8510 46043
3231 4567 263890
5619 8591 362524
4822 8061 80077
2852 5660 385185
5765 8153 1506677
3141 6985 755398
7874 3651 317734
3752 7162 219499
2255 8542 725528
4055 9328 1857784
2695 7631 179924
5990 1191 270600
4801 7134 58569
9440 8171 984547
1112 1619 587909
9111 5892 256435
1903 760 358233
2049 2645 44213
5020 3403 380410
4961 9037 624954
1222 7482 505898
5825 6988 742137
3036 3402 133231
