157
2494 7229 210787
7342 4597 1582299
7 5594 58795
4544 2316 705568
7823 4280 148202
7165 4340 135818
7170 3341 399257
5975 4743 1096210
1194 7044 205805
1888 1380 341727
6105 2493 232513
7433 809 1107193
9077 7382 279971
3835 5479 4470002
5405 9664 1455836
2873 9364 703762
6338 7948 113475
4064 3633 665232
9666 2528 101839
5036 5782 119005
1757 4875 1274369
9510 2680 901565
7131 6436 260661
4388 8558 172775
5333 1469 427731
892 7263 1545303
265 5420 647445
1394 6804 439033
427 9227 157550
8665 4976 521583
5581 777 35933
7793 128 60349
5165 4003 1184165
9113 8733 704332
1445 1772 247608
1621 2039 357666
8876 6923 3586
2721 8881 111625
1150 8168 343059
7533 205 1725101
4944 409 741924
6520 1044 516379
3571 1202 359312
9273 5735 809599
8428 678 119221
8940 6053 328358
7652 9787 771043
2275 3699 1474280
508 5729 73185
6240 6147 1269
6216 3234 197149
8332 8984 337840
5159 6503 976954
9001 2015 77763
9535 8960 8833
677 6110 212253
1201 5019 2759358
3791 3880 1898863
6220 9371 2285851
2312 6645 961090
5843 2362 885710
8271 7897 1284840
4660 2106 436684
7459 5546 145285
6855 3596 145879
9009 1531 492183
4407 9937 514889
5646 6495 68651
5291 7713 298894
6013 1884 2367622
261 6182 608309
2083 3972 1152428
592 3185 391212
423 5296 266165
7909 5127 989096
1642 8790 3725913
7635 9530 4385
6632 80 384877
9360 3214 1024570
8370 2559 97611
9649 41 1306828
4765 3807 268724
3433 5522 342266
3897 1280 625960
1653 8494 132607
7921 4139 950570
6970 8259 139080
3150 2897 59382
4284 2572 50988
8855 2197 941135
4622 256 39871
4051 59 29021
1514 1212 1286547
6001 2753 531180
1919 1137 259156
7692 8206 651082
3733 568 74454
1627 3654 520227
6217 4742 186313
361 1158 605783
6197 7525 837289
2577 1795 1063487
4332 2982 114102
1279 9613 1553790
6286 502 728979
5813 5361 234774
2013 5148 991493
1135 3046 510955
1771 4897 220232
7500 2818 740765
6882 6626 1206889
1194 6109 214533
6598 4948 597894
3364 1631 520190
1502 4207 83342
8847 43 716443
2644 8866 66071
2913 4725 721652
8441 5299 3036389
9712 1755 1191449
6653 8171 622792
9335 3629 264209
808 5656 586176
3415 9558 499780
6946 1138 869049
112 5591 247454
9603 7234 16734
3457 791 325429
5122 2771 627769
6451 6515 324563
2773 9019 842406
9999 4980 157352
4397 1388 118215
3038 5488 292505
5221 7901 341694
3445 1392 242396
1143 197 1427622
1979 3636 296458
2439 8255 289393
6810 9850 273882
4439 1841 1402884
7301 8788 539867
2731 3703 2044842
5106 2129 227011
3305 939 1412758
7009 4318 332968
1914 5946 893732
6305 5721 216302
4788 2367 1070214
55 1115 389023
8302 4962 600269
6159 6152 296758
40 4498 377952
5746 7375 78798
4656 7238 443214
2737 9119 1036477
3564 6388 168699
