157
625 3306 1229491
5879 3033 176249
2328 4309 455629
2956 910 604408
4034 7985 1756817
875 9333 1201407
1584 2253 85617
1335 7946 942548
2869 6406 2473792
2654 8509 19456
5260 8917 487005
7723 2042 38883
88 7765 1342217
9515 7242 743707
5040 8396 11511
9460 8302 768703
5374 74 227616
6724 6567 1088358
4385 1287 612389
6199 3867 933897
5937 4818 82375
5444 9890 227326
627 8168 1512766
9343 7060 839230
1620 9187 1236652
7646 5431 845398
4551 3701 317975
1053 6036 1375750
3887 3980 959197
7037 6707 377906
6819 7980 521318
6843 1411 1094565
1405 7833 114937
1555 6688 43618
9217 3302 2860715
1837 7149 1537660
2090 1803 71684
5300 777 346470
3332 7294 1234823
9654 3324 104877
251 2709 754550
7606 7613 555394
1411 8821 543416
2817 869 1198518
4973 3809 14209
4329 8379 1748944
7970 9257 24742
8175 9257 1587599
5729 3415 1671863
3310 4069 650603
9525 7685 137992
9416 3265 109368
3817 6260 245240
1964 6155 116613
8059 9885 30439
4853 6721 276017
9741 5371 88852
1644 283 19933
7607 7814 520639
4637 3925 173549
2759 8886 562280
382 3553 818380
2762 1796 730183
7167 5654 555120
9790 1212 729748
4611 6941 87131
996 8119 1444191
7749 1953 1734412
9280 9525 171603
1706 4779 66381
5085 2023 262548
956 6611 86189
7191 4512 2000353
1247 2077 162529
8683 5564 49159
4406 8458 376707
9580 6692 123814
678 2144 14078
6919 7334 563905
8438 4563 926224
6793 6604 1056796
594 957 393955
9397 5969 218021
3862 5722 2085096
3028 6485 5484
9276 8899 476923
8272 5892 62066
4341 8904 362207
5666 3213 138862
3396 3541 801114
8264 5596 559141
2626 5137 475297
9259 4052 1385491
1484 6303 159217
7956 3060 733153
1888 1203 567663
4625 7626 474967
5380 9428 1097155
2216 5054 207912
6565 3704 262048
9523 740 421319
1781 8019 133505
5947 2002 1019231
6879 6571 675282
8159 606 58768
6801 3776 267141
8724 114 1415887
3223 4455 22989
3605 2902 228747
9419 3397 426856
2849 7498 20289
3558 8511 7133
953 2197 278893
7181 2743 63415
1735 9601 1283486
3511 9520 341635
1423 6123 235713
1258 6855 130929
2927 1067 1978905
2051 720 72512
2777 1508 2071048
8305 4500 210335
954 6268 901508
8078 6468 468775
165 5135 562799
845 6633 481235
5700 1677 277654
4850 2120 155433
117 3158 416389
4501 2578 1222894
4631 6458 848125
6506 5205 988681
2343 9445 428219
8607 3775 44885
2032 1253 269525
4681 952 288627
9576 2823 35974
8155 4376 231623
484 8 575492
7876 6920 1721448
1250 2385 470691
7319 8523 680497
5227 3872 1623264
5675 3357 225291
1747 8190 134653
6204 2490 1436058
1178 2367 266990
3721 203 1133475
6285 2716 626432
2929 10 1681306
187 338 891377
9259 2307 365685
7141 3008 736519
1213 5586 1419845
5472 5617 1581271
1216 3651 130404
9297 9852 952013
