125
582 3853 223491
5137 3178 3291556
2373 2834 855293
6408 2861 907082
2395 1535 3469638
342 9958 153631
3926 8225 778636
6994 1337 1780837
8770 6287 370170
4124 4272 1142569
1026 630 1520456
3080 2970 534134
3633 5980 1195861
8014 2657 195934
2510 5230 1128817
9059 9672 487748
1325 2213 137850
3570 7625 761146
2342 8658 315551
2285 9637 299400
8149 5070 56406
1378 9406 636573
7395 45 54805
6331 1904 1166524
1428 6021 1651905
776 2404 1358521
6894 8928 632983
2891 7736 197982
2583 6852 2841513
3021 1629 193551
5031 3291 213241
3866 3824 411497
1276 4503 467949
3745 5446 142267
4664 8986 85189
7611 4031 1047249
1984 4524 962911
5047 6708 404643
4043 3441 148199
6833 5169 961881
1293 3731 244780
6424 7902 996881
1926 494 4078625
6838 2077 56730
1236 8932 578771
5471 5000 326688
7017 2409 269431
9126 6049 2035855
2094 1606 628656
928 8915 209363
8493 4702 710157
2557 3961 448551
7826 8604 1061670
9729 5730 591627
8613 7679 150954
9581 6613 350124
2487 2151 10579
927 7387 903581
2671 9130 251076
3964 90 721198
5498 3507 214078
1833 5888 922994
4242 2683 519753
1210 6779 896451
6096 6400 106718
1094 6211 1325705
7441 8868 995203
4767 5274 357869
4051 8199 98763
4852 2941 336526
903 7254 860571
6522 4235 1288266
8955 1566 144194
4482 3384 80565
1722 6650 1561200
9932 5351 1216436
4663 6543 2014309
6460 9241 1279811
2723 7900 432708
986 2078 423689
3863 115 1317298
4818 8214 186561
1905 2433 500461
3746 9761 39794
9000 2467 975757
1883 3313 1859182
3495 3510 859621
8735 7596 192973
1536 3189 3219812
6461 3424 1178613
9891 7850 106433
6723 7608 306529
222 1610 1312014
9282 6356 1689770
5995 1965 440664
2408 3751 601674
4279 877 1660675
4403 500 2287293
5338 330 1159632
6107 7655 825357
397 9019 652450
9002 5674 1555577
3010 8318 156757
6703 9285 273715
2922 1180 1171214
3769 4140 550978
1223 9413 1510305
7817 8191 928604
1379 7321 73756
3241 4173 404641
7921 175 71680
1276 7555 604646
4361 7888 130377
1031 5684 314512
694 3845 82719
8753 6907 352523
8831 9853 450668
4239 3546 271672
2534 2386 2103213
6332 5364 832597
652 8162 417161
748 5906 812880
2949 8728 20071
3496 9768 1291763
4945 503 1358713
