125
4924 5250 24665
2862 9605 181780
6637 9312 264905
2642 4955 628252
7814 6765 652354
1055 6308 491093
8015 638 718316
7293 5332 4702719
2289 7043 1766783
2452 7484 1224669
5091 5933 129057
9923 6802 140876
49 8431 1681693
8411 3055 17806
9767 993 1718604
46 1370 367247
4325 8549 1271898
7060 5650 1323027
5219 85 688491
4469 4593 142046
4085 7085 546638
5502 1810 24050
8811 1740 183264
8262 8563 710707
1231 7233 312926
7829 820 1869483
2316 4446 1544214
4152 6256 2294495
2445 2156 89964
6528 6210 29418
5134 8448 1436794
4719 7889 443764
7040 5564 866597
2307 2749 797855
4585 658 1301507
652 1430 11277
4736 7069 157819
6624 4813 513148
6080 3531 2438795
208 6597 3886
3497 4345 272898
7684 7312 398346
917 2561 230729
3363 9011 37857
8106 1499 1581067
2450 571 242696
5054 8673 61504
679 6528 1408670
8959 5978 817722
9219 6695 2426
6378 853 73436
9242 2587 857183
469 5250 42481
6483 5982 599659
6175 9826 2712800
3568 1650 55383
2635 3013 72405
290 5798 1188924
218 3083 1528584
2984 527 95752
5300 663 1382353
9559 5247 490084
7363 1908 1641387
4327 2210 763473
6087 5074 453079
9423 7664 2892165
1956 5823 877362
7428 4777 1011708
6456 8504 1121268
321 3256 814024
6504 461 443661
9504 2376 97037
8495 4560 314473
4699 1748 34184
5727 3083 1218677
3661 2233 580590
1927 360 297782
6400 1517 605424
1946 3743 1354047
5455 8438 2497096
1902 62 1667352
5372 5113 214314
2060 4505 33508
449 7750 42047
4198 8199 55264
7215 8243 2872407
3877 8048 152319
8907 5041 858802
3099 6171 215069
4761 1840 1714439
2460 6519 1545910
2796 4307 400110
1687 5707 324461
6004 597 698355
1046 3716 255821
7603 4301 1008689
6712 5770 1522373
5686 6174 301719
8389 2878 557267
4549 2084 522308
7530 719 93
5653 2227 736137
4524 8172 637217
5879 7472 1098742
9217 7901 685346
4738 7715 789975
8235 4577 916747
4767 903 312270
118 8568 997453
2069 5562 1248652
6155 3451 1724305
6882 8087 154107
443 6419 1145336
6692 7438 35418
254 5137 327505
8233 6064 1893228
8234 4355 588001
2146 6436 698390
4358 8533 2125146
3120 4839 701712
3497 2728 714051
5425 2187 441457
9827 348 474447
5212 4558 347845
8259 6649 1360608
