125
3253 1518 1515859
346 3422 292350
9046 437 493026
8308 4166 1685566
6094 692 106228
522 2557 41568
267 3841 348499
1768 3400 840705
2540 7418 93769
4133 303 286440
1412 2704 413542
6126 5741 591693
921 8433 175214
7209 7400 1293872
5804 394 845167
8571 1707 236571
4934 7405 1097816
9052 2370 216424
9651 8281 741423
2599 9258 559242
8483 9065 523282
6353 7878 1301077
9730 3718 285110
2434 2729 329438
8214 1130 199077
7369 9025 1644904
3462 5936 208521
1891 5635 689511
8326 7257 1476
8570 8258 776443
6533 2453 1166486
5745 3283 782233
8544 5164 383324
8192 6556 3317686
3426 216 507610
7258 4190 403843
2780 4934 631794
3350 7139 1127148
445 3745 1738586
8000 3281 366872
9603 2257 222748
5956 4462 426370
1919 1118 267723
8687 6616 2924382
2530 8762 2665629
2708 8967 482060
4536 1234 1778321
7614 5167 1851097
4798 4450 598034
7285 4301 115728
4930 2456 845821
9532 1727 51659
3232 3506 359934
5847 6824 226009
2642 1674 980224
2707 652 1607579
5479 3245 1006137
461 3475 77371
9931 2807 3066302
8214 7393 209687
552 7128 1467687
3473 653 1390389
8177 3489 508547
9906 9126 329068
4756 6800 187313
1296 2822 429518
6063 1630 1145761
9738 22 1006960
6969 6018 146955
9101 6600 1009571
4966 2992 212806
165 6834 387163
2626 8456 763664
3038 6199 634429
9244 1348 129826
618 8587 130641
8049 6906 1165122
8571 8914 458846
3779 8818 1875210
451 4005 89979
3786 366 196014
7198 1541 770929
9529 8830 1240666
8749 7103 152074
9082 1587 318117
9050 1818 851647
6186 9323 410606
1039 6685 657131
7647 4654 1310062
8524 7971 2832494
6278 3437 241569
6191 610 543230
2247 9102 169208
3379 3608 1095281
6130 6600 348462
7826 9724 1226997
4535 5176 2702286
1694 6496 137559
2991 3113 258644
9648 999 18906
5941 2472 120582
3012 8036 144381
9563 6987 419958
5758 1008 259423
6287 9778 856098
3906 8944 102936
283 8059 3600487
5630 2496 2688893
1999 8089 965038
9687 4800 544082
8879 374 582627
863 1343 807084
7733 1285 918012
8693 4755 393406
2598 139 1818092
7732 4693 97551
5453 2858 1847855
2814 8090 1880294
846 8930 119970
6047 7067 1290631
9883 1776 31054
8671 8534 414315
5827 6282 167084
782 2848 2304994
2291 6072 651606
