125
574 2415 692320
9634 2134 716623
9500 4098 55388
4763 3912 1122295
4354 3427 570374
5957 4858 166858
3487 1298 217833
7181 391 788238
1981 8229 36140
156 7867 348872
2157 4865 411323
4603 4716 1797712
2250 386 496805
9664 8810 707968
703 4556 295290
4359 3673 265384
2579 7217 347772
6587 4253 849964
6578 8278 357055
4045 2002 12747
7870 3317 429408
3738 5914 148435
931 756 667242
6191 244 2162950
9636 6487 211477
7678 8890 779057
2363 291 2536
5293 4489 710556
5286 4140 40347
9870 1058 269734
3710 8124 666163
1846 5498 790054
3907 3228 220797
969 3531 1488483
4674 2303 27311
3876 2417 3885243
8327 1359 172136
602 3176 3027075
8593 4469 115118
3841 4572 1416019
2079 265 986771
4202 7147 155635
5959 1323 2062935
1582 4397 759045
3639 5586 349088
6690 1377 822642
2329 2183 3089897
5493 5670 943485
6490 6335 18676
7314 3478 838240
3261 569 369164
4622 8292 1170176
7174 2443 562339
5466 7095 1120052
9274 3876 1718361
8481 4674 607098
6403 3432 667582
7359 1804 1698288
8250 6637 586896
6902 9542 416364
3078 6236 656090
4764 7443 103437
8732 3577 471047
2614 4281 223691
4401 6265 1000816
6370 3652 1822680
1942 2124 110226
6122 9629 1068480
5992 3001 2410868
3906 425 160215
9236 1131 476863
2513 7733 1884934
3535 782 980976
5190 5746 212054
1830 8983 1002534
7803 3632 1366953
6019 362 268368
3451 3990 1370910
8239 727 1294889
28 775 294924
6551 8014 52863
1562 5337 1373041
7292 3635 521378
715 821 1514955
6605 8427 886346
2841 5499 750110
4717 5055 37830
1160 2882 668393
4842 8823 351259
5017 1245 318206
6108 9153 166177
2694 7947 119958
6574 966 398720
7925 5386 1549782
48 1621 1567184
4439 9328 484052
6923 395 2007318
4569 1837 1356321
1886 8859 1045698
8316 3674 1424059
5903 2567 692814
611 7958 1031083
2454 2869 303342
7052 2063 640099
6266 4357 22147
3744 3895 888137
6635 6319 474895
7451 6776 1579851
5333 2583 169685
6680 3700 1514817
5882 3430 1188678
6935 4878 1033134
3274 825 356610
7274 515 350171
1865 2953 2299619
4664 3884 1822819
7425 9470 493404
456 9969 118648
7392 3159 958421
5172 8565 1546783
4752 5210 364828
804 7552 35800
739 3713 1313954
8217 1358 525404
9249 9424 70416
