125
4922 1019 70569
7803 5514 333236
6700 7270 1234117
7495 4650 120349
101 4636 1125670
7377 3202 1062511
6678 9663 683938
6069 7598 992224
882 464 3061856
114 2806 1367645
4461 1722 56080
6393 4078 714736
7306 8736 1627147
3050 7737 864005
3196 3984 2326798
117 8805 73301
5405 5662 282027
1513 6167 85263
7426 4112 2478481
7194 4252 765399
9580 8137 563348
1065 7293 1755899
6205 8243 1128861
5363 1192 546398
8547 1890 392914
7069 3335 1286285
7337 2498 893430
8495 4467 413058
2563 3877 180169
8510 3698 88728
5218 8295 361548
8296 8337 153457
747 432 3729211
7089 4333 135088
8150 3853 1001014
1647 9304 292351
1641 4917 423223
4544 8623 68911
895 740 548981
6982 9226 661458
3056 4881 83344
6687 3559 876733
8220 4592 866073
1563 594 1288339
1912 2010 529166
704 7198 222971
853 1991 756745
308 1333 1848856
9969 3050 118409
7703 3549 311648
2601 3341 353269
9714 513 1644933
4455 7168 529523
9390 350 255884
6931 3037 369221
4921 7563 388803
533 7481 38684
5144 5288 606694
5619 7686 602609
6120 5199 1363732
4267 5034 2057550
4117 5764 608781
2112 6375 536661
4408 5884 1863571
6412 1870 144425
3257 9543 602913
2626 7089 33136
7600 9506 11901
6374 1785 1599469
2323 2413 494239
7058 5307 166399
9717 6428 501745
2376 6293 500678
7173 2997 140708
7227 1834 1359390
6465 4172 1071404
4206 9333 940753
1852 6338 773633
7334 2158 1895517
1521 9606 569780
3283 7392 1008950
8959 1981 1141230
2182 6633 1004840
6070 549 1658701
2920 9302 285383
4608 5056 170052
6219 1626 1128952
9343 5598 673282
6651 3416 1023394
6083 7877 1176845
3215 9831 786760
8203 9328 522398
332 7660 43973
6000 9133 737204
4290 3414 245710
9265 2882 660603
801 6753 909091
2266 233 952168
5177 4678 756845
7210 3402 1745814
1278 4061 113778
3111 191 509742
9034 5290 909699
2147 9186 810544
2270 2087 2636940
7690 7457 394802
6393 8198 826154
1628 1059 2438479
4617 1207 451186
552 8383 201016
4204 5728 2041824
5667 1204 1232771
9162 623 1272144
9253 1205 1237135
152 4152 363521
4809 4223 872139
571 6039 217380
9276 6859 395590
4628 3938 7379
2670 5002 1140812
3341 9951 1776784
718 2570 36950
4455 6067 79204
8119 3883 231968
7735 2139 291891
