125
3271 7192 219301
5328 9692 1873
1544 4903 91029
8456 5398 62621
5440 4573 705341
60 793 711788
5552 3000 462646
3565 2319 606333
3680 8181 167767
3637 6649 2203918
6022 3006 83528
8212 5164 917842
2045 2133 291029
3151 7614 9235
2668 1343 1329178
9925 2251 53124
7113 7710 15880
3551 5766 1111189
8497 8242 455100
5546 4881 129874
3122 3651 4638394
2780 2441 1278489
6632 2095 1218734
4551 1598 987033
8244 5325 784853
1550 1768 5840690
7029 6158 198985
4634 6326 1400481
2284 22 703747
7466 2994 1391772
8734 4382 1373358
6408 2875 127352
8489 9007 506359
8241 7066 1542574
5995 6098 97863
8184 9284 138219
6346 2076 574247
8410 3566 264332
2319 2121 178614
5320 8487 271695
1225 5036 386854
5169 3484 118843
5817 2421 859866
2582 2133 579386
9261 5865 2083569
7791 2901 644094
6874 9690 70507
948 7521 849685
1970 9845 295209
8526 1922 1323675
6688 1148 131967
7953 5580 269677
9198 3671 421064
7143 6352 376087
7888 1466 808847
2302 4406 467374
4774 3073 70670
9005 748 1304220
2987 9372 1117540
8550 7294 318169
2800 8412 261802
9036 6063 663321
7703 4691 140801
5388 1223 122892
2664 4497 261297
4468 976 2632012
8622 7896 505655
4203 1686 2446918
3318 5567 663020
6923 3795 3135504
7856 5147 161965
3134 8011 3107154
9907 6127 92125
3913 8585 4038540
6218 8457 349440
9430 1278 2853503
6337 5331 717894
6616 3622 2000770
380 3479 139673
4440 6827 342826
4743 4564 5783
6999 840 508735
3051 3756 575465
2511 6 926850
2143 6883 1535785
9529 2391 100710
3862 774 29021
8472 7220 466570
9822 5740 322660
6897 5846 250986
3834 2346 254498
5599 186 318446
4311 8246 246271
3933 8887 794920
4620 4494 268963
8478 5774 274721
3512 2989 1089954
6097 5939 73266
7896 6209 1926372
4288 1536 78616
7765 4071 354118
5767 3810 372284
1827 2044 523058
5906 9931 1617100
2828 9978 352850
356 7209 18372
507 8429 438527
9519 3591 55522
1292 1136 89292
7654 5034 971460
2730 6955 1335707
3985 4632 184919
1506 3402 1331609
563 5866 1050448
7475 716 1062170
7303 6540 1901098
1973 6666 1396780
5900 7380 40386
6550 9863 229284
6951 6415 193617
15 8224 1216661
7414 4433 122691
8368 4187 3739954
7452 3366 996712
2847 1151 75987
