59
8077 6375 648536
1177 9048 78463
9600 9678 870860
1473 2304 5766364
3069 6941 1063152
1278 4447 67362
4337 416 1132168
7028 2484 3128344
523 9460 325903
8414 5523 948971
150 1742 2465005
6115 3124 78022
2937 7008 1504626
6825 6623 1162699
4030 4502 5605349
64 9288 55510
1287 9346 3072673
6111 4462 1158296
8127 5460 28953
1397 3117 1928389
6758 3807 1190872
1111 1821 5358027
2510 4251 5252122
6675 1009 937794
9804 9563 1069529
1754 9633 1903214
7996 2773 10700989
9200 8236 92403
2248 7737 548555
2708 2646 2512763
4556 6709 556092
1163 6840 1188923
6944 8810 1397345
7333 7385 876838
5866 4132 1814756
8552 4142 4920470
2207 932 20636
7271 9767 498935
5503 7834 1088644
5851 8852 1626923
8830 205 3529390
9199 4266 4282861
9044 7912 3446650
5566 3369 232294
7090 7855 252386
4031 9656 3938019
7173 4625 2577789
7660 6263 1255333
6065 6434 803180
6836 9335 72885
9481 5151 266963
1713 2084 479616
3842 9457 60431
4558 4731 1840768
8601 3806 561421
7490 7563 150972
6289 3365 107772
9280 195 728547
5831 3743 767248
