59
9784 6095 887242
5431 8623 807150
3870 3682 36429
9718 6873 459083
7820 1465 2934313
6396 2582 141052
7933 9620 965509
748 1156 229655
9599 7341 88767
279 3481 100135
511 2545 860553
5347 8173 2209860
6363 804 391480
1485 1326 2394808
2857 4694 1109136
4657 9194 739353
4578 5293 4531650
2594 1658 3425962
5672 5751 1916913
2615 1451 3149833
5711 7270 3165631
7343 1749 1633034
9226 4321 121449
9377 7401 3811056
9885 621 1097271
4263 7857 2037645
6723 9852 613075
6980 3924 684482
7792 1247 589837
6459 7173 2865160
1722 7062 1382493
1041 7960 206094
5905 439 4281556
4283 6003 2180490
4953 6215 2450946
3944 8699 335462
5691 8171 1115882
3404 1092 4960705
9780 3079 2856541
908 7066 1543803
2061 3217 1207002
4085 6060 2126964
3568 8369 666517
9515 6341 1601305
6884 7758 1648367
9321 9879 2585836
9029 7528 2308968
557 975 253555
7581 3610 1255390
856 895 2605729
5289 2820 1339783
4948 2912 1442867
9625 9658 416121
5686 1542 4684556
4010 2519 5403069
5477 6652 962990
8388 6782 1267939
2052 8411 1121848
5870 996 1789699
