193
194 2064 837777
4103 7132 1483557
1723 9815 66321
6281 7680 1515188
7855 7337 855243
6468 222 1736354
8247 2693 1774115
4678 6514 2886985
6808 7380 639306
3592 5851 359339
5975 7534 141696
9867 8044 351764
926 7593 181286
3641 6081 43796
9398 1969 125690
4875 5643 748509
4793 4146 1020873
6754 2473 342517
4024 6911 897045
5682 1195 293161
99 7335 510796
3414 1618 696497
2814 1294 277415
5965 4877 315101
4446 1646 137746
3019 8813 168139
231 4044 339806
8027 6187 12743
7360 9417 409433
3653 2272 53903
9069 8707 832707
7205 2679 809044
641 6699 107764
6424 7153 371317
1765 8777 65886
1704 4922 266174
5307 3122 607301
8339 8163 232091
3053 6402 24851
9562 6896 828187
9023 2483 717633
1897 2058 640843
1823 6139 315492
9121 6626 474838
86 8444 69513
7576 8361 1198744
4413 3521 1069445
4062 7100 657113
6898 4983 250428
2853 5743 45395
3979 5629 538878
9268 5765 624485
928 5803 1409782
5407 6625 90693
7002 7640 22263
9695 4994 268925
2414 5548 45747
6201 7742 338661
1158 452 351191
4046 3803 343663
2442 9254 644806
1939 7407 1063291
8375 6827 381784
162 7614 392371
6475 2101 1934463
4795 2911 807379
875 5753 77935
572 5113 1016130
9908 7249 619764
7732 2366 71657
8636 4682 150646
6671 310 67382
5055 8331 112274
1496 8972 733155
8940 6221 873481
4266 1219 805896
3223 4559 99122
6695 7331 586017
7901 1448 100041
6212 9438 224934
6899 8228 237133
5767 2151 1050263
5497 5302 959869
3325 1304 48581
2496 4241 411642
911 794 90665
47 9452 147306
1700 8492 237578
8694 1428 881497
9479 943 539427
8600 6009 84007
8641 768 44908
59 8276 1832877
7769 370 469126
4289 512 423604
1256 2007 1126714
8139 6174 100350
1474 784 76137
6704 5907 308537
3663 1437 713385
5048 5113 1425746
7166 7778 1370715
4935 7318 278447
9673 5387 379139
4947 2517 49478
3584 8557 255304
4066 7448 19107
7435 9735 598156
9540 3116 396004
9098 5220 874602
9248 3412 380098
7768 7713 8134
781 3283 456707
1743 7141 133006
8071 2144 308564
2793 3818 267272
9115 6712 869295
1481 7177 936013
7573 3748 268917
564 3230 2375925
259 9119 681196
9288 7340 156259
448 4567 5106
9529 2355 4386
2752 6310 1233770
8230 4099 2282217
6499 2356 260500
2788 2647 1463048
4813 3053 65291
1984 1721 211037
465 1067 1362875
3015 8714 525954
2782 5265 95540
1658 7532 139912
4814 9697 419748
4568 6034 3359827
4391 6631 1010122
6168 1123 102056
9501 9296 51885
7134 1058 620006
4114 1468 547682
4489 6041 29392
2219 3917 388665
3526 6926 54523
5242 9880 413177
7354 5932 4970
6228 4896 229299
5631 1047 833344
3016 1924 13131
5010 5105 320188
5041 5936 86651
5351 1231 1156593
2638 6068 66129
2661 1064 1259650
6258 3381 43587
8943 7673 737154
6644 751 450122
6998 684 355396
5263 3703 507174
3026 5715 495816
2602 2266 670965
6284 9266 10491
4520 7637 290743
6234 3188 390538
1068 571 318652
823 5322 875190
2415 8059 254941
5380 6645 271938
6338 3039 286200
1764 1227 224962
8680 8679 1518759
5412 191 62408
6975 8120 267532
9766 6276 204523
4026 7700 132998
2070 1275 182315
6450 9550 419181
6218 3538 165955
935 4241 947625
3355 3987 343938
5524 2411 291043
2997 5837 473598
9568 4889 557530
3725 9185 32778
5011 3825 50670
8233 4497 43632
2854 4252 1935573
6657 6266 385280
4287 6118 464517
1295 3497 9773
2084 1589 25672
6153 1063 225312
7078 8481 583472
