193
3369 4928 1173072
7570 1611 9227
169 5183 329837
3231 180 1192429
5384 1349 255050
1645 9202 162026
136 463 239461
2573 8963 748262
2860 5126 490062
7725 3502 74957
8279 6781 142044
8056 2689 68890
1918 6103 270452
4342 6579 496564
5780 5531 77826
7526 1074 2270876
8307 4620 580824
1568 6705 446782
9240 596 43707
9975 4564 12791
3989 731 600545
307 1486 2429708
9992 2650 1096431
1332 834 150715
3336 8397 143897
3900 4538 54836
3986 5643 1941366
7097 2045 320198
3823 647 251219
2102 4155 827796
1948 8954 747217
1147 550 101439
3537 3529 31113
1200 9197 50461
3104 3864 138736
1412 2012 1170634
8601 8920 215113
5162 9448 157954
5555 947 365433
1268 1425 605641
4542 5793 676943
2268 3277 77691
7578 8632 87165
4808 138 746595
5543 8365 1444218
1025 8014 375085
8141 1886 458600
9890 1489 827863
9494 6936 383180
2854 641 445266
9970 9740 2150255
9132 1489 29244
8702 5600 275064
1784 4758 639820
1247 5112 426909
2986 9579 180779
7737 9895 264538
4615 1197 1546971
8756 640 1433231
6162 8373 265112
3086 4428 79059
9175 3510 592425
6357 2569 46631
9108 4579 924962
4466 7868 525952
9020 1225 56818
6135 3197 3402
7486 2268 1105896
1058 5988 1526505
500 7757 753033
2612 4998 467649
9122 1471 15029
8288 8880 40714
5703 7100 1462082
6570 8771 207126
3469 5132 17593
9090 844 73801
9459 6186 262340
4789 8225 522975
2374 6606 414252
2798 4911 909583
6847 592 177071
5750 7018 1249861
2461 1275 112478
8120 1146 143995
2660 5311 157763
2475 4905 21219
9915 9340 572886
9385 5779 88644
8382 9513 311638
3052 1030 487581
2760 6368 397009
3456 5228 38615
254 4358 49243
9164 143 711312
3820 8630 1324112
9757 2943 270645
7362 5114 673647
6771 1551 555840
4021 8302 111098
5655 6215 600843
2102 6814 820511
3737 8703 296336
6636 3247 794868
3357 8549 177175
8367 3735 351574
1441 6583 373659
544 3325 94148
4429 5360 754030
5981 9611 462814
2233 2552 200543
4116 143 944152
5477 3139 330309
8976 1767 49053
7949 7420 1189815
5490 230 85171
8168 2434 706616
6155 8853 346529
5434 6520 370861
2885 6287 206554
3004 2993 1752125
3202 1071 267756
2075 5253 1127327
3316 4633 422841
5947 5890 407965
6703 2343 417770
2535 6110 460965
7440 2380 583316
1013 8320 227175
3136 5061 1131774
5802 5048 791430
1082 9152 2289991
5330 3341 229350
6320 8958 167478
1018 9774 173820
2736 6566 44558
4066 7196 123242
9801 142 897172
88 2414 635473
9375 6126 84206
6519 2041 100339
7716 9710 377480
8479 7148 134043
7568 869 17222
9033 980 822425
7055 1455 271981
1160 5271 760654
5340 6786 748223
3339 2088 644232
2490 2048 294934
6146 9140 619100
4037 3964 482803
1784 418 211189
4197 8840 612758
4182 2479 543662
3202 5963 370511
5780 5768 81528
7855 5681 289378
4802 3566 100701
9103 9063 681263
6511 836 138727
6314 2479 1081839
9699 328 1054031
4347 5923 406791
3060 5481 1538599
2714 9125 804430
2292 245 80887
1960 7054 532080
7407 7995 971334
5898 3573 609038
4271 5100 28035
3765 8629 167606
6184 8060 905281
7947 46 367418
6652 5585 150727
1358 8928 119690
5681 9789 16563
7262 9118 410662
130 808 390296
9210 9424 1213294
734 7586 610545
9175 889 192002
2720 3306 2846640
819 2016 171436
8449 7028 1765409
7037 189 258956
9850 7611 65658
4910 6945 76372
1404 6272 570972
207 4012 524405
3554 1841 676000
7854 1247 488151
9316 3041 527801
