193
9524 1305 3293
5581 9754 2084365
4636 8905 183944
2702 7355 216219
7897 4685 242558
7074 6393 19797
102 8828 1098807
1591 6942 84967
1680 7223 198661
7375 2387 988088
6805 7770 63450
1680 7665 10016
3320 3257 1381034
4373 650 1025640
7240 2266 306258
4106 3332 50136
1389 2761 2198892
744 3014 197300
5794 8355 185809
7478 2716 201995
8684 40 272660
253 3777 411321
4828 7127 321579
6052 9371 1224758
4232 7726 544232
2316 9356 1478116
2301 9602 192977
9294 4634 43931
9044 9666 157333
1617 2080 1264554
3945 8461 128045
9701 9639 1829
5553 6964 43999
6041 5857 614186
6261 5922 454484
3637 2106 24198
7644 4265 111839
3168 7818 288869
5788 4567 315783
6700 5519 21466
1487 5937 155731
4660 7038 196728
677 9054 12842
6976 21 136141
8043 4232 9333
9685 7669 702253
5734 1966 614057
3560 4105 129399
5453 9023 342095
8599 6109 484539
8646 4906 171209
1565 3754 152800
8399 4083 733707
575 7030 52628
706 2614 828215
2357 6954 183361
9720 1498 86288
7343 3724 67228
1489 2534 1909585
1952 517 352777
3503 3692 144800
4647 487 181994
5686 4769 1166868
1567 5658 1818395
7426 6252 55133
3446 1957 511041
9141 6455 416749
5376 3176 206916
4870 3040 88239
6504 2290 1027951
3547 9991 1258050
4780 3330 151641
5440 1762 64804
2459 3245 235218
5006 6824 91280
1243 8372 175401
5879 6788 441467
90 8063 231893
4219 7532 473698
8551 8800 520233
2227 6831 30629
2257 6822 605778
3252 3153 342927
7307 1837 16893
7022 2260 178513
3006 68 66890
9255 3368 1028297
8672 8563 106062
2751 3127 407933
8671 2843 360752
4682 6975 54601
3520 1668 1224295
8433 1401 310153
9836 2028 455879
9012 5145 919255
6054 1576 29576
3166 5914 1633642
1781 2251 1952393
6210 1879 338966
1559 2535 366267
6651 1936 825590
7971 5293 452348
91 7031 254734
9697 701 530999
6950 2276 37868
9047 2588 304901
5091 6482 271495
9304 6753 578649
3720 2480 847
6069 1945 2485594
2879 4344 479612
7849 5698 293275
8391 6851 219135
724 512 481365
7073 1083 883780
6348 7432 1124686
6359 4635 669999
9485 5885 724322
1307 5277 696773
1043 6165 415989
3601 8235 200244
2018 9588 81681
1970 7394 156307
2593 9940 1767063
9847 7447 343342
3655 9824 420953
5433 9488 790760
8909 9355 1022159
8264 6864 177828
2409 2364 120514
2472 715 262216
4555 4188 919170
4776 864 31736
7538 6675 314894
7684 8663 184473
7600 327 649087
3834 5104 324141
4076 678 512432
3815 1168 1501079
1714 5882 200503
4604 2657 356987
7636 288 272751
9673 1004 69045
5618 3102 1643647
3915 7541 272968
9429 4092 55127
742 5633 744676
5217 5724 461489
1624 13 343479
8335 5080 1986841
3420 9759 1943067
8328 9610 588810
4436 5871 840027
4008 3857 3898
6978 1642 1429697
4072 9855 1466702
7639 3702 856045
7127 8327 816228
6582 9771 329858
5074 8567 526168
999 2451 576182
6117 1749 207866
6592 3385 132151
5647 2139 178793
9982 933 10552
2605 9516 353764
5063 8627 1080863
7791 7992 565142
1378 1748 1478953
2139 4853 948175
9482 5996 1385
1541 7317 343684
2311 4679 1042666
937 4739 153975
9627 8623 252923
972 1610 119276
1743 2007 1014954
7987 2782 269790
5902 7486 685399
3420 5528 46110
9351 3001 590918
5860 7400 68490
5708 4516 671229
9672 9745 314457
7058 4608 837276
4498 2183 7875
6697 3248 690298
6057 5422 3564500
5689 1113 12155
4217 8389 480553
5770 1256 478088
6619 7246 267093
7732 9917 164636
