193
1686 3260 302567
1703 7947 278180
9884 2296 1524026
8939 5283 41069
1797 2940 618843
2275 4531 500801
5241 8234 37569
7615 2969 645106
9178 5300 936273
1979 8024 914106
9181 1194 157457
6179 1893 1389452
5279 3921 346080
2447 4583 516813
7509 834 7635
3581 998 169736
3956 1636 1692082
4374 3778 17426
9858 9491 1004624
4408 5398 880487
8167 4075 965300
2882 7326 639295
4823 7046 329699
7147 1394 999090
9371 6749 102848
2363 8314 495678
5522 6585 988594
7909 1321 354799
6729 8058 761893
9536 987 211564
7696 5089 84094
7604 1607 33043
7399 4332 1017454
9185 9609 316393
1762 8405 243138
6788 835 115356
579 3935 65851
3244 2633 1775577
9773 452 479317
9953 9780 80281
4697 3460 405662
9419 971 187648
7125 6404 585345
7129 4979 179144
961 323 850643
6455 3546 570264
3758 5903 115375
1934 9487 502358
661 6079 663592
7858 6027 361722
4000 7598 60863
1062 3972 41010
3308 2260 180796
9081 6625 481318
1526 1667 218662
7177 8339 286037
1725 4784 292279
570 4224 12567
1947 4905 12236
9476 3417 542198
1085 2869 521727
6170 2760 142105
2596 161 159754
2005 6796 962729
6213 4154 210823
1664 8982 636217
7035 6457 715373
9126 3914 359275
5026 3614 537145
267 4078 449849
2257 9301 64705
5455 426 516617
8899 6790 610666
3823 4904 240249
1815 9256 180985
2750 9329 1990935
1336 404 440394
4862 4603 261340
4511 3888 279302
5825 1873 867848
1126 3945 516985
944 2915 1870417
9604 8675 35461
5892 1908 268129
8406 230 467604
3246 2735 115863
4401 8247 1201846
1365 1088 586797
1476 6678 1786105
1519 149 73876
6630 509 476725
650 1988 755951
5561 9401 199427
621 5802 236437
7253 2054 605667
3823 2579 229854
429 1548 352038
9175 6023 470973
3521 8104 13007
1177 3209 724430
9918 827 34069
5235 9405 1021394
6061 3392 774470
9151 9401 1397158
9972 9025 93086
9571 7248 33553
2054 3425 464704
599 979 16421
3424 2254 692959
7431 8721 113179
3788 568 2347906
6952 6490 109515
8747 5429 694768
5992 1590 770249
8401 33 425573
5390 9529 289242
1520 4084 265554
3978 9099 781998
8873 2115 1758602
5918 6346 323038
8812 4537 1835778
4139 6761 1413095
9191 8762 60904
5477 4131 178038
5938 1825 754487
1566 6377 636272
2063 8336 517905
3468 9132 204121
7685 1161 129566
5132 127 801491
399 5359 806482
5510 4010 10740
1581 6626 190112
6398 3231 111755
1105 4181 440886
6234 9204 1403693
6397 9893 531869
5734 3586 893657
5776 9001 83497
1900 7479 80426
7963 9539 270897
7872 5293 126995
1500 1409 393922
2353 3404 1780773
5851 5215 606976
4201 196 326515
5564 4865 52883
9367 7928 591628
5138 6515 24446
6593 2666 100933
2708 5662 594112
1377 3811 296928
6867 2075 454389
4195 2064 1259588
5503 6164 422278
5459 5097 700666
5872 4163 34437
5853 6556 1058219
7123 1445 143342
4653 9289 2089158
9065 1245 29917
2091 1046 93381
370 707 1956864
4242 8322 241149
8996 1111 728685
7144 2531 757325
2371 2129 229531
2178 8285 323484
7996 250 628852
662 356 96526
520 2144 164898
6432 5993 38171
4501 6194 725621
1281 7970 110088
5266 9090 849327
2710 1344 1925024
5259 44 19519
3538 2466 269812
8567 4017 1563371
1056 1350 342466
3722 9224 109424
5351 2935 281302
8643 7402 260010
7150 66 308634
7703 6214 351948
7396 8510 362928
5339 7794 29696
5542 3937 879950
4111 5827 296272
8006 3393 462665
7180 9247 945634
625 3241 17221
7640 5782 54063
