165
588 4422 1342666
5751 2923 429067
9449 379 459005
1873 9655 657779
4633 3907 86162
4654 2207 961372
1067 1190 297900
72 6325 128996
9812 8721 103117
8292 5812 1205054
4720 8228 899157
4422 4045 235262
357 2969 1358230
5797 5321 1123985
3899 1983 552491
3875 962 442853
3735 3816 169920
974 6346 1105770
3612 5687 2254989
3535 9767 43616
3447 7360 623782
4519 4274 304550
4769 3626 210240
543 1065 646517
4003 9285 2365433
7102 7620 386764
4662 6340 110587
3415 848 1416360
2049 6714 1118388
9429 677 108984
9258 9115 1133594
305 2292 662242
5930 8927 220911
4756 9195 443934
3752 451 115061
4315 1079 454924
8421 6096 126716
4179 8612 372277
714 8485 561151
202 2794 562598
2780 7787 638986
2047 8208 47829
2528 8376 93254
5692 9238 129270
2428 4181 640676
3399 7648 431984
2056 7226 446985
6711 4042 664415
7510 1604 208422
9161 7949 848173
5000 9124 303310
1281 2876 793898
2408 8110 827319
1523 4581 645549
8276 720 29896
3645 3354 31967
9475 2979 17315
7081 7019 185988
7386 3211 474062
2044 4500 1786898
570 1614 306604
4381 3824 453787
5738 8048 518970
5423 5262 170974
4167 2901 303176
7987 1110 243259
8564 1240 1121546
6983 8696 1283759
8781 8848 402471
5327 3851 1120311
7441 9745 156683
6574 1547 547691
1931 5044 398683
1150 7388 632603
7791 5409 1365163
3072 5636 197657
8509 582 1025670
4813 3013 642141
2822 3745 1847275
9674 9610 1472151
7488 1591 366112
1360 6714 396690
4691 2308 513700
6716 2317 119711
3831 543 159840
564 6738 142015
6781 4772 577262
1040 9912 310567
6522 9349 239409
63 6358 3378139
2682 3755 283136
1081 5889 314849
8856 815 320695
4134 4089 934329
462 5598 202428
1883 3402 1027734
4512 6778 1874299
4648 182 567891
1188 6781 247414
1451 9543 492961
4924 3197 2551477
8710 4526 430690
2614 3638 2415
5792 4796 652160
7212 5539 48444
3111 7947 1222994
4279 5666 176431
1368 1390 1937126
8984 2701 755871
4396 1866 44073
5348 6880 68189
1947 2716 1174213
9021 9622 636702
3844 2333 269273
385 8053 184634
7167 168 1039945
716 5934 696436
9836 7705 217922
9415 1952 248768
9618 1780 1275723
1733 5200 368512
7643 4297 114940
7678 1801 317626
7998 6008 324362
4799 3758 1243072
4404 3406 103593
7536 8513 120221
9672 6130 725283
7373 4732 540757
5061 7146 664240
2722 3261 145733
2694 6508 356925
7166 1788 2427389
4654 9292 168776
6663 3733 47362
8077 2746 289244
2620 1275 462454
3141 1772 317242
8719 2953 605736
472 6781 842799
2078 9421 282376
7723 2510 12198
9835 5337 71683
8299 5773 471041
1304 7245 118384
2450 8577 372502
495 7940 1452296
576 7987 427979
7085 2823 476660
2395 6478 519173
7581 766 70079
6070 2055 1647234
3798 1700 266928
1579 9506 210172
1446 2777 87681
5488 8881 388428
1545 2986 3232755
2157 524 1658279
2048 9788 163642
9742 2950 21169
765 2900 369924
5367 5827 422955
9794 904 425603
1396 8330 1221560
7384 1236 61192
