165
2759 8829 152223
5074 1718 1237312
6443 5929 294342
5334 1454 3403628
1268 3254 40783
2920 1832 143410
5514 7982 166066
2140 4283 160104
7115 6658 882625
9236 3535 606711
4366 9816 859721
4989 8142 633372
3154 1170 1580857
2777 1760 1370763
1028 3644 984333
353 8890 236622
1730 6390 1625450
8156 3393 138584
9649 6865 268785
7805 9236 126776
2854 8320 353806
8931 6367 659504
8056 5039 523993
2782 526 483739
1244 2870 719093
3231 7347 363968
3930 3465 516731
8305 3940 1447470
9868 1080 498895
4491 8342 311589
1200 3829 664542
2976 3751 467567
3899 2055 394091
1618 148 60796
1164 446 232165
4852 9298 1367950
6637 9827 421992
3352 4182 205961
2874 2208 189665
8712 1746 565800
2865 9165 3162
9158 9686 767310
7588 5172 988069
6062 9117 969682
5002 2250 224036
7697 2080 409304
3333 5516 541235
2743 6715 1502462
8051 377 430568
8957 5658 1944933
6049 3609 906595
3866 8960 477332
7148 9012 1148872
874 3404 941147
8034 4974 707832
4267 8916 273952
4564 7239 117632
536 3849 1820065
1445 1706 794818
6595 6849 50946
6758 3317 22732
4947 8770 233851
9168 7249 213580
5625 5689 49153
4808 4682 1704809
5795 7988 591954
2263 1809 852323
5970 1452 161532
3012 3372 208760
153 1530 748
6910 896 350280
608 5045 324740
437 9379 102144
1510 2974 1394000
274 6236 1648399
2043 1722 602612
3237 2516 270223
7011 4947 180407
8699 9979 482528
4640 5422 80645
7584 6035 1182451
8612 9333 36825
1888 4986 1282709
2783 9334 1749644
3251 8244 1115725
8216 8914 320721
7973 3122 412391
8868 6917 3120
9221 3472 649453
654 9936 1289934
3940 3774 555538
1260 1194 1120444
6135 6182 999742
7973 8889 733429
5093 1081 198422
4210 205 13328
446 973 894706
4476 6031 207786
5044 4186 527158
9556 7770 147788
8515 8581 57497
6836 9624 978472
7249 7105 43017
1416 60 35216
5510 5440 1508411
1516 6048 12248
1319 1880 268618
4848 4320 1856420
6179 4221 917510
9137 8485 376634
7613 958 212329
5468 5682 35206
2558 3279 30692
5647 2537 2638170
7701 9180 685052
6198 2121 1107539
6534 9571 75489
2070 6913 441052
7057 4233 484215
990 2644 184496
2799 2620 380899
8358 6298 153830
3285 6913 815155
2939 9497 490418
3898 2693 425941
3929 2831 205901
6904 4890 433136
5016 4452 198626
3077 6754 294663
7466 2284 1247075
5164 4716 1061284
259 4501 1092321
286 8050 674956
7392 8082 839592
7677 1070 679810
605 9556 51926
9198 3503 1516686
9417 706 776212
127 9820 876324
5756 523 519202
3964 9084 799993
9300 4769 771061
9982 2216 280594
8528 2903 252238
1317 7780 2733597
9182 9404 30632
6822 4269 350944
8545 5575 45021
6218 6570 34306
49 5431 701994
2926 5651 293530
8554 4084 141738
6713 9530 331482
7706 8555 479771
5095 1610 127726
2477 1422 394932
5590 1145 104361
4396 4605 629092
5904 8931 1584766
4868 5244 316995
4137 3312 145702
4014 7931 94795
7754 7038 49811
1049 8291 778219
8977 5385 545990
