165
159 622 998287
189 1605 597511
711 1907 667181
432 1201 115103
6931 9719 574955
2283 8984 278136
2461 2988 378565
8858 7604 258976
7154 5983 191391
7572 4048 133943
5850 5753 165911
36 7336 407089
5053 6745 211494
9409 8215 170148
1873 4794 1168331
2320 3494 163139
1674 7279 1149843
3545 1806 1340149
7246 6068 81637
327 1791 705869
4871 728 167915
387 546 1265676
8686 6257 776542
9011 6697 653615
8321 4327 247058
2030 5935 424374
4474 591 593558
5324 3017 828967
5213 7179 560006
9609 5811 240955
2105 8289 236194
1011 3893 525503
6761 5086 418302
6300 8036 2790264
149 1811 1154742
3993 6947 201239
4410 9930 982514
1319 4778 58176
428 8950 1411079
9639 5619 449221
770 7380 1696515
2670 8246 120796
9284 4475 395072
42 2380 147134
6164 1690 349750
5905 6734 394144
4092 5071 63981
9898 8990 808216
7451 8848 30242
3809 5466 248472
515 2878 41033
5353 8261 617291
2840 5715 3287716
6958 9737 500671
864 6569 80516
3865 159 563238
3258 8989 149371
435 4414 1073496
4666 9652 437050
6479 7603 190688
5076 8799 476395
7897 9316 12559
6056 9012 453470
3866 2600 565653
4987 1581 1337327
7378 7943 25673
6127 5200 758489
2680 8110 2666170
2480 1345 244527
2251 8999 16046
3574 9963 143141
2041 191 324378
5742 3146 278117
9889 1329 830704
6923 599 9845
3511 7524 1213674
1689 7221 1680075
5907 9213 1402650
3508 8770 604696
8292 8547 463234
7420 1671 1350459
4557 4012 140085
4827 6940 463854
6713 4599 1000041
2326 8374 18317
5187 7291 324051
261 7973 528750
9136 7830 639594
7207 5952 216433
6351 8831 1571355
6504 3442 1716253
6083 8370 1580700
117 8888 583943
7191 2327 371248
8192 7273 1697645
5607 1198 338495
4830 5629 174462
9487 2511 463332
5217 6797 914207
7281 1915 372509
8563 6368 575658
7013 5768 1650778
850 4604 618469
9723 7982 119627
4128 4417 429927
9026 9277 1440597
1782 4083 394330
6283 2382 789241
2495 4401 623797
9967 5054 964045
2186 9842 328596
1120 6196 26348
3924 8363 726374
7161 1853 343368
1123 7111 980478
3836 172 847381
1769 3975 49621
9413 883 732832
9565 9198 446795
4742 9284 1185073
8457 5089 270691
9551 4551 275905
2756 5038 416780
8904 9098 105820
9937 146 1046894
8844 3131 263701
6445 48 1150857
4141 1528 31099
5224 7771 724379
6840 4196 37167
694 141 1118576
1140 9599 418730
9286 6600 473247
6717 1125 258455
3241 1072 1023961
9550 4695 257785
9484 5062 26345
3283 1289 570855
1192 951 167541
5228 7269 610554
9229 4768 531219
7177 3858 591947
3902 293 902727
9007 6762 394497
9476 6778 529174
8815 1193 666643
77 3575 43442
9781 1676 79544
7191 1454 970189
3357 702 1307721
5118 1346 443637
9375 2971 1266802
9795 4637 80962
654 9339 689708
6042 9215 413349
9710 6729 733791
2726 5710 50993
2098 5035 1494298
6922 8047 905846
281 1468 668192
9775 3889 212028
6201 3457 1138621
9270 5407 10525
2459 4811 329499
6519 3005 110463
