165
6696 5100 687424
7791 6656 66470
4182 2026 322537
9774 5901 126100
7180 245 184417
3020 6275 702543
303 3272 382944
8820 7055 12031
6707 7601 173758
307 1737 425461
3318 519 1934035
7503 4314 351559
3958 2867 2132201
8828 8428 395314
8986 5576 188753
7048 9988 139806
2345 5213 175808
5139 7437 757647
3530 4563 1355242
5493 6200 407721
9128 350 452842
3009 1901 493281
2127 1100 396926
4881 7120 872480
1149 955 299412
9877 9493 20790
6631 9500 1155372
2239 4032 170671
4170 5011 1290754
2500 1419 526125
116 9954 1451860
9887 4080 644838
6627 7200 106321
9878 7683 186893
9654 9062 468888
631 31 188760
7681 1254 1645780
553 1918 148314
5970 4711 1172420
7458 5440 544118
6057 1201 544364
4918 718 1788373
4409 8326 277147
820 9027 458166
4395 5196 401450
9464 5480 552932
7545 9047 618459
2947 7451 1231126
8621 5701 628128
6347 6371 1743882
5549 3642 1274194
2291 7116 304234
3975 2718 70064
31 1694 1967917
908 8441 668690
2163 2382 560573
3817 6216 17586
3712 3421 305302
93 5457 863397
6117 8581 193233
4000 2339 301707
2384 1151 141028
8777 145 874399
1626 4792 409054
5170 6927 15580
4505 4331 486396
9936 4686 1201267
1031 8434 1035010
5039 671 314401
611 81 468356
565 299 583749
4882 4779 932999
6141 1285 262583
3052 7436 642228
341 4444 661726
7772 4491 1570953
7202 6028 57004
5916 2058 111955
202 4803 490521
9567 4267 120039
3245 328 100841
6840 2589 2651591
8958 6989 436476
5520 3929 21761
9872 2589 1366039
117 7579 581523
7785 613 204273
8779 219 2473939
7113 4058 815022
2735 2713 257299
8649 7710 219542
7159 5122 2213455
2201 1062 364458
8141 9983 903095
8102 2408 1484979
775 2279 1111776
8472 7439 102091
4763 736 303440
81 2698 295238
650 4410 234706
2147 8825 381696
3935 8692 368904
6037 1101 165176
1309 299 1585002
4396 4118 11605
6432 618 624691
840 3712 555508
3524 8827 544404
4895 6117 350953
4106 9443 82274
3790 4762 73963
572 7276 443371
2719 3858 756272
630 2992 216083
577 9879 974205
114 6171 584612
7946 2445 152978
9489 8644 90563
2890 5258 60868
3065 1 1467479
4590 9967 146731
9499 9056 81544
2008 3503 1605753
5815 9829 314017
4211 8218 556158
6594 9387 1330183
3362 3472 480402
26 581 2414872
9696 8317 315461
9197 7669 170694
1583 6940 74069
4011 6621 814289
1809 7372 432282
5450 7542 692656
4929 9323 89302
2978 2200 526281
5931 4402 780876
2108 4903 623079
6107 7281 144352
2455 5224 251588
4646 6651 294300
200 6276 229435
9544 4805 89957
6477 5680 68088
296 9702 1294629
1669 9235 385225
3409 5111 903753
4573 9258 1758591
2106 3132 477948
8634 8816 748127
972 7955 244100
8546 1087 168385
6053 1901 77717
7211 8794 595245
9467 4069 291449
9525 5534 501077
9846 5137 43384
1442 8067 474772
8990 2428 364502
4475 3244 933018
6913 9877 297421
3126 3431 17278
8543 1288 299167
7829 7791 440704
3424 8844 3216200
