82
3864 1622 2001854
4401 1322 994587
8699 8613 2289293
7368 1970 4263560
7692 1063 1854565
9962 6073 1172104
2746 5081 3675193
9591 6208 406240
5186 7674 1848992
4313 9253 1949607
6284 2867 590728
3568 6152 1580721
9940 4676 343164
1823 9957 1336457
8897 7161 1958266
7907 5899 1628926
4026 3642 1163660
3560 1338 386164
5614 9196 311819
958 9766 1760706
2363 254 858681
3415 2110 923877
988 4904 429263
9860 957 2169795
7351 9574 24900
3437 9375 965458
9763 847 406520
2056 1047 56864
2385 2308 443581
6902 6263 6919249
9584 1520 1636927
3353 6680 2180669
5667 1039 1556280
8607 3615 2135342
686 2029 56346
5169 5061 569928
9949 3121 2727734
3509 2650 317728
3562 768 2411056
4433 3515 34165
5042 2159 2068979
1005 8231 1734430
2813 6480 391256
9807 4565 128912
5806 2692 2941348
1655 4780 209825
2718 1375 1107495
2337 9549 774451
3155 356 1373020
2541 5844 2161600
7297 5002 878211
2766 8942 171307
3842 6588 296458
7958 8465 78145
4200 7540 1442509
7064 3769 1413912
2591 1336 268035
7607 9821 566969
8695 6307 1509852
1607 7125 938045
6614 204 56794
746 7313 1301662
3180 5226 145256
5794 4860 373610
2170 208 1583843
6722 1390 56181
8243 7781 2256901
2610 2242 1983205
9712 142 620463
433 2860 907363
5558 4054 160008
9596 4847 54712
7412 1639 1669984
6712 4214 425383
2212 7135 1618709
4909 9742 1132646
9100 5229 904515
4149 7819 1271373
9138 22 1609151
901 4884 1619840
1650 6301 1130305
2204 3194 322368
