82
8358 2298 297005
3368 8993 233388
616 4892 1902319
1552 7992 1228191
8243 3240 3583594
5162 6439 375941
1774 3934 750376
789 7824 1593542
2842 7699 513713
216 8895 913929
77 2809 256087
7353 4593 2242961
4694 7991 469223
4556 2061 2943355
6622 1651 2146858
9376 328 352665
8131 9685 293398
5504 2759 35284
5340 9162 1328688
3734 8123 23576
9763 3910 178565
543 5777 700167
6689 4961 3670161
7124 3476 1130970
1247 542 251102
3581 6378 922698
2768 3810 1172226
8462 2116 433975
646 1235 67253
7414 9903 3018766
4882 4139 2542048
4167 9090 806533
4182 2149 466629
3871 5617 3812993
5177 8578 23009
8393 3133 1060028
4372 9947 471575
3597 9219 1406608
4460 7218 1898202
394 2790 408782
9512 8019 1439796
6081 2414 3371313
7771 8135 4582913
1577 9244 11753
2639 5838 1620704
925 7490 825219
3965 1316 730527
5537 788 442865
6725 6993 100812
2005 3168 606116
1620 8773 4539675
4974 951 248992
7639 9808 876573
317 7910 37619
1367 997 1536113
590 1339 1238911
922 6478 780089
23 4291 3955728
2875 4164 39507
1065 1991 1294425
867 1854 676582
6319 3876 714921
9435 110 1393707
172 8475 1131270
1907 7534 186793
9900 7934 897822
9436 2721 94966
2812 3243 134010
4362 8713 2733063
4093 7262 3476610
9571 1990 1150278
7151 2730 398229
1902 1220 475453
4262 5376 2693330
6264 5574 675418
7988 8586 1824204
8555 2776 2390042
8805 9747 462744
8774 5145 1136320
6694 3934 523217
4266 8723 955511
3318 2095 1669477
