135
615 2540 274236
9256 4640 1499584
8273 485 387374
5862 1929 1458022
3447 2266 579608
152 2987 537655
1659 160 96898
1560 9383 473024
3532 8976 855669
8430 2284 70945
736 6548 241813
5062 9809 3899
43 9268 665368
3442 3271 2051895
2050 3510 144032
969 9248 358154
1184 4529 745519
9351 9829 899673
2540 7740 516097
9820 5361 472872
7044 936 291397
1004 5483 1510826
4790 5986 608170
2799 4537 49705
9686 2529 1109229
1754 3199 1151006
4398 3433 297775
8474 1085 657648
5467 732 72949
791 2238 853492
1968 3691 593700
3130 9018 768085
3644 8123 205561
8012 2087 148337
3321 6721 138895
3992 5835 1830080
377 3089 543488
3159 3337 59750
2407 1303 86463
5256 8049 721188
8024 4199 995496
9437 4798 859078
7439 7870 1038377
6873 7381 322525
349 8591 49427
2789 6130 36110
8090 934 3131150
5808 5195 919215
2279 9717 165608
9093 3700 461907
8760 6466 852408
4558 2277 310061
2997 8848 457089
2648 1235 124981
128 3560 665270
8235 7905 676585
3447 2020 649211
2547 2723 858748
8286 9500 3087660
6967 3681 430422
9363 9958 966328
1124 6266 1713121
433 3167 1166904
325 4765 3223891
2587 8397 316779
3766 4586 39040
1552 2542 28714
5894 42 1927395
7004 3048 522999
3560 4247 1019705
2992 7810 220264
1505 5245 111608
8469 3615 548911
6553 917 7746
6280 1943 785538
9567 4534 1401836
2565 9435 536463
5608 265 1616672
8129 1089 424391
6871 8704 2674169
3965 3314 1807909
9407 3460 433564
8545 7138 381770
8500 783 61927
6288 5526 629355
1541 2461 241006
7869 7745 747011
8675 9204 142890
1741 4510 170679
1594 8689 1237233
2960 2465 778493
3911 6114 173601
8746 2318 502002
4619 5827 117727
905 4800 855585
9397 9552 360423
7865 8493 122766
5855 9204 1721019
6561 9628 1184868
6685 1196 1403751
1556 5269 107632
4931 4037 760090
9854 2590 516525
1258 6370 526109
540 5401 1180582
133 4655 1838072
5099 1786 193964
3052 9404 1402872
6080 8259 1165221
893 8338 843952
5744 3051 227254
7135 3766 526471
8305 1561 8329
9543 300 1795559
556 4109 212759
4100 911 1978685
3412 1225 715828
1606 6833 243657
8134 5058 665525
3995 9188 1472186
5312 6602 367849
4744 953 2258887
8424 3315 279663
107 1076 21240
5355 4769 511837
6686 6470 1600497
7227 3468 493003
654 2552 1135703
3547 171 967542
8554 9314 656268
608 386 1732064
899 1722 262963
5558 4314 785937
6397 1417 37775
9920 3638 60038
