135
4820 383 2913768
1015 981 1038847
6074 9047 80030
5776 7331 232300
7676 4139 577536
4522 3097 491491
2058 2472 690492
9449 4715 394687
3314 3153 589120
5172 6074 301546
9088 314 2520502
5210 4839 2188769
9026 6697 397000
6086 4907 23253
9887 8403 193893
1393 1595 59135
2629 554 1580551
1112 8685 1347146
364 901 525307
5434 6385 214758
147 6453 548833
8743 4775 941606
1389 7209 40643
9330 4442 85562
4532 4722 935884
7258 950 362662
6740 4700 1096674
5024 8519 1148219
5819 6256 1894288
9903 2746 857140
2142 4887 1573539
2576 2627 767566
955 693 902901
4072 7717 1033772
4057 659 836198
1289 4834 913157
2766 6568 143496
6587 3331 250670
6207 339 481272
2793 5475 79339
1118 4113 341648
8648 1008 401159
3384 4830 1516185
2369 7020 89893
353 4909 405610
4952 6992 445038
4735 1684 348412
1495 7891 185273
3537 9592 1237624
3698 6224 498247
7249 7338 13613
403 6958 87942
7924 327 537278
2022 2139 27398
5646 3377 858604
5012 4304 22878
7091 2406 692004
1459 5898 904090
5006 3594 202841
1961 8229 289053
3672 6951 489975
1996 7688 61796
4235 8860 1157
8703 159 100948
2656 9231 134292
6904 9328 17734
6321 6336 1457985
7105 1011 779192
6465 4507 331521
2377 4730 660592
6415 1645 364437
8344 3043 186932
6997 1880 800863
4541 4371 1136913
562 9911 119180
8445 5181 836910
8962 7590 5625940
2273 5109 2816294
2652 8268 286613
9776 4586 2399170
2520 8644 55119
8980 4770 2257391
2139 8077 546519
3209 5427 1009160
5181 7842 921026
7830 171 4351
539 5966 1255195
7856 9321 211225
7863 8552 38835
5821 9611 254732
1078 190 1159299
8385 9667 152179
9199 9821 135554
9334 913 1131012
9777 3075 2106413
6048 7840 223357
7856 3307 1398190
4909 1963 276857
3858 6233 183976
7352 2308 3134
767 2167 627208
7773 5059 407404
3909 3455 665242
6659 4179 399328
1923 8612 244280
1564 3384 38854
6754 4581 1210403
8122 4585 747320
7816 8388 1570834
5566 6527 204425
8949 5123 871432
2332 8420 1456885
8731 6144 150013
2612 2589 3016919
7517 21 315538
4730 1843 878129
4329 5424 524920
4704 6089 298961
86 745 1159987
1302 8426 11829
3060 9227 1803730
5800 7467 742783
6230 5192 576009
9285 9072 400199
8469 9314 151733
5311 1875 997244
4481 940 416903
4850 4851 272457
2966 7745 192897
2205 5975 1669320
8347 6750 662628
1314 9140 3128707
7279 1380 438952
3721 1062 859890
4526 6706 596327
