135
7299 9568 1283511
9307 5221 1498333
3932 2581 47844
1668 5456 2031930
9079 4215 59754
6696 1884 1411689
7302 5338 1087030
8913 9238 212160
6381 3697 1285032
3355 2636 575938
3873 2019 116839
4425 6612 196681
9085 3448 651208
712 3921 384898
6480 9786 255457
445 1666 1085419
2338 1803 60289
6189 220 175491
8594 8090 2051
1646 585 959381
9389 4573 412768
6678 6153 103749
2586 5449 585648
3629 331 248868
8619 2603 450959
5320 6636 2659
1664 5219 1026945
5012 8312 819033
8355 1490 473317
5555 7240 539253
7122 5460 945361
6925 5527 61782
644 2951 570308
9792 6346 89366
3432 8218 476054
6481 9268 20489
2127 3423 130889
9646 6018 463940
7726 8801 308337
3800 5342 27346
9446 8340 2306356
6563 9341 367645
898 9457 327727
921 1350 342548
5068 9088 585393
7201 9626 2135338
1292 8897 260595
398 6266 1156156
6514 7832 160708
2453 8141 230266
1180 1298 658581
57 4851 114755
3669 7540 485948
3987 3831 243440
7016 7504 252191
2415 5785 306348
5037 2535 432684
4627 1197 2150750
7083 1748 784871
3190 2168 309313
9337 3171 3243848
3798 850 218612
6925 7747 770219
5006 734 844858
9877 6694 448705
2652 2035 1454401
286 8796 310479
6102 7717 608760
6450 9810 2386911
2057 4676 2030447
7487 2949 747683
7300 1829 79896
6054 1894 1647138
2276 1684 21300
5169 405 5112
8267 9165 363623
3038 6326 630596
1951 1596 45859
5766 4116 98607
1570 8495 1497906
8976 9741 989958
8037 8496 200507
5122 9588 1109412
9316 1881 935783
7363 2156 729572
316 3603 296774
5799 624 3909839
9766 6580 961615
5186 9726 69694
12 968 1195843
8169 3060 844948
727 2484 529760
1046 4565 1375046
5448 7724 385780
2878 9641 737826
7144 5583 264670
4517 1745 1776949
685 7666 460594
3646 443 691892
3249 9242 362122
5059 4058 1271889
2136 8167 180676
9766 9908 2026345
433 6874 139919
4983 4021 1386531
924 7831 969224
4622 6417 313639
1575 5411 2652384
4498 4730 347638
8245 6041 213171
9694 7902 701017
5750 94 403376
254 4905 418237
2211 5673 1035173
3393 7376 44519
1495 6007 4347369
121 6857 402347
4566 2659 917337
7519 4105 166447
8924 3093 1628701
6448 9694 268860
4722 5081 1733674
96 7716 470441
9878 4025 43002
4435 5812 61571
581 3966 97467
2058 6882 1494435
9623 5010 56538
9621 2862 926963
5824 5381 2698793
956 9669 1692420
4703 3672 138825
6123 8877 183301
7627 8093 93385
9850 414 441223
