206
8968 1329 184420
1123 3664 30529
8849 4314 988182
7658 3648 262156
6595 994 741803
3669 1095 42665
2650 1218 558662
1180 4675 1152778
5122 7534 823972
9755 7689 138256
3536 3865 495745
4656 7626 122355
2451 583 1365858
597 5619 56768
8035 6912 726884
1303 2574 781768
1513 637 15829
2316 1841 626376
7304 2826 444071
2149 6748 1239746
5132 2355 124752
6478 3964 158042
6201 8643 545473
3741 8225 524449
6899 9191 2401975
1345 7881 323858
5140 3974 151317
160 4928 118511
255 3496 955749
5234 2027 101970
5275 3714 580823
1319 3347 389011
2758 5683 1427310
6433 3076 39682
1785 9992 571681
2086 9824 1719404
2655 5761 172984
8942 5794 1330754
429 2390 1431533
4824 2258 199470
240 7738 320107
1055 5236 624955
6092 5008 249716
9277 4334 159103
71 7370 559087
2120 597 255761
834 7646 388323
1093 2930 198889
9164 480 11266
2011 7580 3308787
3570 6130 348518
2040 9159 1693955
1227 2075 123622
70 3840 388591
7889 6947 384539
909 1736 1095159
5740 4370 1214394
3422 1393 195196
2984 9464 350950
7270 5077 599090
755 4252 189297
2717 3546 1167614
3535 1272 88658
8658 4903 371608
7675 1071 948917
3200 5092 533373
3896 2140 262611
7480 8766 464472
7740 9178 110965
6858 11 1120390
64 8808 123192
9856 7794 1367356
8674 6342 758452
1577 2796 255750
1696 1290 112674
6104 8755 1679107
9492 572 742159
3979 5197 464063
336 4427 181139
439 7658 53249
326 3613 40432
2067 621 68495
8843 2137 489794
8304 4285 323422
4911 3727 842212
4171 3961 989611
4352 1951 123877
3037 7199 146402
4980 4816 31009
8440 5633 193110
1572 2602 150742
1998 9600 1292279
203 592 498018
8133 1749 141842
9571 7253 1075296
3164 5818 83557
7826 5625 78002
7202 448 154716
2253 147 114137
4766 8939 1752
8159 1914 1004116
3474 4995 925903
7552 5551 1101178
9445 692 559371
4472 9873 563279
4393 5135 559020
6242 6074 510074
378 697 820259
6919 1105 138119
3912 6096 1078947
8663 1258 884370
6119 3372 124142
4962 5949 36318
8050 330 178340
616 5187 682934
8700 2704 814013
878 4125 547852
5639 1904 187370
7183 4501 919369
2054 5115 81469
7584 3254 812901
2443 1167 251162
8158 9110 453879
3622 1525 113338
6455 4645 111781
3631 789 464710
8012 5927 133627
2588 857 585780
158 5505 646111
1754 1002 188881
7275 8938 535704
3086 8550 433489
3037 1641 123542
2348 4584 620287
8578 7613 45150
6393 106 31351
1443 8431 345272
3667 3849 90729
8362 9524 82783
7412 7936 1575674
4995 9264 472072
3289 9750 170011
5005 6091 65402
5115 2722 77492
7800 8743 17647
5281 9827 71744
7715 8292 26672
8287 7462 34744
6547 4413 67878
1261 7946 641316
3257 5218 288690
3217 9266 125501
7826 8056 172595
2549 907 294805
3545 7668 499844
1400 1476 613095
9096 2551 1646894
6458 572 445974
7743 4651 778696
2346 161 525119
3244 1796 678836
4308 9066 70400
7775 2981 857487
3953 3841 240685
746 2422 251937
4380 6336 130496
2263 7929 9673
3380 167 502230
1113 4699 95450
5811 2998 785757
6586 5113 310623
4437 4192 692928
5893 5506 120753
8602 3115 106736
3292 5014 283725
9589 9499 62064
2290 3150 16710
5524 3744 1148592
6761 5364 838058
9030 54 1008923
4024 8578 869631
2958 196 705385
2338 3508 149224
3163 2159 1814608
9080 2697 64190
8199 6475 33302
4594 3085 1461234
6136 4642 273955
870 318 258252
4084 363 118722
9355 2729 247716
82 5664 14201
6571 5386 1070
6923 7981 30313
9039 5530 279288
9885 8166 607466
7241 3398 289807
1556 5787 486409
8790 1028 182035
3031 9832 244190
4291 8192 276680
5883 4546 327391
7048 8904 493657
6150 5625 1472247
610 3561 124533
6830 2677 192316
