188
3639 72 130462
6802 4590 152395
9864 9365 98086
112 1168 253808
9711 5978 828578
6022 4176 1184099
9780 765 870244
9924 7275 220483
4082 4048 423660
7977 6409 1400175
9263 6028 38610
6916 2484 136563
6768 2222 254319
2535 7971 41125
2803 4034 158657
6169 7375 159106
3026 509 48090
6190 3873 741230
9296 7328 65173
8380 4682 930051
3926 4271 123505
79 5311 271583
8422 3761 950372
7679 1571 601160
3686 5450 622763
3050 788 128430
3126 3303 701453
8016 8371 1284301
3729 8610 1279506
4866 1839 962245
8796 9087 121877
1083 8862 291238
9800 6640 395820
1264 7520 612731
1265 2062 215034
3109 5654 637283
1676 1542 1064302
2715 1249 1110255
5099 3446 107645
1623 5569 86276
7022 4364 585183
2733 9608 746729
1185 760 305360
7261 6332 500257
8816 2083 833895
973 1310 1982273
5340 9983 335415
5576 2835 2528781
9003 9469 1315601
6072 9174 323346
2045 2156 342382
4595 6230 99899
6142 7072 710793
6071 518 47269
8998 2263 650005
6991 9294 1317955
2094 2378 127564
8778 2652 141666
8850 9378 81528
6033 6284 35527
1528 1454 249355
595 1193 432350
3868 2720 292146
5368 2271 429265
3511 7588 866989
1865 6041 836182
786 7391 223397
2284 5653 17256
7211 5931 273059
3699 9193 417720
9777 4172 612974
6628 6206 333602
5403 971 762993
4387 6202 48592
9540 1454 227517
4065 9548 451573
7165 1912 149526
9400 846 125921
5953 7859 312708
646 4158 1121807
5448 6198 67892
1399 2617 421739
8559 1766 60211
1588 5017 1502957
9121 1271 818410
9910 4469 554070
4751 9483 254422
7290 6358 450835
9488 789 535269
8480 5968 374689
79 1840 548571
9300 1707 99167
4495 7385 1071702
4451 3117 160784
4501 4063 212789
4487 5515 154995
8452 5795 633074
5975 1749 201414
5253 4209 1970957
1212 3624 58116
2472 1053 1165784
4714 9035 1152478
3590 7944 31000
7376 6735 30037
4918 4841 222914
9794 7076 76783
93 7733 108119
9603 9365 457674
4342 3120 396507
5697 9873 18535
550 2776 459118
8705 248 726476
2627 5344 1072237
5600 3966 186781
7319 3077 1275895
1037 3101 1855204
5360 3462 3243777
8486 8454 1042868
9426 7244 161924
4714 1560 682088
2193 6237 429139
7120 5439 145765
8159 9628 280253
181 397 322145
9408 6244 11979
8287 3349 171680
5297 5865 25458
4786 8255 163090
7655 6174 339227
7745 288 83714
7358 972 216938
1503 8837 901688
2629 7255 53716
3629 9840 564721
6028 2579 242766
674 1911 848199
8936 1255 306543
375 7090 58008
7885 7375 2600596
7555 9539 75699
8880 4312 522095
6025 6904 302210
2962 5684 56898
275 6186 508205
8234 9311 1249709
2444 4973 444967
2380 8245 753236
7080 7705 20913
7950 9330 572581
2716 8948 1464102
6523 2193 221508
3982 1040 170270
2135 9762 1111119
8009 1493 375077
1639 7192 130671
7268 8708 652774
697 8703 925783
5721 859 398659
6076 7516 894301
9682 9348 690230
8629 9803 224260
8933 1917 316537
8038 2919 277761
3031 8407 423897
1874 9053 636045
521 4170 19578
6766 8463 1261677
8268 4455 2648810
5102 6426 351184
745 1346 130010
4123 339 1035937
2966 6797 36847
3487 9974 7564
3679 7378 756646
1728 3969 221869
5108 8537 106104
9424 5659 577792
2810 874 76427
7717 4871 1683811
3640 8759 1115313
8657 4404 426723
8482 5442 560861
2204 5561 148805
3532 8 299712
9718 8525 532642
9731 7176 85150
1056 6899 730987
5507 6035 583104
