188
6452 6292 401560
4029 735 99272
2689 538 246065
2028 6247 39408
7288 5474 170900
450 7895 67915
5924 5718 241821
7763 9361 808019
7684 2260 297388
3756 1447 840170
9008 1474 111707
9922 9032 207744
3086 6707 406677
2414 4583 554208
1653 5351 258306
9782 5244 10574
2757 5913 176524
2684 3363 551448
1753 362 1785731
9060 2149 46914
4221 858 372879
8709 1484 88670
2973 3113 863772
6021 3223 26238
5975 2113 462227
4807 3969 861024
7770 3950 206156
638 1150 83363
902 645 572129
2897 8641 631768
9329 7447 477915
4820 5342 693219
4307 5803 68368
7116 5068 3037690
9279 7775 100031
5890 4890 25748
9840 5328 1766143
9050 3274 26774
5445 5795 197628
7968 9332 263181
9908 6903 1442086
6482 9165 802945
25 6027 11406
8475 620 64401
8396 5588 3332
9667 4702 210395
8214 2734 197802
2272 3748 617580
8742 8565 97461
223 4551 2923812
2899 2175 1343102
7614 2516 109305
4690 5175 389720
6417 4845 1111317
5543 289 393258
7096 4156 193680
5255 4246 10065
2267 4473 422523
3110 9868 238942
4385 8877 360151
7041 948 1666876
2027 6113 2266
8755 6768 270698
7455 7273 792904
8596 6719 1679516
3161 3660 700559
3839 2930 775566
5048 8861 1994985
712 3162 439961
879 6993 1124849
2225 2383 167053
3889 9744 662406
4393 8198 788862
5054 9265 20869
6089 9290 884792
9378 1853 86600
548 5236 74262
5904 427 2022396
4515 2828 878154
7426 2222 775850
1273 4384 255483
8083 9010 328608
9625 7215 529339
1592 1741 822980
4971 488 204581
6018 2228 106522
7936 6722 797397
5566 9738 1234165
3330 1980 364747
781 2586 655175
3449 6425 190391
5889 4605 281204
6605 3721 175842
3266 6242 158807
547 3721 2162341
3886 547 458143
3236 9695 557946
6283 1303 235815
7907 3162 63308
5436 2036 189079
9398 2311 93893
8286 5089 439594
5732 7064 516044
5321 7772 262323
8297 3964 272665
8058 4881 127919
6381 7621 289755
4964 2559 374944
7026 4504 990475
5658 6251 242468
7456 9596 715365
1851 9267 1248379
4912 9477 266250
5938 9338 113660
7640 1267 1278395
9018 6820 170034
6334 86 398969
7944 7107 578453
9026 170 73772
1343 5797 937822
3079 283 599772
8214 280 372791
3913 3831 607600
1588 3146 373774
2451 9875 601591
7482 9592 98031
5491 1075 514369
9786 6474 88757
8602 4471 737693
4164 9849 749306
1172 325 312308
5637 9456 371587
6937 6224 194447
1310 1781 65866
8137 4134 1070979
1231 924 766355
3514 3109 1383204
8882 2071 635958
4431 2443 121946
8712 5835 561083
955 1136 39619
976 3680 236021
7502 4940 1061273
3979 4787 56231
4476 9172 112497
6528 9597 500057
75 3708 335504
7382 4903 652802
3501 4394 109221
7783 7596 373442
1826 2628 287843
8293 7663 39507
7006 6754 122511
295 5453 199175
6837 2625 205035
2310 4226 1129161
4725 2562 332775
2199 3988 531746
4426 7631 25961
1951 4856 688564
9225 3294 296967
5751 5699 285460
8501 2995 441108
1812 6897 465437
8396 8765 259006
468 8018 2049884
1280 9610 58089
604 9503 530150
5896 2896 1545909
4256 6267 1577736
4806 8530 823401
7190 3836 1173376
5264 1176 806752
8768 5587 79831
3031 2324 275983
6992 8128 619963
6236 1751 936801
1145 6377 602109
856 7207 269735
4897 141 41093
3505 5556 624930
4652 7935 114266
4396 2910 668198
5429 6928 667603
9616 7630 333607
5220 2924 31207
9043 4611 1177277
4101 4916 1914727
