55
1701 9485 1183287
8327 4528 10321469
7063 2070 855998
1212 2615 916918
3894 6258 199837
1898 8474 93772
3589 3504 4987966
6238 6808 1639057
3990 5633 3582117
943 874 1800160
5088 3922 6330585
6102 5335 1706973
8974 1934 1955804
2267 7710 49723
9253 6814 40620
2651 5266 343872
6402 146 935259
4255 7170 404321
5441 8636 3500064
3496 5258 6
802 6508 62932
6916 683 2949618
2152 8811 878526
8994 3067 271297
5382 6424 1942535
9275 2004 4936799
3062 1862 576206
3762 2045 1824621
5290 9034 4720677
7925 4371 1026261
780 2593 3031099
3603 9905 1877008
1293 9257 158859
7623 1866 2443225
2101 5691 159684
7223 4059 47146
1633 9645 223272
6641 1236 1239759
7901 635 4515606
5019 4582 3268784
455 195 4339107
2938 2392 1033538
849 1640 3501506
1856 8251 1846352
6261 807 208341
9058 9148 1024888
2509 8717 330265
9455 6729 603649
8103 2485 110119
6209 6512 543792
9808 6946 107429
1216 939 504007
9847 1397 3125433
6897 91 4191288
3174 8925 1528564
