55
1181 6697 4314757
7825 1515 4139194
2809 9376 2302708
4983 4597 2364656
7149 182 107712
2981 341 1008925
6144 2167 1317223
8727 8454 24825
9808 9248 82486
7776 6488 2907468
8190 7071 2021325
393 1908 654701
7736 8382 1459263
4504 8493 445664
980 6311 267391
656 7712 1083841
9510 5288 1461561
292 4492 2499635
5195 6331 218744
7253 1325 45970
4801 4836 2474758
3028 691 3844779
9800 5223 589946
8167 3572 1335862
8353 6707 78458
6835 5448 1045579
9856 3618 2079931
1140 6630 661593
9765 3134 1578162
9367 8716 31336
3906 3042 1484184
8689 974 2409702
2100 4538 155444
3726 9808 2757269
8931 4919 268099
4040 6011 2542463
3676 7090 409166
4401 3902 1749984
7669 6645 895758
6912 776 6128189
9290 9647 1550271
9818 9447 8042361
3110 9618 1158298
9961 1184 504968
4146 2045 3222353
9291 1412 3427666
9665 8139 149149
9441 887 2491948
1421 2146 1154782
4259 6403 1340148
6304 4102 772964
7162 9329 6208960
1089 2203 185867
9310 6153 7269582
8360 7531 1271972
