55
1792 6083 458505
2760 2298 729507
3177 2298 4534256
8003 6219 3076734
233 9085 953320
7570 7257 131946
521 9945 161274
4037 6978 242481
8730 8502 1664126
8788 3934 440646
7436 4501 529818
6946 4858 397700
1213 3048 1857334
7110 7537 169994
9630 9394 1133548
5544 2576 4414318
8769 3039 136320
3352 3520 602090
167 3450 3737273
1374 9080 3381319
140 5734 422951
6613 4133 3873247
8958 7935 309580
593 6535 2059898
3712 8851 85487
4032 3589 44430
4500 6897 277816
2978 9587 2071156
1447 2876 3050620
1748 8819 937112
306 1178 203897
9428 2642 4645508
10 2856 1129427
1352 7687 5559069
6723 9903 3864205
2693 8664 1342404
2231 2483 60254
2436 9212 1024479
4416 459 891273
1690 6875 1735048
3418 6288 2377808
4064 1041 721529
8045 3363 1696655
1384 8751 1322254
4904 8219 5827542
2554 1483 5859954
1798 4792 1239908
7536 5934 1131749
5477 4758 2639439
9768 9497 526871
4299 2631 10497770
4441 9374 1395838
6760 5262 905532
3009 8211 752770
1076 4470 764011
