55
6952 8230 961606
2726 6617 288656
5931 5617 106907
6510 4013 1253803
3026 1626 2826232
5723 3931 544525
2084 2312 6703704
216 2053 1209511
6264 7141 1247274
8537 4465 48948
8591 3983 5622986
438 363 1419548
700 3041 691595
1620 9784 608281
7098 6925 1209757
1116 6882 625371
7222 9395 1592190
6166 814 635431
8286 9694 5992763
801 7043 3586069
2849 6294 3349765
8807 5547 304567
5550 4806 3107564
6611 3511 842098
9439 194 1207439
6432 5920 2948808
9820 5718 101046
7801 3651 2468139
1349 6173 190694
8966 896 3366529
328 1649 320436
8794 8313 1030197
4201 7327 368916
680 6996 2562253
360 4117 214080
8824 2581 5965757
478 2316 2153177
2924 8128 4151438
5585 7046 2105936
5340 1838 164227
5402 5601 1455995
8382 1641 884821
4545 4407 331984
8909 4069 1820020
4590 4277 1444642
4264 9639 532825
9816 2901 286558
7712 7478 11069622
7229 1985 918056
7525 3995 1426337
6223 906 598206
5838 2154 723961
3262 368 2092799
5786 6531 2172091
3281 823 143860
