230
6013 8127 311658
1850 626 1237966
6834 2016 556630
4078 7211 180665
9323 6402 214332
304 5485 192928
5148 1357 375020
8376 6354 353236
2049 6581 174664
8877 4183 419696
1972 1634 191170
5711 749 336704
323 1861 259640
6819 2855 698044
8249 2292 673501
2066 8729 664048
1155 8621 871658
3698 7974 275677
597 4229 757680
5865 7621 11877
8489 8361 1363940
85 6174 110596
5107 5179 1142959
1802 4720 508597
6592 9832 129751
7566 5557 26439
7597 2204 53650
4767 9899 369637
1402 9625 111934
5319 3618 76096
8394 4839 55100
4875 4453 126111
5474 2014 352550
1460 7054 50609
9775 3008 192529
2229 4483 430900
8907 7175 85333
6008 9040 452962
6359 6314 41966
6787 9734 46413
1608 399 102192
5794 9406 371900
3507 5656 84376
7353 8539 1309516
3034 5613 376034
607 1869 754237
9671 3775 19437
8897 8936 296965
3583 8634 617683
1209 3812 292855
3503 6597 389172
5929 9238 180359
2232 9664 218682
4023 1228 64178
8157 3070 1513190
5743 196 232915
4693 5953 145360
5933 2080 454795
3746 4211 731995
5331 1256 85555
6481 4247 1677005
9955 4279 1154180
8635 4757 54332
9028 6039 89102
8877 339 662493
5637 8748 20266
5261 7745 134720
2710 5213 849861
6560 2562 421354
2906 126 77916
9956 9708 1424507
473 9846 40048
8172 229 60344
9981 2479 322246
2581 7046 113507
8976 6409 125928
7243 9097 390637
9771 1912 147749
5609 2311 1003546
5636 8070 98648
4508 7219 502214
1758 6187 15659
8210 1928 976411
5756 6516 179240
8947 3789 315781
9141 6768 392960
3339 5155 666687
7858 5850 47557
8142 4844 662048
1858 4578 48537
7713 5941 387574
6631 5824 458815
8281 9507 871466
7504 4964 750524
3324 2434 110254
6689 3887 186450
5365 7073 79414
6014 1839 385244
708 710 192316
3672 3208 1304571
3338 6221 22466
5623 1747 40123
4012 9079 377878
5295 8073 40264
8029 6554 310981
4886 5690 240850
1219 7618 499777
9634 5380 400149
4433 27 643949
7096 8815 253572
9455 4102 389428
222 494 317889
6510 2571 1776851
7354 8947 527364
965 9837 237864
5648 2848 597586
6546 8675 207956
3851 6846 96824
3999 6966 100762
8192 4701 1164391
9905 4103 763463
5368 4656 634820
1956 9076 101351
7510 4891 168334
4574 7412 850134
3458 4817 343576
8602 9592 645936
5448 5412 162653
5419 792 127360
3529 3163 472903
1458 2822 158114
1955 4124 427339
7074 7407 73232
907 3926 67184
1529 6053 30449
2665 6357 166227
5656 940 185829
7524 9855 373729
3478 9963 1983506
8621 4941 324712
4133 1325 1055692
4928 81 54608
9293 8289 196043
3578 7010 408211
2845 3997 29003
1659 6332 223456
1701 904 2732344
1996 5655 83040
6213 5944 10235
6562 5738 966445
2768 6893 90529
4786 6350 96095
4517 8016 199480
1632 1601 619018
6157 6927 421275
170 2678 250916
260 8181 243
3628 5652 268900
7516 4667 90639
471 6785 260507
4412 4879 369556
102 2900 457962
1038 5432 263942
8627 942 319568
758 7384 777462
4333 2835 58921
8696 6757 83184
5461 1677 102371
4509 9382 186138
5419 5585 454819
642 7864 472816
850 6031 589355
6389 1650 1354851
3753 9745 408826
2781 4059 143822
4337 9039 669548
9069 979 976498
3358 9206 306898
2853 7064 154303
8163 1852 292303
2970 2917 228778
8520 3968 329938
9225 9659 425913
4917 2677 342966
1160 4928 522958
2416 4953 805398
4386 2534 60795
5276 9871 720705
2240 1393 1708794
9485 4228 403241
2631 1555 31517
2314 282 1202665
7691 9940 254732
9959 3753 262207
7253 9890 1718625
1911 9973 344603
8323 7514 1157256
636 3987 941875
1442 7711 1109617
1940 5499 1170808
9983 8748 813612
5472 1019 317479
5184 9006 112972
9925 4262 7900
7162 3291 740563
6452 594 556626
3932 9550 1165749
8557 9594 520707
8014 5265 293279
8376 6469 333795
3434 1650 159198
8602 5167 204695
6225 274 1408346
7692 1836 157289
6798 5498 615025
8964 2786 239801
1661 4796 882840
5880 5375 812950
4975 8727 73239
2008 177 111108
5543 1211 200082
6907 6561 147575
2050 7392 73384
5648 742 189557
8349 2111 95451
561 4103 290726
740 9930 379593
7434 1650 302813
5089 6811 2007841
8475 3010 106444
