248
7748 2915 75741
2158 7826 105976
3574 9052 59136
3734 9265 838286
3342 5038 71370
4903 9181 609514
2891 141 341721
7879 1894 602650
4698 3880 1169510
4915 9077 461133
5208 3056 96900
3066 318 89704
5577 4380 869973
755 4311 481743
1544 6584 275483
3177 952 1470096
3977 2761 665845
8418 824 420709
5613 6748 3076
926 8161 132375
9759 3225 60604
9483 6284 45516
6796 6947 917645
4351 4048 1163959
5993 8661 75418
4886 9873 953562
465 7168 321794
5472 636 1581748
2162 6598 67728
8089 4038 4970
6398 3842 501963
5054 4609 725887
7986 8922 333631
8094 9480 522103
3406 4517 37491
9483 7462 349092
3184 8528 419035
1508 4473 60671
6333 1736 377537
1265 3042 274054
7009 6964 381416
4497 2759 290418
6786 7783 257581
1678 8886 65496
2761 9964 144242
8055 4136 180176
9731 6672 1147858
7001 6026 2287712
1378 9464 63464
8599 6120 945677
5777 2848 94376
2213 9703 113525
893 3113 42042
4999 7730 1110675
1472 4532 58253
2211 3910 1170291
1331 6117 159774
2829 126 599947
6561 1009 53968
8024 2782 186654
8935 2536 90001
1245 8234 5710
3087 8719 16458
7053 5486 785258
2695 6232 269696
8887 2302 438372
8526 4149 170061
8626 1831 348753
8366 5474 219099
707 8760 920687
3343 2492 443831
9405 7492 342791
1257 1680 125503
1791 5372 54995
2503 8856 141775
2603 4881 863213
5400 9982 421830
7247 8428 254996
1560 9508 380841
3708 9573 213279
3455 5801 869962
7309 7656 614274
2762 3289 2107
3497 3436 378172
1747 7797 33903
5781 6682 182613
9692 6919 457938
8306 5501 115520
6362 4239 371046
1080 8106 14792
1019 7642 578924
1462 8231 1786569
554 1208 282168
2330 9321 79537
9291 9835 932712
331 1482 468247
6794 2073 1189692
9386 1062 25880
245 3856 657607
7286 7520 582627
1803 3704 683838
2245 6863 681874
3709 4610 195512
8078 8927 884227
364 2253 292320
6252 750 318770
2196 4856 553133
6975 3722 201657
2359 5170 89358
5738 6935 139062
7058 9198 710950
6690 1083 399479
8183 526 86803
9447 483 2707
7715 3891 275752
9480 8289 59256
1394 9458 723727
2074 2187 422273
114 3098 164292
8011 1915 169399
3842 9200 28102
1822 628 626671
4792 1568 46274
5150 770 615918
2476 6047 244329
1310 9177 385786
5456 1621 728993
8719 8212 408963
1845 2581 934239
8706 5860 84599
9814 6558 334990
2887 7365 647005
9247 1685 634568
9014 5380 292191
9921 5587 147804
4372 8963 456890
1375 9202 363785
9625 9992 181988
7715 7144 787254
4130 1622 215900
373 9237 1690922
9645 2151 214736
1091 7389 1397202
2266 9761 236574
4910 6629 24185
2789 8137 14795
1572 4831 890338
2985 3729 434295
5817 5497 2167369
1751 8790 102942
7874 9200 441464
9740 6841 610683
2917 4756 874484
97 1002 499965
8404 5631 264672
8593 7103 1065069
9308 4160 164957
8172 7629 178244
518 5013 187735
9422 1443 1049284
7315 5591 151176
3504 3857 74597
6985 8127 311964
2270 4256 1243082
1947 7259 56190
8750 743 481696
3557 7508 63735
398 5362 33768
3141 3558 1366791
418 2444 504668
5531 3675 499323
1176 2796 93117
9041 8759 641282
1880 1544 1106218
623 8923 131420
5902 8107 213938
9454 637 91562
9614 3921 6313
1786 9576 131161
5056 6978 358909
4705 429 94759
1158 201 486539
9326 2776 112891
9484 6522 390111
7526 8285 26800
7272 7759 83860
2718 6471 118810
3340 9429 84789
4061 4103 228743
656 7758 145818
5325 4911 27032
7056 8115 19327
7514 2679 586128
4784 1165 141921
9199 6901 386350
6873 8057 574513
5201 1990 603563
445 848 439592
3569 8847 557284
7684 462 13796
2565 8222 242515
3855 1123 476576
1281 1174 695348
144 6903 13945
4249 1066 159799
8134 8614 122071
9454 5311 698624
9234 9114 121155
5829 2401 158995
8482 4961 464439
6260 9688 214273
5501 5291 221002
2486 63 771344
2434 786 287231
2542 5865 341862
4984 9662 101285
9271 2078 51305
7752 4795 528734
4076 2435 184558
6700 7958 166997
7644 1380 217649
2899 3622 113273
9504 339 10057
1273 2861 484988
5397 4562 152727
4478 735 1358650
2455 2629 120529
9715 1268 58223
665 8650 179600
3603 8609 776877
8028 4117 83642
9665 2427 322134
3439 8703 140797
5466 7753 369196
6143 6837 100422
2605 1013 421392
8711 692 519097
5737 6128 206404
335 1810 443738
2881 8794 554675
1445 3971 584141
9725 1601 1111339
3310 4490 134028
3960 1942 288085
7537 5553 488517
7951 7568 195116
2799 6764 617049
3643 7834 391175
