248
8706 9455 64686
2708 8434 31900
7390 8023 31601
57 9381 19139
9591 4707 214233
3988 2785 113509
3313 563 29372
7524 709 340833
1856 5511 1043100
9281 2416 103691
5414 9057 844911
7192 8289 1135244
8176 8252 556028
2784 4727 96590
8354 3876 190710
2921 9898 603326
7159 8556 448024
4578 6099 70188
6087 7253 896934
5840 3840 699785
7628 8322 29959
5225 9350 183750
1327 6567 184684
1544 2821 259013
1583 8360 187928
5392 9508 422639
51 2439 1052097
2060 4722 566323
2575 7502 722136
8249 3028 480347
2363 7465 199854
2514 8784 327801
2693 1222 47849
9902 4139 597805
6442 1666 501375
5908 4314 135315
5370 6721 82748
9612 6185 456673
4288 7996 405398
7824 9270 272115
7059 3582 28980
1327 4066 212189
891 5239 135959
9126 4197 448546
9383 4887 1249513
3387 2940 21031
718 8796 296844
3028 169 135178
5754 2861 374257
5666 5910 207654
669 7583 550217
4670 9536 1502174
2923 688 86565
3170 1602 783927
3354 2032 1055864
224 2064 1500939
1890 1508 1036617
4191 1878 46820
1649 3031 5358
6895 4360 389411
7846 7090 67702
2937 7629 139324
3049 6374 70351
2175 6059 672475
5762 7210 1102970
5786 6152 993068
5393 5607 413425
3721 6993 35976
8569 7205 465074
6943 6030 1463618
6888 1115 720244
6851 9927 651116
9510 8075 68534
2427 3908 557037
1818 8789 16960
4885 8359 14238
3391 959 808666
7262 864 405557
755 3431 185326
5821 8451 228281
427 6468 182492
5031 5612 22712
9576 5364 107872
7437 4594 183866
9238 1406 208865
354 5936 222791
3335 3360 276714
4815 8151 115097
6725 4932 1260547
1298 9031 803328
1325 8651 581864
3595 1705 418343
205 1954 1406798
1002 1136 810273
6076 4813 349828
357 9815 221290
4809 8740 256206
222 2942 887471
861 9477 1402514
2664 7430 143323
7790 2183 146950
5032 8494 901813
3315 9496 93070
6017 6314 39025
2930 8923 18205
6247 5730 634724
7939 9905 1502965
9439 6702 1343989
9859 7707 554638
4622 739 289062
7954 6478 10258
3727 4010 635035
7685 2020 390132
9924 8192 518282
5637 3381 315365
6254 7426 545068
6640 8078 31579
6228 6634 837915
8748 9367 1451451
7846 3365 85307
3550 2174 221015
8022 1084 1142470
4391 5365 214024
2538 2590 74301
5161 2767 496839
2841 3352 384644
2819 163 439260
4919 9860 123985
8705 38 506237
3911 1499 60104
9043 4392 394995
8097 4608 483942
6152 2201 419822
8561 6452 515447
5504 3806 341882
9444 624 108720
7530 9586 1915379
9028 9576 166461
9502 8483 1192120
6547 1405 340347
2605 1081 646208
1306 1156 1410891
8573 245 247998
8208 4284 149291
5328 101 565129
860 4811 405792
1582 1876 481843
4645 2163 335460
9667 4844 13481
6806 1844 136652
6261 2581 50873
2692 7403 440447
1022 5163 743245
3372 2645 543820
2512 5376 5623
2894 6603 86861
2210 3560 1148687
8919 5763 30969
8003 1501 255170
8853 6246 804661
288 1920 211274
8303 1077 105702
3403 710 779230
1679 4966 287392
7658 5138 308771
6907 5775 220501
2644 2990 397313
5522 9831 917389
259 2100 315115
3476 2605 646624
1379 2519 207420
5388 2537 209096
5236 5086 351002
5956 5548 175453
6129 5638 739966
8931 2414 253852
1153 1900 364038
7856 2615 694798
3452 5909 22003
4876 9791 99016
4843 6544 88155
136 5794 48246
3639 6227 253959
9205 8572 67255
503 852 94878
543 8199 181862
5379 6365 185485
8249 2537 147556
223 8524 672523
820 9357 256189
2895 6173 93377
7880 6371 25676
5247 9937 218372
3899 2709 30146
2620 347 318464
9953 8713 62937
4910 5415 962608
6875 5934 46213
3097 614 95300
3167 3535 168151
2011 999 727638
8685 9569 286287
767 1298 524352
6951 2148 1128768
3385 7640 236601
3785 4685 264943
5423 3034 526551
5669 7133 561798
2388 7292 741090
4857 1252 53713
3226 6319 130342
3739 9808 449455
8137 2531 112883
7894 9570 710605
2124 494 389376
5770 1610 300131
2374 2314 278495
8130 9320 393351
322 6328 118958
4059 6217 369199
3106 9593 192673
8594 5744 148377
438 7550 119658
6386 6504 136656
2320 7348 224723
4648 7706 621802
9621 8324 294822
1040 6485 255798
8002 1313 122737
610 1433 708831
5590 9709 225854
33 4680 483217
7180 7460 131078
5517 9022 134144
7226 6751 236990
9261 6599 257199
5892 8619 840062
3129 3995 98340
4672 2641 852680
7859 611 461698
5575 6978 293820
3225 5713 268412
2727 6635 156731
6819 1926 231230
5970 9897 212303
5188 9490 172566
7001 9448 207248
8977 9739 232788
