248
7298 4109 49516
6154 4024 851576
9696 4228 506103
6805 396 111115
7766 6214 494183
195 8008 226656
6176 9277 813791
4184 6090 20197
6804 5302 288423
7937 6833 371694
5971 9691 101382
2242 9645 62047
3821 2953 132137
4077 5863 146766
9621 4002 319404
7484 3221 319376
8817 4021 39726
9608 2184 95547
5378 3092 27158
3714 8895 322347
1850 1126 174125
3655 8939 13466
767 6425 55072
775 700 130320
6146 1053 27229
7202 3040 576307
9111 3773 90494
4576 4311 50737
4776 4186 1841356
34 5757 469393
5976 6289 407655
4642 5672 627420
6102 8873 1260567
1215 9221 1380489
9105 7097 161620
2839 8829 66519
9219 3609 26575
9925 4241 32943
876 7900 213591
4935 9337 80345
8519 1892 550057
9 5138 583032
3178 8519 143751
4516 5015 185260
1097 5008 25561
4766 2117 1023230
3003 7024 664200
9054 3144 417411
2728 4591 978515
6475 184 124417
1397 2561 528764
1774 1241 161544
2826 7573 179436
9287 3485 695821
6681 7227 73464
8849 4002 17547
4806 9521 1336608
8028 3670 1093293
2241 1851 1215436
9578 4204 388865
7699 9441 1846026
4548 7295 125920
6702 6747 453788
8115 2893 187344
9124 9510 694984
8289 9011 86437
9089 1906 23054
8421 4821 1312489
6173 5093 915521
140 1471 124921
8976 1238 390367
5079 2098 122019
1710 3244 356350
4381 509 85535
7929 49 694204
1529 8646 260037
5956 7167 40985
4406 645 263855
1167 976 60173
2099 7539 224751
8579 9157 305317
712 4786 272556
6976 4367 46177
4482 1091 526891
7405 6052 547982
2310 4728 274540
572 6104 95204
5892 8839 869634
1428 9509 803627
9047 3242 937490
8094 4449 151717
5593 2475 961493
5937 3698 5598
5895 8209 100797
8467 7134 259221
5462 9808 502646
7765 8344 489100
9268 7734 715778
5799 6252 35926
1562 7499 23510
5180 8095 340717
6002 9941 315527
483 1689 2171906
5872 5093 240099
1607 665 24103
8507 214 155312
4497 6428 72391
9768 8865 429739
9608 1734 29253
1539 3804 114233
9580 634 370516
5616 2351 707854
1917 1616 180341
9888 3136 222632
8360 6085 57938
1339 9360 199394
5615 5957 140993
5555 3606 116099
433 5212 653380
8767 7833 138804
5228 3898 811339
3999 9237 100811
4238 9266 617686
5597 9670 49738
438 7551 13310
1328 38 44317
3164 9486 453271
9672 5341 709874
2182 2082 470629
3318 4261 113113
8389 229 664896
3522 2582 435096
9232 7015 375358
6952 2659 127703
4832 8900 1010945
2391 3006 363659
2316 9030 458901
8513 1750 335740
7189 9517 2963427
4918 3140 456177
3401 8913 661897
6135 9139 1082025
8851 37 993244
6677 5344 131141
2165 6468 62547
609 9864 10913
9930 1258 582814
3354 6160 179801
3493 2480 46758
4893 8998 158286
7755 5589 78571
3256 9393 334106
3423 2355 550158
3176 3282 527939
9814 5016 71976
3925 1733 805188
8427 2173 372157
7288 9298 264795
5607 3232 483005
3117 4328 161801
4601 4805 359101
1942 4879 311380
4467 3394 85683
4390 1447 292183
8332 5012 581730
5587 9048 326864
7834 4753 431290
7949 6656 144431
4947 731 41715
7894 319 32611
1959 5297 28606
9979 6116 460937
560 1043 475405
9306 324 144727
7470 8098 543226
8420 7494 115396
3281 72 457245
387 8566 28844
4899 1189 201527
2520 4026 105337
3502 5749 58925
9170 8922 238074
8601 6179 516046
2652 9092 2014612
4632 1115 178618
1541 705 494202
6611 5859 225020
6804 2156 465739
8032 5520 51361
2874 4468 880382
97 3947 333804
5954 172 65376
8884 9802 1208841
124 8252 228748
1949 1402 647877
7989 3843 783436
5824 4681 624688
7433 8590 577661
2102 5894 24238
9885 6976 152891
3868 390 389267
6368 1332 277686
9431 7010 101761
5805 2325 153059
2889 6395 406286
2695 7749 832346
2038 1624 87464
2132 2772 1208619
2341 8793 205168
4841 395 298914
9594 6802 1119251
5494 5770 537663
3338 2688 1956
8613 5406 678604
836 5094 186154
6671 4437 3121
2007 728 202436
9416 8913 78513
6215 3652 39230
8359 1435 474838
5543 828 1282618
4502 7035 652839
1536 4589 946185
6526 4124 171347
7077 4963 303878
1349 6309 1362058
4339 7894 473891
2784 384 615627
2304 767 24012
6169 3952 27602
6152 6104 473332
5307 1707 61232
6853 7794 130446
998 1882 164173
4701 6693 498527
3911 9903 706595
515 8618 397817
539 8746 102727
5915 5431 1738372
8974 8716 52799
1817 4565 279519
164 3275 110543
5449 9375 299705
1945 283 313174
3767 4862 782043
595 9120 616044
8089 6064 571218
7871 2651 238678
