205
7346 7328 546059
2194 7924 685712
1593 7098 153262
237 7049 315393
9062 7295 581912
9387 9943 154703
1871 7315 808904
1243 1937 353753
7206 1074 393701
4811 4693 1074420
7744 4633 1286671
2208 7517 246373
4052 3992 150869
8120 2817 198660
665 6631 385953
3530 1896 443454
2733 1985 1595726
2130 4473 286019
8172 9848 505664
3395 5561 376488
5898 1110 43611
439 2658 761023
7609 7769 296559
9214 8920 626696
1607 4050 168979
8454 4413 326933
7300 1395 383477
6654 9750 175308
4459 5274 431091
7113 8829 321482
254 5749 826790
603 6380 43829
4750 3868 22333
7571 3261 168417
4120 943 186147
7474 7852 294719
6444 1006 316907
851 8429 484010
2613 565 887903
100 6263 37282
7308 8361 151500
6148 2969 237115
793 8424 67845
6607 9328 153117
6823 9625 254939
5602 833 653623
2172 7414 122887
651 2414 356590
9328 1588 1129312
4378 7200 566064
5414 937 436145
6437 6280 39722
6247 7410 146319
3085 651 17564
1819 7191 160458
229 4930 372450
8913 7536 265180
6849 174 1167494
2951 505 830989
794 4598 746934
8593 3341 757727
6029 374 283200
3308 6756 999153
6319 4275 1819897
6603 5680 5866
7638 9594 404210
4260 8123 459406
2539 5665 404012
1628 8217 609256
3538 3944 115213
4314 9942 58735
7541 9480 1777206
1437 5134 606871
1976 883 89806
8416 4568 409643
7940 2827 12403
1359 1372 248584
8652 3126 440014
8197 8104 80990
7234 2043 456093
7376 3187 812502
2781 2360 1785547
6869 7700 115702
7200 3882 318485
9029 342 331743
5696 3984 635349
6626 90 381455
5741 384 235623
9678 121 201556
504 639 1176246
8614 5037 817891
8290 5978 849125
8403 1114 473050
4206 2432 503919
8540 590 781544
7663 8976 12890
1572 9638 48238
6980 127 40400
1982 6473 85073
8614 6383 765738
6403 9902 422594
8413 3446 131463
5970 3201 418351
3303 7409 245126
284 7802 244404
686 6430 1014331
1750 6168 547528
2472 3715 127221
3433 2110 28072
6943 1663 96790
9649 5640 256721
9530 8283 190237
6950 2392 922363
3051 1628 540470
3848 6167 452104
2259 1616 1279886
5351 1115 81995
3903 3000 718466
5303 2296 412912
5810 122 11147
4110 2386 119266
9361 3330 53657
4916 6115 196658
4966 8618 305671
1086 8486 1037264
7775 2111 189887
6637 1397 47187
4559 3836 225963
2475 2594 654505
7051 8038 40623
6952 1315 189377
9956 399 128575
3645 4402 107990
7661 2172 93543
9949 7843 290585
9383 9839 28678
287 945 36828
676 307 57025
2766 6173 236576
1872 4425 1276269
1469 8643 4381
3554 2067 135601
1868 3264 618345
9810 6207 1884442
3978 3283 23505
8118 9336 1306854
4482 7548 185913
5654 620 1221413
4649 6383 784225
3105 5839 1410153
1094 2782 312012
4258 7299 625070
2541 9353 1519894
7784 3119 673165
3263 5265 574752
7691 3672 916754
8297 525 734967
5697 4738 709520
6860 61 1018
8401 4274 264683
9855 8721 649360
7181 4957 236530
2784 7718 1319994
8354 9855 510236
5898 6761 669035
9453 2901 183699
2564 4928 418446
1456 8659 116691
2679 3360 31827
6537 476 320581
2490 8531 217458
3071 9274 23764
3018 3328 658718
8716 8846 544948
9573 7896 37580
2540 9685 779730
744 34 328479
9284 6503 245062
5938 2556 1336477
1259 3900 1012944
2393 5887 126690
1558 5119 947028
3997 6267 866386
1469 9497 415371
6226 6056 1063164
3238 8579 68789
3732 573 1090625
4409 7004 1783160
4131 5679 616108
4991 3557 142101
173 7512 1339691
5430 4481 3188007
6771 6076 418531
5361 8915 1143336
8424 6456 663332
9363 8994 410397
3771 1081 86170
3922 4816 182169
6839 7528 459843
9482 5536 1076170
1484 2214 237465
3622 1329 40383
8454 9470 276783
1154 5723 365856
2741 7284 352111
