66
2041 3510 901892
798 2702 326482
5716 9826 1725989
5556 1395 862129
6976 7139 1371672
6331 9969 912071
2903 9490 2606178
3555 2380 1060862
1828 2941 1522442
1196 910 6030625
4450 4962 4216680
5394 7579 103965
1578 8319 1129109
2331 3668 4794230
3328 7888 1284206
3444 920 2790251
3026 3491 4039415
953 5135 1148421
8766 2242 42220
4507 4341 545048
4429 3220 1025933
5188 7407 1766820
8464 4139 396935
157 7187 3865216
3471 208 518729
2602 5420 135981
6125 8345 1031143
2451 7434 441719
4450 6553 1919038
9951 7275 1094489
9525 2312 1001631
7592 4314 526425
4869 989 291708
2810 1274 1038480
9424 9986 2321968
5996 3494 277290
5775 4150 108537
8698 7230 516126
5327 5676 258669
7563 8008 4004916
3164 5182 200578
9510 5962 5977998
1237 3972 461630
8045 5523 1679496
5554 3857 111591
8808 7423 2727945
9985 640 1967470
1152 113 396402
6142 4609 2260640
2547 4045 346967
206 4790 91113
6863 7403 2146374
3084 8003 736417
1352 5522 22808
8023 3430 1261513
5818 6209 817687
4508 1786 6737103
1188 1006 1462547
3667 3258 586473
3994 717 194625
5851 3403 130757
5109 2235 5163912
6533 4638 1727141
8349 8251 116248
483 5811 1686858
4985 7894 1032067
