151
3396 3792 322031
5983 6739 1603182
4729 4907 292676
6818 4593 822159
8066 8776 36462
548 8403 592503
7 4992 119870
1713 1874 285820
4981 9440 265999
6058 8170 3946122
4775 1136 728572
1332 3132 331222
6128 65 779133
5851 76 277986
9875 8860 941971
9445 5281 52627
6669 3207 1695547
3228 3464 965751
1008 2239 283892
2711 7514 111725
4776 181 2358361
1628 3620 2094588
3413 8532 674531
7649 7935 2208001
1204 4437 1673020
8189 3453 628804
7067 3233 420265
3336 117 121388
182 7087 411923
3604 8277 554064
1066 8263 265848
2014 2959 1470208
8293 4752 440359
3311 6303 294672
7138 6470 2506585
4727 3185 1100278
8692 6909 175173
271 1795 839807
6695 1175 109251
6995 8149 2184251
4392 7023 771590
6384 4174 317914
3484 9443 1370326
1381 4580 1660271
2609 1542 681871
5983 5429 143035
1171 7218 57644
324 6404 645101
6159 6581 111286
288 5273 198727
3086 9347 665398
6854 4141 561266
1898 8524 807383
3665 4568 498338
4139 4024 239728
6929 2653 779048
8558 1630 266276
2289 3237 1011491
2321 9236 995135
3815 3493 457010
4071 3440 71299
8518 971 698263
8200 5349 149533
5897 3664 116183
9585 2986 231719
6842 4419 415375
6206 8652 1605406
9499 4759 576693
5958 5747 60214
7126 335 492862
1661 5321 431668
2869 2982 31180
5710 1228 403910
2124 2753 666104
1720 1361 13648
9479 7097 1211559
1644 2952 172127
5893 7145 63177
8664 4204 461400
4225 2483 1246201
7937 1694 1085200
238 4937 604317
4557 2592 137302
3156 2318 40205
6205 8758 261067
9791 5043 252698
6749 782 292320
8002 6667 1045469
394 2041 75241
4547 6195 322599
7667 2378 684011
643 7291 728245
1237 4271 1362877
4368 6465 926669
322 6332 467458
3874 8451 70675
8768 7623 2045592
5475 6541 303124
7200 7821 27414
4402 9500 175122
4903 1125 2474203
6520 858 1240566
7301 3244 917908
2504 1228 84985
1481 8241 159405
853 2582 444601
1206 8992 315247
5729 6907 1152872
5217 49 179014
332 1969 304004
6639 8360 740170
134 4313 1648828
5749 5599 1611443
6970 8668 839393
2111 9650 283926
799 8972 80724
756 2405 258648
3217 8230 733733
9565 5501 434694
3275 9888 19929
3590 2418 1257455
2619 7051 968396
1240 1662 513592
5028 2123 31564
3365 1454 513271
1320 6703 555860
2998 9153 154458
7236 1114 1424612
4426 8145 54258
2030 1468 1186839
3165 6707 399917
73 2175 631203
1037 4288 304670
1518 0 246756
9007 1690 1148692
2281 4672 293011
2441 200 335382
2166 324 54514
620 1369 204564
2262 9375 243053
157 7310 1253988
4407 5008 2063880
9947 5 2291400
3307 3725 412288
7073 7863 130926
7329 7929 204606
4589 7802 276567
5475 4800 938625
3942 3608 44641
975 1119 411599
4596 7518 273529
