151
6505 5952 124814
5575 3848 37551
3862 7783 996715
4249 8406 446727
9856 6794 730124
1123 6559 1551597
1407 3235 734711
6053 4123 1125368
2568 4184 256084
4185 5253 493364
646 8696 170755
379 9150 329938
6459 5032 44455
1153 1826 323622
3487 2131 231108
6033 2417 483698
9561 4710 1505598
4161 2507 730989
88 2479 109363
1654 6685 804056
2755 4999 536858
8833 1059 359211
3750 8638 2428338
5863 2092 163090
2731 1101 403326
7763 4508 232138
2937 2721 35109
6750 593 648155
9880 4723 829925
1828 369 58075
6374 97 85382
190 9849 175356
2888 3267 719080
9652 8496 5498
5614 8347 795630
7656 3689 316777
4101 1671 245726
3672 8360 2312490
8783 4973 196946
7450 9738 722265
5801 4616 1035360
4159 3225 806216
6109 9549 641058
8027 906 546920
5572 1237 1397692
4649 7054 537328
2431 7005 896007
9143 4036 662077
1995 2794 278119
368 1822 384904
6949 4070 205630
9664 8629 1064327
4973 3533 1670804
1359 9984 224191
8949 7194 588298
7083 1125 1184968
1905 8454 549857
988 1642 1626404
4573 2073 128664
8467 9296 523907
9686 7900 462941
1541 7844 538889
7191 8931 811336
8809 6553 69516
6307 2077 575746
8316 8209 490572
5940 9642 348412
2279 5243 335515
889 5547 776534
4852 2200 185805
3099 1748 291570
3661 3191 1207093
9489 7966 45051
6036 8070 459470
2946 438 1005052
3363 8242 622888
1471 1787 237966
9249 1943 523193
4518 4491 929442
6499 2665 406776
278 4597 964140
6645 9132 921379
4573 2222 1008190
7106 7608 245638
3659 3160 1253781
4915 3497 341519
9781 9601 1659535
5885 9637 487750
9694 7933 1183991
7070 5816 671502
6563 5537 176782
1121 8596 278544
5053 1477 1207760
8481 8231 413659
3926 3575 62970
9169 4401 615052
8321 9471 1815487
4384 9539 1241185
6755 4908 659465
7104 7329 962659
1521 5597 1484290
2219 5929 1134443
7798 1635 1568339
1341 3985 2100995
9390 9780 282831
9522 8689 736242
8365 7700 146632
9689 1988 338588
2598 3144 571082
6633 7593 345306
8544 7275 733293
8964 8332 1472585
1156 2334 880481
5583 8567 405342
145 1369 1832586
6470 2493 691947
374 1932 206787
6037 4248 87100
8308 3621 9898
394 1969 102773
8206 1837 739420
3772 2187 254048
8419 4643 1642100
5032 8932 488900
127 1208 632939
9601 3351 410051
5148 7343 113426
1766 5124 340304
7842 4243 205133
7987 5339 508762
3127 9734 106003
4590 544 34931
2445 6932 1796986
7791 502 2873282
4135 4472 410789
8790 287 439651
9326 1635 423527
216 5085 1355058
7117 5883 395375
5527 482 171293
2949 1139 150733
3703 3371 470298
2435 7805 449428
6188 9168 1826512
2023 2511 1760094
5849 577 77688
8948 8712 232695
4643 349 1239944
524 6647 133860
1425 689 891119
1403 2715 346613
