92
2973 3334 726357
7573 7181 140591
7360 1492 1110441
2754 1435 2737085
5004 7096 4569808
7826 1351 668306
9166 5519 242673
3539 2371 2624068
8184 700 289642
5393 8476 1478490
461 7218 69167
3037 118 393877
1203 6982 4175983
1300 2649 910201
935 9057 814908
9131 3139 664947
6043 8660 60198
1856 7066 558865
3580 4313 258152
4976 2432 518537
6829 3353 953465
2687 5246 997860
6055 2440 930913
2533 4231 89921
6789 6249 854452
7436 847 1114077
3723 5713 1065587
7550 8458 779906
7333 3741 1173070
5894 9255 2270425
4734 6436 1001851
1548 7471 958435
5934 476 907507
5261 3598 648699
9660 1734 859372
9185 6920 1317592
4415 4328 627480
1650 2982 131187
9674 9669 1746133
5780 9750 362361
6651 4700 599853
1568 457 997365
2266 8039 1081278
79 8915 357680
7873 4512 437716
4535 4519 723893
3249 2203 2973730
1582 9684 912362
6352 9706 590283
1647 8008 662966
8793 3707 1758465
2282 9446 245062
3210 9886 248971
4716 3353 1312167
1677 2738 439998
8646 1798 1916959
1618 4891 3620973
3673 2027 2426078
6064 2941 2394790
9388 9131 458323
8936 8872 3735271
9145 6158 5215003
3445 6134 1146056
9641 7960 46537
7090 352 1725887
8408 7116 1642594
1727 166 26691
246 3949 263990
8253 23 677446
5956 3983 322393
887 4864 2104804
6883 4684 116872
1037 8625 1089674
7253 746 2732846
4872 2877 1074980
9909 955 687
8730 2962 675696
5925 128 447733
2908 7959 366761
314 733 853546
1555 1424 3102774
7268 2614 1415465
2962 2187 975009
8222 4723 49296
2843 1933 183775
4875 1705 1267365
8697 6979 708939
1497 3910 183972
5498 3122 643108
815 8230 106509
2347 1838 23468
2438 5080 1113352
