144
5599 7819 765198
7313 8913 210330
6843 5312 2477087
7315 6735 2142788
8127 3751 484783
1837 7247 237498
4915 7329 98170
4652 8781 1838165
9541 3662 146258
1786 8099 199020
4644 5152 343622
6938 1510 296236
9907 3727 478712
6223 5778 67768
6627 3929 439173
1767 3822 481711
3827 1621 234017
8929 295 485082
4585 57 851040
3979 1266 210880
7131 1406 1072762
8394 8469 1238789
2537 2734 203197
677 5079 196583
2180 4509 1738892
4606 5355 1464806
2336 6299 284617
2611 9829 748916
717 6746 28109
5547 5663 18118
996 9110 25706
5488 5822 263859
8324 3002 1073852
1088 105 594111
7379 2272 236726
6412 6284 889432
4024 2619 210876
6559 819 434316
8603 4961 220107
1688 9771 83406
7263 8320 1857529
7127 2349 366233
3193 9096 927786
8223 9960 576584
7567 514 63264
8803 1997 537551
9526 1791 260105
3974 6810 454244
9158 7568 507638
2309 9594 1524710
8708 7923 537213
8598 886 743838
3443 5637 334156
4458 8248 452447
8280 1159 409388
1541 852 708145
7577 4288 588532
6571 4888 218278
7479 4547 193800
3425 7643 369883
8895 4341 65872
1583 9940 796234
8005 9768 2300424
9105 2908 1007592
3966 5427 19608
2514 4509 1780376
1404 3708 384574
1195 167 687280
4573 7267 1132632
1959 156 764704
3337 6424 1361631
9064 8804 226422
8529 5687 1315435
1823 5495 491339
6360 4230 378993
208 5321 401696
9325 2281 2463112
2688 7345 967567
3206 1954 53891
8474 3578 183882
5084 9956 739415
7841 9526 3145677
4047 4473 680898
8184 3961 783807
4386 9401 993569
1215 2399 748591
757 1644 1023044
1758 5596 1245209
2784 9963 25830
8498 9429 703043
5906 7177 20080
7623 3972 175003
5195 1415 974595
9075 8267 595885
6753 8761 553707
3408 3884 8862
8799 8892 1013215
3867 5382 2391748
7078 6436 312633
3657 4141 391064
5067 8780 440429
1704 4915 1492287
3965 5039 383677
9459 3674 2445759
2684 2602 985843
8596 1863 371210
9697 2973 516421
8290 2267 707664
5295 3921 1294933
2678 8931 27233
1381 4194 571903
739 9762 165530
9910 6270 401761
7209 9889 1449958
5393 5011 1649569
5173 8721 1581698
8610 6407 163591
9159 3116 396378
7988 6893 2010711
7850 498 127375
4458 6755 478676
7186 6815 238182
4659 9872 1003610
3442 7417 540383
8928 4595 76940
1263 7459 514489
7670 7931 641393
7558 2540 204227
5744 9016 547146
4720 8338 773868
2460 8028 352592
9477 3706 599740
3294 1392 897955
5484 570 1153701
6249 2084 527283
0 8130 131011
8752 942 642331
7297 6878 336753
6552 174 1915756
4718 1086 450193
427 9033 404304
3731 3505 646571
2988 7724 461937
1350 5694 821848
