215
6395 4043 2293543
2452 861 952876
2377 9725 1063619
6649 2769 1521416
545 5788 32929
481 510 491716
2920 1758 142280
7034 8800 359695
3973 6029 775921
8956 858 117925
6303 538 804413
7439 4530 981776
8936 4467 310607
3141 6408 587181
8863 2946 212508
7033 377 137310
9148 1515 241325
1839 4328 84005
4475 9118 24519
7082 4735 320504
9938 6339 1704241
3891 4540 504419
3330 4816 368831
8388 8367 1341092
1947 1400 172803
9394 8993 1306462
3822 4191 595143
2676 4006 172771
7331 1890 582493
2466 5182 849715
1419 9647 162193
8653 7376 78098
8794 8111 690767
4582 9765 867052
9344 4815 2290464
7253 8231 205245
1114 3431 941649
8201 6877 776751
7316 2225 254359
7308 1705 558259
1847 270 476833
3478 5704 328739
1719 5554 628682
6098 3383 292181
8316 8716 696347
2943 9742 534166
2848 4689 324794
1456 2859 254670
9155 8126 256053
3738 7386 465883
6816 8726 1586040
8524 2310 30401
4874 1973 510891
7083 4652 173766
6778 6845 37476
9600 7568 373976
9487 9887 371085
5631 6912 121708
5537 3921 428178
226 6566 161344
753 228 260693
8054 2426 404172
8515 3164 49909
2370 7372 561790
9811 3694 210801
9560 3726 140143
1669 1127 203300
5079 7620 486105
9879 828 120356
7105 799 6550
8005 1441 789514
1738 41 1006737
2154 1429 35560
7485 4035 722579
5293 2182 182817
3173 1879 1814096
3327 5413 867070
6724 2202 243664
4195 1149 418677
2186 6022 267513
6165 9619 1010668
341 2645 83324
6265 2408 464770
8383 2864 510230
5272 8410 999732
6592 1826 210407
3670 4353 446832
3160 2404 482149
1527 3512 86769
7429 706 597460
2025 3464 17895
2537 3356 87681
6862 5597 154734
9819 3953 905223
635 6696 202313
2603 6384 887855
9409 167 154430
1375 725 157545
4317 6075 733474
9219 8298 150541
5782 5442 699482
2637 6337 149522
9208 7469 260051
3713 972 60527
6616 240 553727
5325 4844 235044
3071 4896 65560
3350 9314 98353
1411 8685 410718
338 9766 271227
8912 6234 283434
9660 33 298230
686 4013 419003
58 709 106094
7329 3853 418210
7872 851 594529
5885 9165 465591
2759 7737 605867
6243 3919 645069
5328 7953 707464
2684 7882 105183
2068 8230 349876
6309 7964 113942
3525 2073 1435032
9639 8103 431895
7429 1766 139508
4909 789 325944
386 642 718956
4835 1238 111978
2344 3938 155964
8262 4443 439318
1356 2157 505257
9522 3576 168891
3484 1586 345764
2397 2158 362363
6209 4059 738679
2583 6014 44701
7788 1006 1027142
1645 7028 1644562
4157 197 1298832
5339 9931 981350
2782 1633 219437
3597 9328 141947
5894 1817 54714
2976 370 46469
8666 3977 254622
6261 171 89342
8471 2825 523191
254 2641 487561
7704 9086 340778
9536 5992 503246
5372 6803 382554
2702 8548 51623
9407 4489 1210109
3560 8646 284848
4551 5488 132252
7896 2256 620228
7699 5593 380210
1233 599 204989
4943 663 48301
8211 9094 183105
5871 2313 108213
4156 6398 200397
9067 5585 137280
4411 6340 83567
6454 8419 117047
3463 1391 640150
8124 7083 1231870
6606 3525 967628
1584 6060 133523
4828 4890 2584
4055 2691 10210
2343 564 135182
286 2147 713863
2752 2475 547742
5568 6141 121607
7797 9940 440651
1523 7801 312302
6421 6858 76378
4244 4340 576943
1996 7524 697582
7640 2276 378002
6689 2866 162971
3669 1156 190335
1732 9033 288966
3501 7352 1407621
5108 2873 750571
7750 1031 70164
3733 8107 300533
3485 4584 1442620
403 9136 389416
3966 668 477403
2490 2551 486259
2468 749 145732
991 7157 268784
4389 8313 821196
2472 7098 1275579
9837 6829 451788
9446 294 28774
6516 9764 101066
5452 4935 631859
6490 8169 99154
2048 7714 930302
1465 4493 131464
9460 266 180934
5340 7613 351272
4599 8067 595603
6528 6600 813107
8030 1328 213113
7768 3812 655178
2360 8891 309662
6164 9756 331668
9281 5737 123362
72 7899 537063
6471 5396 1383229
