79
9190 3083 36346
9171 9305 132004
106 6954 682789
5252 1656 4084912
271 2783 3581536
8228 2791 3063510
4365 5587 85957
800 8147 82704
521 8172 2364954
3197 7998 852451
7222 2917 2897536
3189 1732 3434
6299 3190 2322637
1169 7739 538441
6736 7894 1507854
7268 6156 966878
912 4380 1605406
1065 6836 2299631
3765 5721 287241
9602 8849 1522761
7265 4013 296934
4943 9259 590723
5297 7348 777465
5623 1323 108052
3692 5173 3348761
3620 2546 547321
2717 2025 340854
9994 7681 1015911
9047 4537 175435
3584 9320 1006597
2889 2967 644879
4309 158 323319
6833 5077 1920839
20 6088 3095022
6255 9040 1366365
8337 2975 1721495
7584 3963 1041004
2490 3717 1838315
9223 8137 1032755
5822 8051 338028
4693 9768 1462224
5749 9318 2242917
532 7917 1925505
624 3071 1094912
5784 800 78048
7652 9429 4995600
7003 6513 999607
9077 9433 929713
5 120 1585747
8532 6091 2644200
7833 7443 381213
964 8527 1037842
3906 2729 392740
8985 3488 640453
588 296 1193057
6212 5524 5628432
6215 9159 1024047
5181 114 2905077
7808 4934 1726848
6468 1073 117043
864 2262 497830
8537 4861 974159
8025 7107 1132988
2669 3915 89636
1940 8491 2394622
6011 7749 424081
5362 6532 999802
4311 7681 1600123
4129 2312 89165
9238 6628 1719572
1513 2158 509119
9580 7716 325130
3470 7692 2400598
8833 8871 748907
3688 2336 487305
6269 9230 1293234
5021 4980 90818
6082 6379 575471
9662 5300 193159
