79
2858 5294 172567
1194 9548 1538015
9319 6412 96218
2388 4512 580736
7142 6184 1453618
9240 624 762949
3685 2077 929531
5100 2048 3633062
2739 6458 2019333
9339 9041 480098
8591 372 3848852
7313 9314 2472213
3391 3004 1600525
5892 3100 5537157
8351 9871 2092471
2431 7960 219495
3689 7556 897683
1857 5606 951138
5015 3692 714062
8239 9564 3266652
9708 2069 479761
6330 4320 3276579
9792 8499 3439265
3266 1164 75865
4485 4714 3492238
5552 5868 2330654
5743 7226 613491
5628 7071 571767
858 4992 64635
8579 6485 2168538
3108 9349 85857
4550 5308 5688765
3255 9485 518794
3229 2721 2581374
3208 8899 1326237
4990 1986 272056
4501 354 772271
2975 9094 660878
3898 8184 1318604
6373 5436 133699
1807 787 981436
7581 2736 688771
2079 6770 4515452
8508 8539 127349
9658 372 32309
1223 5400 1356257
8353 9746 1933466
6056 9252 1615541
1515 9794 549640
3269 2496 3336360
6705 4105 1663917
8535 6217 210237
6759 8221 2160528
2548 9762 630167
533 4490 565555
9455 2166 279595
8774 6605 108822
4960 2438 1597044
7 7999 438096
735 7895 339898
2886 9187 485428
6847 9896 1090772
4847 5955 341893
8161 5961 492286
9152 5542 1350724
7571 6574 1405229
5018 6287 104220
4935 2160 133666
145 9882 122250
3159 5456 452627
519 9671 1902496
3600 9401 1081420
2342 7045 1245691
389 8042 257290
5865 5565 302260
8803 2406 1021904
8521 1671 1105530
4081 5398 306912
7861 1666 529259
