79
5402 4785 246186
4289 9523 2018126
1916 6087 811422
4882 2783 315498
4338 1078 1870908
6863 1124 536927
1960 9386 907837
7741 3949 373915
1281 8608 4977346
6194 2945 3724050
8813 858 1027489
8701 3559 377396
3831 3629 975975
3624 7213 558813
2090 3014 3487305
9146 2308 398546
3297 5594 366144
8069 6964 2741272
3862 8276 165624
5925 3995 181395
5186 3543 777085
7538 2046 68328
3736 819 114889
8172 7934 1230629
1799 8253 1384035
1943 3339 740047
8604 3923 478454
4282 592 3053549
7377 5544 698674
4363 902 500082
7439 1633 2220099
3794 1587 437689
7312 6034 5218517
9570 967 817615
4042 7734 9388
7464 8454 1069028
5034 351 996203
1384 518 1623049
6566 4364 459490
2590 5773 468117
5546 7949 2866095
6260 5566 815764
8678 1786 505181
1392 725 1231538
2472 3108 616601
6680 7293 468629
5023 2072 697063
578 9326 1274159
4510 140 2350781
3090 7334 254448
3834 7231 685087
3855 1024 386416
7995 5598 329712
9178 7438 336707
3054 8641 344547
5663 7286 3463180
2812 388 1745619
3485 5187 577400
8861 1192 345447
6640 692 409760
3592 314 2303468
3961 7591 160190
9349 7966 375093
5770 1709 2471489
922 9488 1819430
4318 2299 795147
133 9557 165405
6071 6608 1395303
1282 1715 3126106
3198 1193 229897
163 1856 790271
9004 7182 763153
535 5066 1521616
8530 4225 568170
4409 6179 2649243
3940 3325 597906
3797 7292 4158704
6299 5268 1465601
8393 4811 6512533
