99
3227 7297 543942
158 4777 30698
8926 1715 899822
6441 1470 323554
4725 3372 1819747
893 9013 1274707
2823 8245 349106
4389 8420 1376616
7844 5700 803881
6642 3907 187129
8332 2519 155251
2959 7519 166423
8456 2496 134096
1037 3391 881160
7906 5052 46873
1080 8587 441326
401 5896 390019
1882 805 7095452
7786 9128 219015
7271 8436 37649
58 123 120382
7517 5252 306662
6021 2559 292069
3461 496 59881
72 6638 470484
5872 4460 2109920
8738 4194 192052
622 6310 2383053
1154 1101 120275
6833 3636 664947
7255 7485 236953
792 9972 472517
7286 7973 253079
7405 764 748665
8027 1033 312415
7641 4615 1256697
8032 5523 181417
385 3159 879262
4547 8172 931990
6958 7354 1987742
7387 5569 2568422
2354 5746 2139672
4671 7746 947791
4754 9595 282555
6284 6025 1706361
6977 4965 172341
7243 5601 2812769
8797 3432 28205
991 4281 419976
1606 317 2137803
1489 1522 3112902
3516 4669 851742
6641 1 207129
272 57 1204893
5479 9292 285329
1530 4847 828651
9401 9926 486018
5575 7477 2861090
1693 8519 2070636
7401 8174 676957
5050 8630 262222
5312 7927 772637
2771 5299 162788
6270 9844 184650
6545 7117 884633
7733 3950 428845
8751 8100 2494930
8399 3099 195661
2431 8844 3721031
805 1470 783893
3542 6057 3042362
2735 5040 332203
7163 1306 354513
9050 7556 656485
3165 2400 1213203
3264 1844 1412840
995 4091 1188195
3072 9136 2606168
2254 6568 89790
5510 3947 2308299
5448 4371 1052322
1533 5036 639631
9029 1890 649447
6230 6781 506740
1137 8377 2386522
8930 4350 547599
929 9430 1725173
994 7202 4289048
1926 1289 660345
8491 7002 2667762
3264 7956 327259
1554 9755 1119983
5019 1718 109339
7576 2921 184603
7202 8069 1311557
6467 2354 699854
2941 3740 332348
8635 9673 217713
9048 6643 519237
