110
2767 9931 91011
9261 4554 868711
6167 7465 2917708
6270 7729 31197
7751 2513 278420
1707 8338 518865
6257 8757 2069521
9612 965 1228176
1318 2290 58283
403 1373 1539430
5204 5692 500992
4912 8492 1722136
4418 5449 41023
3689 5600 1517469
7803 9678 1687642
5098 3103 1097136
1381 3744 12559
522 8943 1090427
7118 6860 605326
671 7066 1449384
7866 8304 751868
6943 7425 792595
6532 2557 993369
8576 7778 310160
809 8388 3075407
8166 8046 133129
7834 4281 1034467
9104 1625 1155099
8279 5942 651988
1831 1817 728018
3127 9502 267768
9606 5722 1179599
6315 1292 3826871
24 6231 608639
8491 9333 170824
1012 355 132106
6634 9939 1380719
5627 6692 1283252
4676 4945 481038
8179 7107 985664
8800 4533 1275550
1895 9672 330477
6264 8805 1203858
1551 6850 796880
1756 2805 271499
7958 6413 168233
3183 7533 1547332
1733 2232 1553390
6469 9930 161652
9628 4685 1750544
7918 8518 200565
6077 7096 681232
178 4826 615782
7515 267 768112
7567 6697 1948874
4590 868 591197
8233 3736 328379
9725 6883 730630
9700 4448 1101482
6973 6440 22305
4081 7389 125763
2054 9254 1267651
198 4311 1220242
1801 2650 1525810
4300 826 1124009
5879 9967 1863643
2111 418 51048
2272 7563 1025611
3097 9989 367697
5187 5643 579302
9903 70 1281752
6808 1206 61426
3431 8646 85375
5506 5232 910122
2552 5072 212367
4182 1231 236390
1060 109 797495
8785 4138 1416809
1749 2661 230836
2972 2366 229150
6510 1847 1057696
3880 5303 746800
1083 9296 450335
1431 1610 1610753
656 8518 190180
8908 8377 910963
703 8580 98956
3244 1575 503793
9756 7447 1042972
9418 4826 1237468
4577 372 524209
2276 2246 1826226
7320 2687 1205199
1393 8239 1546459
5400 7664 1060686
8255 1937 417544
5743 6099 528425
4551 6171 31582
6416 8657 146989
4360 953 792401
7920 7482 204424
183 5084 2432777
7674 2164 601526
5376 6410 1340694
6177 2873 1980198
4805 6000 440417
5507 797 41054
8058 8478 689838
1055 6977 478947
8515 7439 5932022
