110
2244 8303 231637
7632 7287 496721
7736 1130 75759
9331 8905 1243726
8323 355 471724
3682 6895 22322
5971 4544 1243314
7640 9573 687029
6270 1791 739014
3007 6341 596714
2477 1832 43012
4244 3132 403353
2083 9159 363074
5177 5501 281862
180 3476 90192
3762 7283 136244
1764 2149 1817876
2282 9892 41776
9069 7585 358293
8966 4501 1777999
7130 7506 2688475
3188 3781 741209
8616 5527 1116705
9627 7662 993202
1617 9682 318977
7545 8050 1089970
1488 1803 2274907
6227 7338 851606
2621 3128 1298449
9518 2323 107243
1071 491 1809386
2318 1976 44675
8540 4764 419766
9966 3422 2176337
4331 1677 1264793
4954 5045 1214129
6667 8461 1017433
7796 1961 586090
3857 9010 3927130
8553 1435 266130
3532 9212 1015334
377 4435 384286
9884 9863 25849
4681 7433 727728
1828 7935 206176
824 7606 1522205
2821 1944 580276
8770 5602 713472
7412 5350 98569
7187 2886 1410521
6632 784 361631
7236 5848 969749
1894 3154 669108
7945 2972 84554
8782 5709 1519017
4938 308 1289096
6683 3980 133719
3234 7325 716589
4140 1126 2964084
3096 3909 302377
372 1648 1658373
2747 9634 688448
9294 5948 1475209
4750 1244 1509577
8910 3371 52606
7641 5395 124914
2293 6726 1576260
9975 5969 1240046
5512 459 586094
6114 9762 362223
7259 677 2358275
8016 8648 112653
171 6435 166996
6293 4059 625556
1536 1457 1252679
7432 9671 160856
2727 1448 1971331
1768 2709 1317733
5252 2567 345950
6148 6380 1170756
243 2569 986656
1345 3364 761546
9524 8 678286
8086 1887 804900
7352 2091 1647724
3319 93 878307
8456 224 1617637
2457 4669 38569
3222 9608 1905664
1199 8578 1504951
4954 7701 102518
6566 4656 37679
2885 7928 1307274
9282 1377 338679
9607 435 357679
4207 7055 1256176
7107 3539 999713
2859 5322 248771
9345 236 282482
633 7814 1317617
8288 3065 670308
3204 8407 186209
4549 4874 435787
8016 438 4165003
2948 9690 1347475
1801 2574 2882920
5627 6764 1069520
9637 7993 1268490
8715 3471 257839
2729 4017 864493
