110
9261 9276 1449935
9719 8472 166984
5158 5990 1265573
2951 1450 223865
6066 8951 604845
5700 4542 102991
9234 2733 947442
3387 9240 1846459
6006 6457 1614991
5140 7434 856427
4210 1909 541655
2916 7396 546356
4270 1854 319501
2454 6404 2184132
6902 9620 1489015
8148 9824 662372
7341 6665 386532
2050 6236 223174
5019 1555 93449
7161 9020 53374
6639 1085 2355217
3772 6965 1714927
9733 3799 1033471
8974 3505 386798
9697 1116 901411
5491 221 621749
27 2801 277706
9819 1467 1901916
7328 4567 473724
6475 8685 632294
2526 8871 412152
5756 9050 178417
4061 8155 571442
3107 7834 74152
594 8729 1363473
5439 5064 102962
6806 4304 423230
528 3073 195723
3373 9427 801730
8110 3476 338002
7417 8464 1431136
4975 5406 603404
6611 3832 138416
5350 810 1414654
8473 4762 814104
7946 8742 669094
7050 3779 86754
8989 4879 3023229
7455 3072 545887
8747 7350 1565442
1865 2130 570819
9073 4364 139531
4924 2496 503054
6987 5473 82170
9123 3963 596839
3740 8760 1926562
6204 8760 690994
5758 8031 903216
4540 143 558343
9248 5311 89843
4267 3046 192651
6856 1338 188782
3166 9171 1717312
7155 3768 108716
7920 8539 2881160
7719 7796 2479637
8960 4419 287461
6961 2164 1241801
1465 3216 330955
8445 1966 4440506
362 1281 1377
7305 2479 569838
2303 1511 1188793
54 3278 1111009
5576 9380 497400
6432 1731 2873003
5004 8412 1257609
9435 9914 1578972
9568 747 1339842
6089 174 1357687
6876 2969 124852
8437 2354 404345
9428 2092 195701
1306 2736 2192561
2183 7915 2976946
4504 9350 778336
8053 8244 481450
7982 9428 2897209
6581 5814 952958
7411 374 131318
6325 3238 1365609
1653 8181 1848386
1371 2016 958883
916 1608 526245
8378 2601 416994
2910 5034 68069
9220 1906 3527596
7075 311 763099
5455 7194 163363
9933 416 708610
5778 4109 1425468
9304 5960 477048
1516 3272 591876
5189 6559 12059
202 3971 350947
3562 6291 176848
7804 7596 1279660
246 2793 506534
926 9089 302631
5512 2124 1056829
