110
2125 3833 1903608
683 4907 170022
6928 3385 1228393
8886 9851 311044
9204 8270 131705
8460 5189 1298319
9792 1894 998199
954 6307 6175
8859 1204 1267768
7517 1577 2000422
3353 2508 3108327
4849 5505 223514
9190 6 674477
3110 9772 686904
6954 1721 511724
6864 2010 301718
766 2042 921939
5860 3465 1895267
9389 9793 131941
763 1099 434451
4782 1176 1203642
4880 9301 198170
2912 7183 369022
8014 7956 456533
1772 8276 160828
6689 9045 38486
424 5728 827059
1260 5586 1169404
3928 3735 959187
2652 8855 276148
190 7690 4481450
7871 7678 213762
1056 9535 1824220
3415 4243 161807
3431 3916 980221
6905 2168 409118
4206 798 680633
9760 4305 2716009
5224 8009 145401
6743 2599 827814
5100 8247 120893
5090 9759 915877
7451 4373 319076
8740 2410 1136691
8340 8712 547931
7306 2095 175385
6677 795 280977
6353 1534 411548
7285 3469 407100
234 252 1273578
6771 6459 392288
2805 5031 485656
6561 4536 1051444
8861 9417 526079
6170 4050 84361
7849 8400 888807
1212 2414 186217
437 2686 276915
3662 3248 1144952
441 2683 419328
6802 7179 2419878
8450 6702 644287
4053 780 820369
4152 4704 1178163
3004 5848 1716639
5960 5831 438330
3205 1500 84082
9607 7741 431876
8304 3673 201510
1118 1947 243009
2843 733 1150794
1890 7129 168359
3543 8611 1367090
7760 6712 458251
1514 350 214980
1063 8128 29250
6316 101 1585354
260 8100 3063931
2424 5348 2116202
5692 3617 298113
2997 9805 2983297
4446 2118 562877
4046 7935 416023
8069 3474 543926
3495 7112 1156165
4076 6072 699832
7438 3350 1656027
9724 230 424586
3101 5903 1534872
5579 5094 1045741
8332 8361 1439946
7095 8742 213518
1796 9609 2787404
50 2683 1381410
930 3534 900746
9037 9494 367259
5647 7544 375321
6555 2778 308396
5970 3749 82479
1891 2240 17836
8615 2294 118267
4022 5591 1734230
4003 2838 1245774
6772 1018 1820457
504 5718 234011
3981 6314 1233527
7550 2278 2329794
9592 6852 2250356
5062 9946 853766
4671 8882 3301756
