110
6391 6562 1558510
3265 6362 1517215
5711 461 80228
3781 4977 179855
8507 6103 264420
5022 5340 68859
8566 8022 1610807
9073 4647 1382815
2702 8066 1431218
6081 2105 3650394
8628 7568 972221
5225 4813 655409
620 4129 891613
9115 5454 183777
3277 2792 247077
4756 3311 90802
3152 7035 424804
3913 7197 663341
2942 5220 914109
9018 2829 708861
2469 9637 2100294
3357 8885 1389426
491 8283 286974
4874 3897 127383
8599 484 417846
6687 8109 312467
7574 525 1154478
7801 6107 203048
6859 1479 1402145
6614 5638 963417
8114 9292 1362065
3464 8954 626614
237 1383 111891
8375 8320 920863
2156 5641 951835
6015 8642 106194
7429 1771 132585
7891 622 219143
7952 3071 146663
1555 1328 941370
2636 8535 186159
3001 2979 897720
8130 4747 117607
9081 4255 521166
4474 5403 2871756
3939 3390 1123508
1606 7810 265664
118 8953 95279
9837 9598 1434509
2165 6340 884653
5397 2345 35288
663 699 1473417
7044 5887 247493
6066 4638 1828067
3178 5212 3286421
8767 6295 313270
5273 6258 242774
9413 9073 2376095
8880 4055 2194894
5418 306 737878
3583 130 2243426
8207 6288 245750
4426 1544 592754
856 7934 211426
4549 648 621766
1666 937 838450
3735 9717 1572060
3970 4374 745473
919 2412 967531
5832 5373 133881
6889 3992 1419393
4066 6932 1037460
2130 1227 1844436
4546 7408 2134690
8853 2568 963003
625 3553 558352
2772 6710 71211
8769 4643 885997
9650 7205 967545
5548 7570 65661
3377 8860 412701
2081 8670 660111
8231 7456 204734
5859 6736 732667
7435 6031 105331
1804 7625 91891
9956 97 1493086
7275 9857 1242197
9786 7378 1202979
7395 2019 3343047
7983 2983 617141
6871 6152 234486
1761 1681 522091
9060 3499 2335062
5442 8051 938492
93 2543 877128
9518 8951 548065
4869 2288 373360
2735 4241 3592988
524 7157 336234
7412 121 2138717
4748 4761 1559326
1571 2552 1369476
6544 8187 742753
7064 2026 125231
1617 6532 977689
229 8097 1520531
603 1890 821609
6025 6614 13946
9555 7598 240012
