198
9090 6413 229790
9577 932 1146913
8180 3856 68268
9304 5158 1705946
3040 5772 149567
2424 7697 90112
1586 7590 737787
2999 7775 501876
8434 6354 593348
5407 3145 1065488
7870 4248 303138
3884 3669 736118
6117 5911 85960
1412 8775 364728
4555 5466 16519
2930 8095 152236
8215 452 35795
8604 2118 1629692
4270 317 1412550
9646 8211 383291
8948 5471 174534
4465 8366 37885
3387 2725 98769
7047 4568 261949
1692 5730 1012226
5273 9153 1103321
1816 2250 7907
165 569 82755
347 5210 69831
3261 3939 816759
2701 823 159594
9959 2673 276183
6682 3140 709658
5654 3417 164924
3046 2646 1666855
1956 1386 904912
4311 2357 372613
3452 190 1348740
290 9469 1532009
9421 7720 524646
4388 1589 1074345
5770 2008 1472470
3357 8788 118747
3989 2624 745435
6972 4504 304866
8170 1742 8626
5663 903 695359
3839 6825 1370685
6973 310 466201
2624 3985 923375
2022 9846 382098
8423 1973 828828
9051 2701 638485
8823 7786 188990
6844 202 456348
8479 4439 388430
8294 3664 804243
2112 7516 150443
2880 2978 157370
2483 9854 152525
6001 4128 746860
3389 1921 91943
9168 8026 198478
4750 941 255509
696 4128 327463
6243 3607 216977
1810 7929 38236
2976 2556 601302
5762 8789 157902
6650 3621 195227
5606 2614 413059
6355 422 168449
51 3136 18023
1436 4860 1582215
8285 5083 212302
1795 4720 91766
1232 3674 3025646
2159 7352 146837
588 3774 165854
6659 503 588103
3456 5987 567392
3291 5660 905807
655 875 27138
155 8207 520967
2688 9516 1135722
7874 3497 431443
2492 5906 342836
2669 3447 645856
8147 8887 327985
5689 8683 355738
479 4628 357708
8281 2768 268095
5312 1005 832340
4696 7971 905597
8639 3297 507489
9592 3597 212412
9207 3030 383578
2909 2726 992265
2894 9173 460756
1152 8006 127335
4945 763 28627
1477 3854 37726
4679 4569 108706
5026 295 367643
2770 9998 598576
8352 4331 301520
8273 641 666136
3758 4293 97926
5649 3387 283720
9701 1229 224562
7311 9448 300843
4098 8386 864655
3161 90 3188
8584 1587 358723
8396 2141 400371
8196 9049 196753
6661 1893 102985
2764 5077 253254
1162 2061 871514
4733 8603 894247
9733 6931 418434
8735 9926 827587
1724 1625 208725
9192 4170 6746
7895 7467 168056
466 9958 923412
9270 513 2456190
1830 4537 879531
7267 7274 951877
6062 7678 2392494
9659 535 382313
9454 3913 172685
2469 8049 143427
4975 1772 268464
6196 6600 271916
249 8131 298422
4552 3624 663347
5216 536 1006356
8982 8651 56273
5851 8320 169648
1558 9663 1763523
4420 316 842522
2163 8143 198556
1296 2142 170981
929 8103 207674
2037 5530 174947
1838 3001 521068
705 8325 14961
2005 5300 1810384
198 9326 234875
8381 9606 281558
6545 7533 1646664
1882 4981 479701
1115 7659 567454
9263 4964 442490
6903 516 58179
6601 5848 472648
2250 3874 24448
9261 2418 154232
9738 4578 289119
8716 2687 921718
9869 6519 22091
4468 6161 194204
6331 7778 620662
9118 6661 230374
8338 2225 7443
5234 2473 482841
9363 330 174270
9848 8759 265603
4863 1954 721330
3565 6789 145834
3681 5789 353009
917 364 340070
2055 8351 755713
4853 3503 437229
143 9806 374253
72 4962 876187
9852 4563 519768
8794 8298 216118
7522 5903 279904
4656 9157 340526
5663 5568 362995
8058 1915 477495
7232 6996 144891
3119 545 306469
8821 4088 35050
2037 3920 566717
3397 3253 178432
1884 415 26518
2485 3828 1435663
434 6095 1497546
7821 2150 36270
4399 9409 1107989
6866 7912 500555
5428 2753 490906
6674 7761 717357
9153 6592 162021
6207 5725 76746
