61
8993 151 87245
1068 2398 75794
4490 7043 97854
5374 9114 4469581
7813 4406 70415
698 6678 1487682
5473 7856 5788645
9474 1573 4319193
4709 2104 198998
3181 8706 1932947
325 374 892478
2641 803 1966307
4224 3757 4246706
7290 8260 2307936
5403 5394 2215917
2460 326 1441643
4273 6710 919982
7239 8525 420847
591 6097 3072587
4952 1778 3194995
3815 2210 581642
5074 1338 2401993
1377 407 1048242
1033 5550 2819379
9783 6980 894117
8208 6263 2686193
7390 8531 624398
8841 437 954107
2508 969 804264
4528 6601 384515
9118 2824 1473423
4771 6157 2041079
2442 6006 1170013
5176 9521 574838
4729 4783 3125624
416 4952 135325
7118 8462 784287
7256 8151 4158162
9143 8266 1815666
8256 2956 4756701
7932 5695 822106
9120 3945 2970710
7069 8488 1317972
2977 1963 1334032
375 8403 606936
8057 4130 1121046
8891 9303 1549911
5068 3040 264489
9397 5210 2325567
1564 9815 1252047
297 8631 20040
814 5899 3941474
8594 1694 473377
4397 4253 570024
9006 387 872595
7624 5722 263850
7970 2696 679627
9229 8550 2415142
6702 9069 592303
1541 3474 2338028
671 4559 1827004
