61
3575 2598 572154
694 6150 1312838
8221 2801 3962884
5346 861 205787
54 6036 818531
7582 4161 1191306
2169 8541 2481909
8209 3386 908753
6352 3583 877217
9639 3504 1305106
3801 6827 2744489
4422 5025 617749
67 825 2668840
8956 492 3138257
789 7743 1601774
1949 3676 2971116
2213 5378 890044
1839 4283 269032
9366 66 1257717
2163 7973 384786
9699 1814 6375307
289 6060 1638391
9383 4190 218458
7584 1709 417293
6133 2004 495129
3845 5227 539451
9633 1755 6690591
6824 3052 1747575
9675 9806 2719392
4723 1846 48522
3114 5294 5320507
7841 2112 49863
5194 6601 344698
2065 3287 520311
2782 5779 3974313
5406 3485 2429362
6089 6615 1439108
8225 2195 398652
452 2480 3477210
6535 3199 536737
8507 145 139591
2118 3871 280878
2902 1098 293925
3982 8388 3423109
6608 6830 888689
4330 6952 796591
5418 2530 747543
5132 1526 2064314
7186 4212 820265
8692 1807 511346
5239 3481 18845
4963 4405 612505
4306 7654 2753649
7083 9954 5592316
2783 5805 779022
7514 8681 874089
5424 2790 495774
1451 8280 3889965
7106 399 4641052
5328 2146 510103
3688 3286 305270
