61
6235 6514 2748050
1970 4826 788264
6305 9095 2182991
5017 7948 558617
4109 4488 2190701
5801 1101 1499350
8561 3927 1180786
3300 2084 4645964
7987 8706 3089787
8610 9853 1020280
1225 5372 4029427
9781 5758 335610
3740 2318 3409941
6609 6537 511019
8511 6262 815411
9344 9988 473235
187 9605 2265069
7836 7645 702456
6725 5511 160501
7980 7050 489604
7378 4516 766835
3467 78 1122938
3648 5610 301186
9711 1369 2645843
5828 3383 692713
6260 2792 421344
420 5411 2089583
3204 1585 930450
6370 1639 2375199
2022 2651 1316093
7123 2726 1226936
9935 926 118805
9001 1249 1941176
9499 8447 502331
5623 5382 963980
8144 278 2736865
5954 5129 149568
5577 3418 1069907
5381 4192 800117
3205 9792 1589650
5036 7171 335149
8877 1874 1280744
9918 6878 758676
100 5629 1048200
799 1783 1088735
2707 9804 915616
9632 7631 2148678
6210 4755 519240
5012 9994 3367302
2187 3317 2855507
5122 9950 561509
7365 2389 7967458
89 1977 582164
8216 5660 4780358
457 628 1613384
1416 3464 173417
5162 2018 4166630
8617 2472 207611
161 8548 435210
9966 7221 3654841
1301 9654 4680989
