61
1754 607 2614242
3958 3970 8480491
4470 4175 1127920
3025 8594 1996980
4923 8199 788781
2025 391 248914
2169 5981 3787567
7031 2339 396573
6028 115 3823595
7090 2760 751821
6468 8535 1057776
1280 8506 588827
3619 4838 1886159
5899 401 617596
5778 6984 166588
9733 3099 320176
3782 4058 354819
4238 9336 123772
6390 1770 1417138
3329 5581 4206351
7115 4551 1611976
2394 5053 673031
5268 1221 2803700
5522 2139 1354465
5042 1780 1235338
3650 8140 2696778
7818 9216 1127109
4122 7772 40927
958 1236 831699
3226 4026 332012
4429 1352 2063095
6119 5290 1085142
1044 1110 3856959
7599 1514 1223890
1019 8170 372292
6983 696 416580
7595 6341 543230
5297 6548 632415
3874 4843 2135195
6078 2527 542567
4189 8347 3883089
7772 1677 1814485
1740 7122 950535
422 7469 3308402
2628 2029 1183228
6179 2677 2852171
3831 2064 530721
6767 6612 732398
3009 6301 7039355
8943 8280 1397904
4143 7081 1965840
9324 9178 849109
4801 5890 2482423
1855 127 1129068
6377 2533 473299
2339 7131 1153645
5539 6258 119752
7507 1706 5599010
332 3732 1134464
5603 7353 935651
7277 1406 130965
