177
7168 5877 1512777
375 3180 163738
5795 7816 2380812
6246 533 109749
9880 7465 689490
2448 7555 786151
1019 3196 107486
4636 7695 334
6142 7681 492310
18 1057 34676
7356 5359 172924
9319 673 1679130
7322 4613 1273470
4223 5548 531237
199 2389 6114
6934 8377 212435
1522 9194 2197055
779 7453 554774
6535 4432 856085
6557 3872 1188204
8768 2362 138019
8026 4625 126103
2437 9395 210239
5249 1218 49403
3320 3694 177696
5555 594 1047560
7794 5993 107730
2491 1644 2202699
2364 4914 947146
757 9200 418887
6330 4344 437501
1646 3457 955574
1249 1634 38566
4545 1798 307328
9145 663 166171
715 1835 193591
3868 2552 272958
216 1902 1305103
5913 6642 95000
7880 3550 601468
5321 8206 871386
9406 717 66718
9148 2799 153719
1505 5606 1298642
7788 4559 7460
5287 6392 67993
611 452 1019860
6345 6186 72534
8871 5130 696071
1054 210 511778
2414 9994 46226
5822 8007 903185
6611 8095 212067
5110 9980 47506
2613 1229 357938
2694 6604 98942
7813 157 46555
8442 839 1085555
8248 1652 1658566
1198 5759 469929
2707 4441 487374
8534 694 263066
4321 8847 1280323
210 6221 312427
2599 7542 566979
1666 2843 139324
7171 7161 526245
1991 1941 235407
8153 1464 255534
6207 3546 727476
3658 741 64689
2934 1156 224671
3515 2170 649414
3535 1783 468892
5441 6142 634930
6643 2926 782490
9497 5675 144123
7764 9232 325889
3373 1587 1132436
6635 9114 17961
3067 2511 1092491
9177 9203 299158
3083 5592 254368
279 4888 730680
4875 118 418913
1029 5929 6888
8456 7499 82030
3995 35 795693
6090 3895 228666
4429 3298 910947
7006 1108 67810
8608 6379 739505
3844 6595 615066
6276 9975 2441987
5736 6155 93668
8442 8296 919678
7386 1968 1114630
6233 7032 97607
3626 4058 193289
2978 1445 1125622
168 5740 132427
8826 3909 820160
3188 3790 1134537
5799 9596 870785
5781 2518 1104806
1765 5553 259830
1775 3136 867974
8824 8453 46024
2469 1242 883626
2441 4937 1520774
539 1628 986006
5133 5543 1236072
1556 7104 450489
7268 5729 523418
645 6665 446912
589 1319 1784424
4333 9667 422869
3242 1136 256885
8956 4211 165968
5972 9991 470882
8542 6847 972450
8533 7259 116570
6284 2336 609623
2045 7385 739194
2062 8906 418528
9988 3976 752639
8839 7129 206888
903 5962 320961
3717 1477 44387
2230 8379 707557
4738 4801 1349739
2768 4409 359248
7334 2213 132024
298 9226 164891
6743 4766 303818
9646 5781 2197852
5683 9456 24196
3848 9701 195662
4569 7022 1198070
4076 3919 910061
8740 4290 1406346
8092 1951 323770
9781 2336 89248
6608 8627 216797
3643 3248 1346
1434 7790 448215
3065 3793 263112
8806 9570 447671
5882 9683 1019945
9572 4158 741031
7953 7977 232951
3733 4698 19185
2572 2339 292010
8535 8313 960464
4468 8412 1273431
1090 5943 27732
6263 8840 240145
6403 3892 101752
3454 8830 1146932
6009 1824 1551792
9617 8192 176626
832 6906 71734
7606 1960 512112
3591 1204 124913
3680 415 664215
2656 520 319786
6212 3281 32630
2927 8364 2162434
5494 6791 32279
1400 2672 312352
6070 2937 742067
8232 4530 375035
6011 3886 241610
4079 9412 387908
3374 8387 83535
6063 4840 507542
8248 7713 431452
