250
8168 960 210617
1940 5298 40188
552 1670 448513
6265 1017 106340
4560 8506 163998
6529 8435 651784
5693 4728 174910
3138 6481 514548
7849 9341 9291
1722 3154 250701
1112 3872 167576
7172 3160 18745
8934 6434 1589723
3761 9077 215988
1883 1719 289826
3279 4835 1364122
4184 394 215953
2300 2970 418702
5379 7366 269822
3342 7175 86407
4782 9827 262049
4565 4782 740434
488 8286 341624
1211 1303 238506
8301 5339 1148959
4336 958 35902
3502 5210 263247
5743 686 41104
1248 349 114185
6737 8130 1064857
4204 3316 140775
1308 1582 424670
6147 6080 338470
1139 3203 794116
3359 7206 981737
2562 8381 113416
7030 4411 98028
7906 3303 500700
417 8639 468642
7545 7965 44824
2489 7243 245917
4348 9180 119485
8359 5053 26116
5005 1125 467828
6850 6422 88324
4086 385 592425
5506 334 276990
9994 4640 194139
568 5808 211987
430 4454 209395
4678 479 755258
301 6890 94948
966 5993 1146528
7353 435 650734
7516 7172 251241
4555 3933 144661
6144 5776 147439
4029 9775 337806
8812 7095 51155
4192 5478 81606
5162 436 204498
686 2434 312982
4494 5590 1147613
6446 3758 135363
6237 5920 1279537
8425 2518 23179
8520 5437 779432
8594 1624 191470
8680 6946 1430
818 9290 387676
8353 3995 270324
4687 4304 761470
9753 9871 571471
7976 13 26955
7192 3648 80762
625 1893 30784
338 2523 195036
432 2851 104143
124 8767 1253199
7801 7128 253864
941 9271 482836
7512 2007 829569
6371 4881 116719
4995 6348 139692
1969 9591 265988
6570 9680 14664
4839 1211 579225
8258 7229 736548
2424 2766 958092
7362 8900 35169
9720 588 188491
6465 5676 210526
9585 5236 889782
8390 2613 44507
1863 2563 532122
9471 9783 50158
4100 9580 306221
4451 5362 7099
1203 6931 2892639
5695 3430 151817
8560 7613 574767
4725 3355 537446
3280 695 176360
4157 9368 667389
3893 1042 179656
8329 4092 93703
4645 4099 1449355
7903 2655 186082
2134 741 47713
8389 71 34249
8155 3386 121900
9101 9457 1349839
3206 6480 46032
7639 8055 1179564
2321 3515 352803
3503 2720 271995
4585 3746 346033
3077 2511 724747
5729 9264 333623
7443 1369 880647
6104 5123 1556955
7993 3600 28470
5511 6751 234047
9052 5627 25405
4808 8785 51044
4050 2684 1828973
113 3295 72123
3165 3336 158921
9642 923 409978
8286 1712 44303
8610 7733 559133
2278 9941 159731
5129 6727 696858
6947 7799 915441
6033 2344 206832
2034 3443 285966
6759 2932 338816
6594 2606 145637
9946 7655 28601
2638 5287 67932
6352 1339 206436
8762 1531 822156
5334 6320 561890
3998 9140 479535
9560 383 485046
8057 4278 64319
3882 803 135834
4020 5967 239314
6887 2587 458050
762 1473 545533
1572 5592 459773
2164 8338 112307
4577 6479 258975
8439 2727 513123
5746 5828 437721
9772 3619 227811
1256 9990 170040
4521 2739 246367
4187 2147 224306
6236 7739 801267
3359 4590 994569
3906 7096 526819
9999 8145 535702
6209 4787 86729
4031 5034 1116832
5100 7739 182355
151 6733 988975
5810 9375 751954
5724 588 1016919
7165 4873 347474
4505 8154 688335
2731 6399 308914
2814 75 666287
2523 9341 3303
1994 3547 539
6207 5321 178819
2089 4882 98373
9958 8564 382820
6180 4190 27218
3885 498 482781
357 7821 77726
5409 6891 450303
3911 9687 537146
3578 2253 486558
7525 9782 5561
9108 242 32728
7116 5989 958874
4669 6561 34151
4453 5994 52087
2866 5794 101841
1851 1120 167938
7474 3708 165177
1367 3811 200529
608 3753 1166700
3281 175 1345469
6581 5484 41869
9259 5790 295730
5076 5425 97972
2029 338 223756
5607 7928 111767
9609 7726 2036168
73 139 93738
4178 3454 760260
960 2340 335163
9804 2617 348066
1751 8925 632295
3607 9731 199508
9637 8148 311471
5875 9529 208660
4464 6161 165037
6512 8993 76457
2479 5593 126839
7533 3868 9340
9540 5342 1087519
9865 4335 182535
3246 4698 109567
484 3364 392499
8833 7231 520775
1449 386 222218
900 2660 2022577
173 2145 356619
7623 5311 176219
7915 6069 209280
4108 9375 243437
2288 5973 806921
9975 108 778726
820 1028 42233
76 4637 1545195
6838 7340 248241
7969 6526 38052
6110 9679 491864
9225 913 683535
418 1021 563330
3493 5693 144826
696 4381 82537
4410 6159 96640
288 3820 105976
4711 5304 78919
9105 8707 225512
3732 7836 48187
9466 9365 238298
3889 5288 444474
8619 3010 46813
8714 7351 193182
3249 9380 256787
7125 1743 207009
9435 9585 41248
830 297 857804
9559 9177 322705
1687 4589 925235
