250
630 5440 153777
1384 198 138284
6501 207 80307
7733 9947 217801
1558 3791 145690
7797 8421 490997
8515 4755 792788
4624 1999 778984
1691 2544 87443
2043 7932 3499
1716 3981 30356
7065 7737 592416
448 1213 642117
7692 8070 421825
2956 5793 25682
9982 2689 284498
2566 6970 876483
360 4717 160823
5369 6425 481048
3421 5261 110883
8519 7556 77361
3111 5989 881785
8412 8321 1489893
7529 8796 349339
4157 4618 317393
2905 6208 20801
7288 6260 88120
5059 3138 20389
8837 5064 55983
7694 6518 38825
518 4728 62562
9630 9609 193172
3928 6000 296635
2898 6022 31710
4411 4871 1159501
6239 2377 357324
8855 1952 51858
1773 4381 541961
1859 2798 1250455
5614 3691 78492
4559 2579 40397
4446 9587 87931
6004 9972 941925
5760 5293 1776844
7602 1102 408692
1573 6419 168550
1995 1204 252661
832 1711 180103
4911 1316 407469
2605 7373 45960
6448 5889 119746
8690 7883 148219
5372 2362 564573
3741 1601 613500
2697 8181 643307
2181 5581 455751
6484 6280 142699
6384 1210 315364
3614 718 83400
8071 6870 399409
1938 5758 476198
3533 1696 850278
2399 8802 66629
598 1812 393114
3449 3005 213467
3121 3215 551239
2504 647 721093
2408 3838 47381
846 4351 270861
9061 93 753166
2242 8303 231391
2512 8514 38320
9589 8863 1078079
2351 673 222603
4957 8800 85019
6771 5354 176513
4770 99 1233
626 6994 635871
1265 6090 337403
9098 1003 96615
8491 5986 172206
1643 8927 182929
6966 5541 410986
7567 9450 76922
459 1602 20364
8745 9242 257505
1432 4154 1033900
3694 7191 453380
9086 4773 8508
6050 9816 128453
3743 6656 556282
2031 9084 47542
1784 8304 989404
3573 3131 441065
2600 439 1686321
7398 3893 59770
3204 3784 205100
1196 3380 197185
2460 9692 129199
7876 1985 52996
1123 2418 204337
2606 3757 467153
1180 286 890060
1487 3427 254465
7259 4510 437980
497 6792 241727
931 9670 1113638
3091 5249 244803
7372 3016 1129953
4899 1828 675329
2968 4094 478074
7713 1345 2191675
8408 9359 568710
5516 1557 584121
3965 1738 363696
6248 6305 677571
9211 527 138583
6041 2055 809215
2456 2900 350641
141 1453 22668
9115 6087 1318114
1439 914 106852
8245 3023 102270
2190 316 575905
4406 2380 983493
953 6034 650284
2126 256 101414
6506 5990 29197
9368 8341 454660
9219 946 799050
4276 3399 161686
140 4539 17376
9833 3083 1309214
6378 5286 288702
3854 6889 780299
9677 8814 326261
9381 7288 120324
4602 5980 438475
3462 785 341177
7105 3515 356443
1303 6060 11644
8874 7557 756311
5696 5815 596040
5833 7596 617376
4893 4364 680561
2689 4578 77980
7419 7171 83547
3304 7482 31098
5682 81 530142
3358 6540 317699
5735 1374 276271
5152 4237 550874
2358 1483 83290
3564 1045 551829
130 5731 121436
3147 4906 68516
3205 7621 55552
7120 7260 489645
9423 2710 891818
9996 2633 599717
9398 8461 783471
7680 3488 1074322
9111 1881 182232
9067 4092 626751
3913 1579 136775
3753 9869 587200
9273 2485 324015
789 111 206804
2946 6427 397553
5785 9529 852531
1469 5868 796385
5878 5935 709813
1579 6747 81968
7678 8360 385651
9754 9712 417676
8766 5045 904961
768 5525 160715
4253 2518 425556
370 8926 259668
3038 5520 96923
3979 7014 826511
9838 3490 613740
1217 6657 250259
1591 8837 197367
2782 1039 211806
1563 9084 1093280
9457 3068 340477
665 1168 12923
2313 7412 323089
9560 9589 128980
7626 8257 256208
1203 8842 692924
9091 8928 173342
7052 5455 551574
2726 4145 49474
5418 8622 759752
9498 9751 108561
345 6371 14457
3917 6460 641324
3793 9925 22396
3528 131 320099
4443 4427 97981
5543 759 208659
8580 304 12769
8704 5775 783760
401 2546 86427
189 2161 468750
1955 6775 99022
7488 315 35673
4291 6846 319922
2121 2455 586204
1875 7058 408933
6324 9044 454673
5240 1255 600784
11 1644 88476
1828 6047 197356
3131 4202 198543
3086 7890 452149
6118 6208 225015
9227 1670 486043
6931 1272 404642
3066 1122 112686
29 7996 143075
4086 905 820049
636 4399 17947
7126 5575 388643
7471 4290 33529
2724 6476 478980
4814 4451 785777
4116 9874 24408
5652 7981 1117938
7080 3008 478765
2475 2844 349918
9639 9191 506957
1333 1346 179694
1197 2370 259515
4002 211 415651
9951 1296 185666
486 2526 828821
9490 3637 670298
8177 2095 489047
6627 2579 274029
237 7850 907066
1739 9085 73567
8377 7872 261144
7989 5447 209248
5636 1493 87148
4486 6705 657073
3167 740 293444
5173 111 1205432
