187
6655 3925 557248
7565 7778 50730
2032 1871 151737
5731 7188 380950
9222 7194 917828
5986 5489 886327
5513 5575 216918
3759 9847 194637
8863 2097 372277
5377 6181 2314135
3655 3056 150584
3107 304 3559279
7434 3298 423558
3938 3992 158449
6666 5710 477089
8952 5150 4706
4465 1603 473347
3492 3140 531544
9004 9379 18579
7925 7259 570152
672 4413 948892
8750 346 107842
938 3643 131101
8935 8028 220418
1977 5818 196379
5074 2831 214187
4538 5980 240592
6139 6652 1782989
6696 360 251526
4582 9134 794854
7719 9954 536132
8305 2734 208653
7219 1213 529663
6031 8089 17338
410 2600 254709
6839 6833 821495
4318 9379 361044
4519 7133 274531
7655 6976 481882
9922 2420 440056
1967 3098 107531
2498 2560 1343178
1758 6357 458643
5434 1578 468219
9000 4318 474859
8595 2185 231476
4525 2172 675426
1917 7061 1587589
2966 6351 21957
5887 5744 92882
5063 9210 582115
902 4288 1495430
9107 1344 54105
4647 9986 126766
8763 3733 391350
2468 5414 133564
183 6083 637124
3155 492 493449
4244 7833 220084
9831 2723 232363
6628 7211 181761
5349 9649 54666
6968 9524 63466
6221 7322 654029
3366 4592 223043
194 5442 85761
7423 8879 635291
4468 6128 1022578
4962 5240 11012
6587 8511 116292
9523 6322 36539
8992 567 1061094
231 9537 570706
16 5139 594073
1492 9227 28428
8683 8626 93245
21 7968 56955
9918 2686 423075
5058 1808 261438
3844 9861 417668
3013 52 2226049
6459 9 508191
2504 4373 423558
3488 7919 1259489
2024 5604 160329
7931 3163 1351996
2442 4900 77648
2163 135 616664
4418 1267 204174
1501 2231 2680050
3633 1386 1573872
1973 1460 131328
9417 1434 541456
390 3640 506950
1427 6602 886793
7325 3292 316925
7364 4192 89033
8467 4091 81774
1387 8622 422019
9383 8819 1867736
2350 1197 673531
5769 4623 340004
7456 3415 455516
3680 3921 473312
4285 1748 240997
1440 828 474829
4794 4069 448743
8328 3985 571678
4828 1258 415956
4240 5965 403848
8052 5964 287757
4354 8680 422822
1940 4205 1093306
898 7119 366987
6174 2990 574707
76 3591 158029
2284 5112 1603262
1330 2148 42425
2456 5046 245907
6797 961 728185
6436 954 491406
515 4599 1268
2348 6040 926338
5492 3494 122152
3197 8834 686751
6430 5456 14742
1260 1408 1324392
1015 61 51746
3984 9965 746890
4253 4876 939592
1297 9367 619379
735 9295 522707
4014 8196 69288
2394 3831 981782
4891 3893 1121195
9502 4813 253730
6282 1354 133160
2899 2234 851573
9576 6834 125125
1045 7446 709072
3113 1379 654804
2043 5130 1384555
495 8963 123253
68 6270 1482283
8169 4684 1740791
2105 8180 3173376
464 9680 283295
733 6561 182971
9543 1122 182080
4458 1810 55447
1266 2407 85646
8461 8631 477577
315 186 356110
9832 2604 232379
9217 1287 650544
5178 8716 675648
8110 5084 280746
6208 70 28168
5301 3158 414405
156 3272 123754
3822 546 407671
3466 768 42104
9156 7464 1531077
2228 4824 1000189
2309 8225 656572
699 2578 184436
582 1284 247124
7119 4995 82979
7363 7064 282844
8962 3635 476700
9550 4496 892658
1247 5438 295112
1913 7083 1017525
8980 3532 736746
7959 6570 296720
9455 9381 260772
1072 9861 38297
9384 3403 136295
9298 2723 511628
1761 2999 501681
6721 4391 249823
732 3556 261097
8076 9749 85470
125 2178 156909
4330 2464 862329
3286 8620 241833
4928 5253 1671867
