187
8128 8462 401445
6759 9043 724778
6738 6659 113592
1491 5094 1415269
6933 4654 939519
1895 9949 55632
5420 9746 1500924
229 9285 542409
9090 2060 468411
4354 425 232154
2448 1860 147008
580 2476 253701
1923 3468 79857
3647 7777 51365
1685 114 73439
9596 1502 49666
1894 5965 135378
7961 5503 2915613
7276 5366 962218
9465 4653 197591
6420 2704 310469
4365 8006 75267
6576 2608 135518
1823 6333 620962
3108 929 6162
7952 4842 722194
220 3353 1276259
3539 1375 659930
2015 626 1716582
4853 2990 1308308
7128 8925 766859
9985 4146 520284
5206 2280 412051
7968 3804 976835
4319 9273 1283159
6575 8756 783879
5493 2634 92229
9692 3467 639812
6923 8498 498347
8933 797 18257
4058 6362 327896
1759 2802 670649
8001 2936 702821
1074 5777 118524
4643 3697 759060
4774 2271 979643
242 2313 331343
3708 2708 998443
9074 1122 167971
7715 773 316601
3984 7666 412729
1238 7022 278747
2827 1205 1164459
575 4237 305686
4638 9138 452663
5966 3101 882668
843 3063 508991
5274 5182 316314
6493 5994 77410
1904 1338 833271
3675 3348 660256
598 3193 53450
5103 8546 807115
9457 5055 523735
7983 6160 540513
9218 3629 1366549
7741 1647 894279
9736 5134 1202259
4587 8837 291585
8199 4319 346901
8414 8392 59204
4164 6520 949596
1850 9604 863802
6502 5818 170456
7473 1028 322327
6105 4184 515482
4040 7514 1208722
1218 5004 433116
6612 6269 154089
9175 2831 112671
5276 9182 519930
9045 6680 620137
4732 8963 80003
4214 7751 625952
7136 3472 416664
7474 3526 433999
3955 9401 331425
8794 227 1803110
5996 1463 93418
3239 2688 48101
7867 3702 343502
8410 2650 428469
9911 3854 126510
4538 4870 441688
4339 2732 6792
6145 2558 177646
2063 1744 1504625
3153 8292 14222
8943 6152 333713
1162 9373 625393
5685 298 539611
8583 8319 611159
3169 1237 95418
5740 6725 956018
1535 5476 819464
7506 8849 40539
1293 9787 516673
3080 3767 569745
6066 8606 23986
1134 7332 467164
8009 3419 306760
3172 3041 899211
9574 1722 165683
3420 1738 2465662
9200 2762 2304385
4045 7096 115313
6020 6692 973970
9589 3818 162374
2436 3328 398287
5277 5868 94979
8766 701 713227
8211 6192 145197
6200 2898 149238
8658 193 651476
7253 4285 530066
7100 8545 239690
8201 140 2200286
1175 1570 564388
772 4447 756369
6266 5314 455939
7488 9808 27161
5025 6960 384997
9661 8348 748481
6151 6135 494112
894 2649 244496
7437 8982 336069
7529 5579 666179
4743 7913 57532
6414 7864 84775
9311 3846 22109
1026 6163 450052
6006 7275 1057139
3063 2793 102870
5104 4967 1640384
6059 9037 313068
7446 4349 117961
6667 273 88729
5091 834 836517
9528 4850 71574
1549 7482 36387
5613 7309 504310
1351 7447 395982
1473 2010 564737
890 6634 118312
3887 2446 281463
455 9894 276354
8558 2004 93646
5752 6952 488138
1950 7140 374847
5381 4460 282502
6248 1120 20159
5202 6134 58749
4924 657 402878
9241 7538 47495
6217 9632 122711
9440 848 156914
8102 751 561038
8836 8804 335732
482 5171 773874
2044 3266 877691
6534 9655 1050196
1262 2636 297071
7568 567 769133
9771 8041 669745
6247 510 230202
2732 2106 178445
4344 3967 1776
2110 3311 1842223
5396 8140 145904
6388 7820 582846
330 7639 549400
5699 6739 88145
5767 1340 601005
2851 7866 1253586
2469 1004 765850
1923 6301 564848
1008 3380 1818597
