187
8721 9892 297666
5582 524 40454
4674 684 485929
361 3235 184264
1791 4815 59049
6895 5335 3557870
7666 5960 39180
9856 5713 765047
8865 7417 2800082
1382 7375 7244
6135 1194 304068
352 3151 738459
1221 2228 567680
9922 387 1424509
3216 6723 383802
4466 952 361881
766 3966 178031
7656 807 1755259
8408 9814 1359856
7498 9941 313641
7212 6780 481726
8237 8218 338801
2340 5754 2041330
6762 9585 118698
7033 3214 1672427
8345 8865 139035
5341 9105 44319
332 7131 296110
7844 1058 403410
5008 6124 289416
8289 4403 38341
8878 9882 842460
5310 238 229742
4084 8222 57529
5231 9923 605010
5128 106 182838
2386 2079 27032
788 6577 48686
9185 6106 229550
9272 913 406298
4659 7859 522305
4101 7215 508482
3797 5412 281673
4596 3298 72006
4109 5842 151215
131 9639 147681
3100 1710 25884
2177 6188 20839
7934 4650 1403443
5964 1442 602599
7510 4249 362214
1029 273 926895
5148 7774 1593044
7135 4687 37770
6068 7573 88516
5610 4534 364762
3210 1905 451929
3104 5515 430011
216 4013 882969
4893 9552 498691
246 2561 124448
9562 4208 843547
309 6804 6446
8817 3237 571558
6659 5194 1205792
6395 3177 185444
7537 1858 823843
9583 5707 125676
9246 3410 867486
188 9815 60905
9429 3880 146279
8558 3256 1013906
6352 1055 115319
5061 8899 913378
2515 1942 1369393
5528 611 730251
9860 6395 282246
6431 502 696070
6255 8668 1318650
3894 5011 1336174
2099 3393 497150
7776 9104 2188753
7800 895 901706
2771 1954 55396
7586 7067 66901
5304 1063 135865
8244 5502 1305383
7693 5736 419157
9650 5687 60421
5821 8034 511269
767 8475 50926
2882 1377 275239
8898 3616 953731
7751 2880 430628
528 4693 814482
2437 1339 484210
8996 5664 1244668
9678 7516 506892
6487 3693 341623
7394 706 1792760
7886 6165 1658042
6971 4493 555926
5655 7041 260839
2150 331 306840
831 6942 948260
6082 3529 89933
889 802 2064501
4958 103 22345
227 5785 574805
9884 936 1084007
9853 8498 1357829
5566 6396 322203
2594 9856 3070397
9747 8212 443372
5367 7874 963846
820 6627 380080
857 1187 1662
3302 6122 25641
1196 1034 1281042
9723 3422 143797
8216 981 94020
4928 7192 443255
239 4350 122378
2600 20 451547
7939 3087 80761
5733 4827 738047
5321 9063 99714
1012 9701 27468
4528 6120 202582
7740 4438 34875
571 8198 1080462
9769 7486 288385
8564 1550 316095
5045 7853 366212
882 6912 260015
4593 7796 220887
6274 2599 138936
9989 6717 34500
4100 1323 407853
4609 3582 399330
7115 5175 544815
7767 856 219767
5968 6988 548818
7388 9077 120020
3955 1303 498056
3154 3306 1336491
2034 2638 783184
5233 1956 502615
7418 836 244041
5047 3112 109900
4435 7636 457596
6706 849 615921
7392 9318 788971
1868 1313 556268
8968 3886 270155
2569 7443 535143
777 2724 228210
8240 7739 247397
2710 7098 7660
8215 4851 12242
4717 1094 525625
988 1974 456434
8237 6688 157286
3325 868 278802
2168 4494 36793
3954 6214 181499
5609 1428 518371
8904 2112 794011
7174 9808 563397
6887 2837 722428
270 6596 457805
8892 3919 186988
4748 3020 631964
3908 8243 339762
8316 360 634428
3392 5478 1078228
5682 7773 479516
909 7856 580288
3084 1780 142189
8844 8854 669
5174 731 891037
4112 2652 24296
9406 1987 146579
1228 9176 412072
1383 505 19543
9314 3824 199165
7020 3672 287238
