216
2636 5913 519126
5609 8463 364303
932 4708 158899
413 7919 355267
1468 5289 452737
7981 3872 286738
9895 2965 179318
2836 533 34031
9179 4117 398292
9473 8222 133283
2957 6102 281980
3855 373 372783
1711 6920 472605
8281 9753 326278
3032 7687 2647001
8810 5039 657392
8704 4761 493950
3494 6981 374521
2097 820 463126
5784 5064 131459
9036 7751 335247
8698 316 616249
1614 8117 315739
8359 3747 196462
9862 3440 1375467
3186 2852 249496
8648 5583 602603
8128 3346 1366227
8246 3069 399057
8851 3341 45126
682 9205 43208
3968 6182 772755
7400 3809 538989
3995 2734 296152
3857 9304 10874
4002 4185 647102
4279 7493 206135
731 329 2223560
6504 1100 78671
6237 4731 614897
6035 7301 418164
1828 7495 428726
6814 715 891402
3088 3626 528418
5889 8418 6498
1062 8788 260203
4836 1784 131506
8820 283 283141
967 6223 128242
940 1329 482108
4132 5319 834222
883 2443 452522
2787 4779 171454
9833 484 211266
4870 4439 137958
3397 4750 254638
187 4569 884394
6302 9417 364368
1956 6140 18671
5401 2127 363918
8777 4628 511103
9587 3835 789734
3780 6061 126111
390 7779 2389184
7592 9728 279354
3948 2213 41748
1043 3220 432136
9021 7592 1390377
1686 8565 639299
8178 9989 405623
5212 2904 452160
4763 691 534415
4934 7908 563205
2967 3495 524744
2270 1763 2138380
5665 2550 63215
4234 7393 1213307
829 980 667999
7830 5306 443639
10 7889 118727
2707 5179 100287
7771 2683 108496
1477 5713 231439
2567 4061 153079
9168 3182 278981
6358 6051 122272
217 1115 979245
9384 4553 484461
8195 319 30162
1695 1849 293412
1288 6324 815030
6383 1950 668440
1978 6284 1168421
2367 7565 103879
9515 8477 130180
437 7765 55787
6775 2112 111335
5519 5134 176209
4811 360 166224
3810 4788 312021
8606 5791 127055
8932 6107 146013
968 6900 147346
4037 5178 21569
3095 3178 90599
1364 1765 885454
3286 5381 836577
8020 9139 486482
6171 6453 880648
8053 8577 93906
5503 4710 122772
253 7278 83711
8304 1634 909283
9910 9850 204065
1580 7872 781048
6067 2863 244806
4369 2359 130180
1009 328 1359140
3982 1322 149486
7237 3399 49450
7632 7016 1259233
7218 210 158536
6979 5402 349004
8916 6610 210711
6214 7571 80948
6297 5987 64106
9885 7026 890480
7729 402 411000
666 1030 859220
4443 7720 296867
2845 7925 191707
5489 130 3559
2724 421 436968
840 4994 261255
6874 670 446075
9233 566 851484
9617 8978 11551
2055 5771 191067
3721 7699 706664
1729 8857 540164
4933 2914 222419
8678 944 456381
6119 4195 160638
18 6124 429070
1510 448 1107227
2769 645 248440
3595 2148 836714
9222 1644 90435
9593 1889 356325
3454 9226 260872
2276 9411 184655
4833 8142 699846
7523 3159 85447
6910 4667 44640
9140 3617 326097
3208 1328 181769
6324 80 197198
1117 4852 6541
7276 7718 252023
4970 9377 147332
9288 5254 218840
3817 2350 516631
1317 698 458197
8672 1668 248639
7534 2968 273207
3331 6336 232652
6558 125 45409
6139 4600 387636
4666 782 849847
7961 7794 291796
5700 1596 120261
5265 1298 441869
9141 135 1276539
4631 8760 759277
5126 9936 600233
2380 1625 96330
3600 4419 846513
8786 3958 473729
3141 706 737405
2394 1733 1284542
3813 7723 358362
818 2805 1170732
3449 448 2523815
5771 5817 447000
2752 7462 47504
7698 1909 48509
7114 1156 1911819
7273 5468 531674
4002 9929 572901
5224 1946 692574
4313 9563 247120
6139 8521 1297772
5668 1863 41845
6839 8942 190948
7910 2194 1324816
4406 2654 223151
8037 5504 766803
7292 1095 454392
6259 9195 195835
8955 8769 60761
6570 1667 66818
6629 9321 44584
9122 4183 1374066
6160 1761 901380
6479 4289 22539
419 4631 50426
3106 8505 63743
5345 715 206017
8622 8319 456260
3180 6965 1305690
5574 281 1183521
7101 9640 178846
1141 3966 111041
3993 5678 232253
1419 5171 2356
7439 4041 765573
