155
6947 3534 108565
2911 8500 794547
327 4681 227410
1704 7360 863050
7365 9397 177488
7484 5402 391022
8953 6743 496583
1483 7299 1818421
7487 6850 2807661
7922 7986 170524
1197 4105 288663
8308 1034 463509
5812 6936 308419
5040 5487 1281175
5968 5409 440206
6338 6697 919076
6142 3575 751259
254 8244 64780
412 1340 22889
8405 4544 169806
180 3584 22996
4284 1061 471232
4806 2154 178129
6613 2486 390542
3972 2102 1446703
21 9151 922272
9281 7021 1296600
2212 6902 152042
3989 4283 1386024
562 7896 326950
7999 5186 208615
9 7031 1914626
2574 635 536743
5634 8788 842
5367 9973 1346033
604 6962 167414
7886 489 316982
761 8718 490290
8212 1360 1232048
7828 1362 151445
4939 6368 405136
190 1816 1107573
7344 2075 126588
7917 431 614243
7524 7014 288302
8475 6020 449785
1226 4397 169454
1925 658 806593
2758 188 298533
645 993 1223277
4684 2903 267463
9976 838 22659
1865 7672 512685
4155 6410 802924
5915 4683 676631
4342 2452 441162
9215 140 270510
9136 1428 169837
449 1479 307574
9438 9759 101338
4246 5447 468360
8569 8451 108153
9668 6469 996296
8538 7331 191483
997 3592 280780
595 1457 740092
6831 2591 550465
2541 34 7645
8285 6559 356411
4707 3713 67991
9383 8298 2106384
675 5751 14449
2524 4115 160543
8082 7448 382876
9105 7525 559298
5064 9624 113132
6635 8524 1548917
9129 4703 283666
2735 7857 330706
6185 5685 593303
1204 2022 1097432
4125 4800 102321
9319 5926 112115
6816 1072 821928
6448 8421 10741
3890 5361 181327
1758 6439 1218855
8711 6663 283642
2570 667 1466919
2577 7833 2698553
9051 1728 545240
8771 637 839643
5962 3201 1138920
527 8305 46127
9877 8401 147457
6130 1194 3654203
9232 7944 297158
9301 7537 210448
8312 1403 1615631
3018 5154 357793
3516 4329 196792
4900 2505 764293
2184 6996 1126600
3814 7524 466124
4317 3639 131115
417 2738 629687
6393 5900 2173
7720 4142 571889
9351 3773 68452
7362 2886 2180339
5237 2528 216037
2077 9652 430564
2772 1489 849486
8919 3833 2076447
1533 1015 56684
9835 8385 1501613
8720 8618 317823
7169 8928 30821
693 434 831880
9160 3169 973635
8705 7335 192563
9271 625 441269
6314 7669 483798
7495 2350 535725
6833 7217 921914
6979 5526 71695
5425 1938 13912
4185 1806 492164
1906 6652 1188411
1310 1642 733445
4318 3226 224450
6655 6734 1712995
2665 7680 1399540
9279 670 713922
6923 2947 1769943
3146 936 214170
2447 8647 559282
6198 7368 503351
2272 9323 256748
7969 5836 673746
5877 5861 157567
6294 9341 543555
3875 7607 570371
1118 1562 695889
5764 9652 110789
9958 191 1200551
7225 270 746657
2650 6653 2435860
7224 8924 832647
5286 2182 1377308
3180 6140 412583
8172 5411 558397
5130 9964 918518
9118 5096 526325
400 3042 1094235
