155
6590 1097 500998
5342 1353 1220872
6988 5232 279126
3738 8691 177029
4265 5594 41529
1662 9964 962718
4205 4862 439919
7319 9119 52374
1467 6139 511909
5421 7606 840255
3693 6950 1052158
7911 1676 350113
1610 4699 460558
635 3352 171642
6889 9353 31759
8689 4716 2300896
4772 5000 616877
4527 7866 263374
65 2356 73613
4752 3895 445808
1014 4207 286
1087 7304 1269614
6362 5504 982057
4897 3754 241961
8893 4088 592062
8359 4057 406150
4242 9841 1003520
9168 456 468198
6749 3951 1453016
3746 5751 12622
1901 8983 347512
8787 1316 174509
5722 6934 741189
2670 7688 2215791
6839 1781 258514
5383 7721 1161775
3132 5638 174573
9629 6423 347070
3169 9429 406514
8164 2819 89964
2365 287 350209
197 8994 913833
1308 3203 1130424
6573 9267 24771
8947 7926 1783140
1186 6118 370127
5394 1537 340514
6946 8551 1375488
7269 7653 433964
9501 8367 1221853
9242 7067 1041849
193 6165 413081
7609 4907 262837
5603 4316 239243
1359 7799 1286832
2232 2361 354692
2362 2428 1022058
400 619 322682
2848 5511 388569
4972 8165 508042
4492 8928 436285
6236 3462 17297
9077 1155 2130612
2174 7694 1100953
4476 5067 157807
6422 8809 899989
4841 1179 47105
2633 8462 555380
2118 5460 137935
8267 637 907699
8403 5681 617774
1884 5103 625789
9710 81 304459
8588 1712 142808
3501 5391 190428
648 9476 728765
3362 4962 1508053
3834 2784 252353
995 1134 2296400
1505 3742 652028
6395 9649 873857
6695 7670 856076
5765 4688 385133
1059 305 3426710
5397 889 75488
886 5249 1519888
3535 1822 217312
4210 264 772835
283 6187 2308328
9188 4949 86429
2580 8180 462586
4573 6144 1009126
6038 7647 260739
1735 7923 3037617
9399 66 410948
6593 7772 862754
4278 899 504735
9710 1069 448486
550 7768 63696
3414 7145 446903
6963 1253 162640
2148 1157 2902468
2807 2136 482485
9023 2023 652725
9279 7029 503544
386 4424 117065
8548 5814 119479
3812 1598 69979
3226 1610 260614
6217 5954 677117
2293 1563 1397578
2725 2725 760932
9623 2457 312667
9713 2154 354052
4947 7457 1680558
6492 5891 423896
3303 5090 601911
1464 9627 522771
7435 5407 274177
4170 7333 530696
6285 7701 622008
7164 2669 3880
1196 5039 628794
5564 4639 120068
3361 8893 642835
5209 9029 487789
8048 4243 65343
5922 4270 255321
5615 2226 224127
1480 795 184471
4722 7362 315529
1253 6694 70432
8899 8961 952553
3262 2881 30656
8196 850 116496
7218 6302 94828
2163 4541 2795594
5325 7562 2311911
2231 4705 1076118
5532 5848 372889
8364 1230 928058
6648 4606 698665
2811 3989 279089
3109 5780 167028
1635 7875 132893
8890 954 398759
975 7506 1450349
3902 6467 514573
4535 5079 703905
5001 341 613568
3241 7251 168542
1488 1415 104609
1146 9808 58461
640 3651 879591
784 5709 58717
