155
2998 6716 396540
4387 8044 407348
854 6000 650750
9210 1678 291939
2674 2826 583404
6203 7382 180061
9150 2781 880581
7057 6239 1614218
1770 5784 298234
5393 3726 281154
5590 2423 148253
9553 3762 424266
2720 7865 815901
7966 8243 553183
5623 5164 651716
2308 2923 195614
1441 1526 1344699
8228 9376 742199
3722 608 885070
8573 2300 358377
567 9464 736413
1033 1533 2941145
7895 3284 111736
439 6022 688343
2270 2405 374216
3796 5597 865386
7161 8773 80760
2019 1154 134970
8103 9140 2883748
8366 2572 658900
2910 198 190891
4359 910 900065
9620 5221 654707
599 708 258568
4970 6507 251743
9185 1799 209516
3142 4371 596488
3916 3142 2071929
202 146 249851
7557 6838 1780616
4638 1900 2579231
3124 1259 212413
1554 7431 1739118
1068 1234 49419
7004 9525 90114
1907 2482 135368
6897 3745 1228433
1321 5982 1161421
3686 2297 878494
9956 9902 97410
1422 1168 98524
3149 949 553250
3855 1534 188356
7022 2488 536290
9536 3343 1093072
9263 929 262397
8565 3116 862858
4915 2414 697486
9678 8593 520514
4622 5442 382610
475 858 62206
3227 4095 31500
8221 7306 869122
5134 5310 243336
7748 1047 226005
6575 4437 1394242
9666 2689 1905592
3235 1144 604009
4818 8341 648219
4165 3403 75839
6294 3303 577673
3674 9478 86167
7428 3321 740174
8433 4614 1640180
3540 6520 450832
7984 5973 1250689
9392 987 547431
2217 2400 1106608
1449 8026 239399
9842 8455 30513
8044 4290 131020
3340 6003 181541
3265 9272 1772176
7788 166 1155507
3547 7762 287313
5771 9974 149781
8497 7949 150485
229 4751 1395548
1205 7838 1104966
4707 6232 661605
7145 1124 264987
7049 7089 780085
6625 6788 54154
9407 5349 114510
1113 6724 15161
6083 3523 322538
7779 997 386464
7019 6519 52211
7573 9953 1129
7925 6329 350646
832 5671 2049749
6762 6822 235888
1622 1545 68689
6091 649 818794
8122 4888 416125
7215 8911 49399
3185 720 43576
3351 3648 203841
3252 8574 145489
3339 183 3023200
923 8894 171691
3505 9216 1672000
4003 6500 843578
2837 6972 43343
2306 1415 629809
4982 3122 149828
4504 576 153700
1634 454 354795
2297 121 657767
5273 3509 5189832
4986 6144 58472
221 4943 117808
1636 3916 149934
7473 1713 428557
2688 3418 46332
5211 8425 618822
4810 354 262974
3246 979 1970993
8658 3872 1424243
8614 5815 767278
5053 5915 86594
6334 1020 861830
8119 8928 251391
8789 1582 14787
8343 4342 214116
1901 7875 767520
1218 2842 1229082
9215 1302 99259
9786 1043 1134888
6628 2528 745744
6173 1605 545539
7463 5607 345759
9284 7226 333181
5597 2086 138934
4986 1333 1663454
8746 2343 338823
8554 6282 1643850
2388 1470 309886
9773 8772 774010
3837 8436 6609
3846 47 648559
7987 9320 629899
3932 3809 343871
2558 338 21636
2490 1469 312434
