77
5186 4108 2003159
6763 333 710435
7906 1288 2296878
363 3017 1388212
4110 4934 308454
4806 1610 2763003
3906 9522 1264063
6753 7654 4071228
6045 9843 2153588
8257 8354 357894
3806 1888 1423380
3995 575 772734
7592 5049 889248
6570 8640 760368
8788 6703 650391
7884 5010 3156768
1877 2501 728257
9471 360 530749
44 8669 45334
1508 8773 787228
9452 6220 2443251
8352 6931 1153024
4795 2384 87491
5057 3876 876359
4944 6683 550781
8800 1914 123977
2485 2938 2018584
2257 5897 600170
6774 670 55317
6343 3388 993219
1397 8052 672714
2911 1266 2776133
2364 9124 2905484
5631 3652 519445
9430 3274 3960757
8095 6528 1767442
7407 139 168587
2201 4459 377955
2956 161 945500
1972 912 484590
5238 2109 1039732
8523 2601 296071
9366 5788 862503
8909 1252 769407
6674 2095 4478239
5172 5711 1412162
1791 6664 131740
6572 5751 700320
7005 2403 1999744
1334 8991 1149917
3363 3464 501299
4724 8817 1475688
3493 5374 157251
9839 8849 203745
4693 6371 498316
5063 8005 306338
7965 8711 371286
1335 1531 2964530
7088 5242 557345
8432 2088 119575
1911 8177 2351298
361 453 2242784
8613 2972 1887920
7516 593 1758747
8665 7311 1509811
369 1577 977448
8036 8432 478626
5299 4606 317487
6490 2416 1190346
4901 5812 1117718
8641 5543 975166
8745 9974 2924152
6047 7552 1939083
6108 3626 686318
1065 4724 41060
6727 9607 8787840
2660 8581 276837
