77
1566 7329 2736597
9798 8071 1669479
9549 6161 523591
3525 5391 1981803
7569 4986 76398
1441 132 2633264
1977 2369 1447454
3910 2532 1489120
4622 5366 631455
7469 9329 968138
1196 1393 136794
1657 5188 4293491
4846 5338 725343
6199 8616 3168315
4456 2719 211432
4448 2878 1991037
9660 4968 1610873
2118 2677 796157
9524 5289 758124
5846 5019 5532277
4747 7836 3781233
7660 9371 2090314
857 8436 1058107
6150 7442 244870
4073 9915 3305
3001 7104 2116741
786 4785 470799
4401 5442 842758
642 1583 585616
7252 3416 1641206
9540 1126 2707138
1395 513 1510183
3418 1647 1756151
1261 8817 2075263
4805 7310 3442793
7695 8874 392506
9073 7041 837583
4470 6290 1020874
2037 4759 293390
9770 7653 599239
2399 4917 343022
802 4143 207752
4490 5957 109230
9254 4241 1857396
8417 4813 4322061
193 3616 326167
6161 3813 297706
6266 37 1175181
3303 8632 1288599
5420 1630 1495252
8306 6664 1289380
3203 1361 1825417
2527 9614 471633
2942 5457 1922594
6672 1820 255778
6162 6298 139894
875 1581 265323
1578 1615 1616463
4271 8807 2134573
3162 7407 1971952
2325 5674 1060012
771 5323 1596044
2309 508 702332
8795 8865 385133
2680 6560 210927
1971 8223 111988
931 7654 1508331
234 6190 1976487
3285 9363 353559
2437 7237 427761
719 324 10583
9991 2869 211064
3372 816 590082
3676 6558 1788932
3900 9588 453727
2196 7290 41408
205 6758 4405046
