77
3169 1798 308730
7934 491 2796556
9644 4029 459200
7252 6796 1071081
3187 9896 940792
4290 7743 851728
8527 3325 1825952
639 6971 812903
7365 1036 3304903
784 8821 475573
6067 6198 435324
5432 5214 2402354
1176 3939 1394545
5140 7249 89077
8537 2948 303901
3813 8057 1088323
6214 1687 1762570
3758 4843 3881033
1520 4156 5414016
1734 8243 1018547
2526 9777 979920
3998 1531 1664625
5816 4499 2712964
5307 8580 291224
4332 659 3483845
5356 3674 892936
2341 8875 1999789
427 9843 1226944
5184 5514 1689713
3857 5342 1546256
8741 6508 1685014
228 6494 953180
8955 7081 797203
7412 4184 908410
5580 1952 1446969
5700 3365 1351705
8470 1364 994287
763 909 1276320
78 5690 606839
5544 848 87958
3985 6221 23205
2634 5751 611975
3753 5544 2611400
8945 343 1941037
504 9566 2588591
8189 9576 1054587
1906 9600 2313023
5455 3940 335147
2833 4532 2684289
3990 2152 147288
5114 3139 66243
7109 6848 1396289
8879 5235 702755
6586 6507 1407218
5947 4338 53253
2649 7189 444714
7806 2319 1023134
2620 5541 1577238
547 288 309957
3886 9369 237966
4738 7725 110675
6075 333 4131382
3621 6960 1083907
3354 3564 4591
8452 65 83987
7239 2758 225698
4201 2304 246411
3313 3358 2333784
813 9572 1178156
3929 4423 2056774
3717 8333 4064728
8093 5198 101838
4745 9742 4649
2424 4793 921508
6432 2309 892808
9566 2750 912257
3128 9665 2884329
