228
5052 8215 84254
6425 6619 21348
4421 8012 131969
2066 730 780006
2304 2595 350856
1233 7230 52067
1569 3172 596428
9603 1545 640131
6381 1056 6655
7854 322 295434
8973 8023 193096
8027 9387 326996
3924 7341 921303
4508 3051 286379
5773 5455 549715
1198 2398 38328
6425 3301 2975
1282 4626 705013
8552 9744 346516
9094 6484 1499757
9134 1578 2232954
2517 4464 471700
7860 6976 701084
6081 5963 553336
4004 7551 42433
1522 7946 475081
8307 5329 537061
3382 7411 1667810
4832 7846 654644
831 8467 50651
2502 56 923423
6721 4609 97663
188 1697 550241
2606 6343 898969
7578 9548 102410
1989 8237 81130
8524 9033 424445
5715 701 32486
8900 9335 450094
8994 8415 864041
2375 7237 568461
3751 4233 354261
2906 4698 382425
7362 7445 516980
9171 11 142962
8797 5315 1322355
9111 6522 529745
4182 8777 196900
5859 7242 515411
3190 8171 20581
5582 9649 547416
3944 620 296235
4516 9804 310567
740 6053 180226
4700 5704 746229
5563 6032 1000909
802 3580 536626
4027 1333 1008339
9108 9273 150459
6665 7520 243748
3562 7386 65722
5810 3911 242043
2134 3382 1602283
9423 4582 77094
6067 3622 357410
5423 8759 1098166
4853 8950 485802
323 1783 210484
1291 9121 612845
1864 6828 55126
7833 1659 636931
4963 2998 18233
4465 817 110306
1138 7008 445698
17 2173 47236
7544 8077 142358
9330 7374 518717
6052 8967 89899
5505 1380 2468693
3792 691 645611
2681 3238 103511
9980 3016 90310
4244 6981 619253
360 9408 338546
31 8070 86072
5119 1874 83386
4825 773 461190
1695 397 94395
8674 1038 218512
1996 2673 386193
2960 3088 813053
1377 1059 1451652
8573 2637 501239
1808 1366 496273
8803 8034 144656
9374 4098 21198
3533 6149 209247
3349 5952 411750
8067 9561 581839
7305 9317 377190
3766 9021 86732
7311 1596 662129
9647 8507 1592886
5844 5174 218583
7861 6114 394501
6291 3986 333232
3006 5422 1116774
473 5041 341767
4933 8506 330955
3682 6278 79327
1584 1479 90657
9790 4554 55243
5709 8619 103377
5763 2356 68802
8553 5841 707674
8324 2223 32675
1932 2346 854506
78 9542 129611
5162 7080 465904
9563 2930 227099
5498 60 223819
9500 6170 41599
3050 7038 540303
3888 3734 130961
9199 3321 178778
6481 8167 253830
2070 903 78143
6291 5886 1489776
2657 2793 1453126
7782 9436 430647
3833 8849 28035
360 2 96801
4282 892 801331
1260 5892 37629
6712 8983 656858
7348 8129 175528
6156 1769 179323
6012 8438 165877
5178 2368 325931
5602 6864 341790
1176 9006 872899
4267 7499 887817
818 8704 207
111 5727 1302896
2632 6300 475990
6515 7019 61743
3322 5839 428687
2775 9726 401804
3543 5644 628842
7332 468 300251
2241 2065 343649
2289 2570 165139
243 8800 234241
3315 4810 158787
8816 4745 1378856
6468 2000 248566
261 4269 21484
7465 4470 146868
304 376 191040
5764 5333 512829
2885 4385 216107
4763 1206 55483
736 8142 253747
9507 967 536050
2203 5795 315321
9296 5794 118058
2177 7875 139689
7462 6439 251588
9882 7814 291446
4825 9917 508570
4569 410 1084721
6863 9193 41103
5431 4250 515874
2024 555 13009
1493 4668 1603185
8887 8964 1008724
6057 63 81005
3859 4339 263188
101 4202 569267
7 9517 320531
6345 8231 538007
3717 9261 74725
618 1933 6674
1814 7607 192241
879 225 130138
5185 3338 206111
6085 7451 329078
2291 4549 342764
937 7741 60108
6489 5255 139766
8036 7079 497714
8274 6058 46102
3478 2409 334276
4083 2667 225784
6957 2809 180649
604 5224 103454
659 2622 239243
466 5719 741483
5024 5223 71635
7309 6866 1473518
5357 6233 98181
3500 9741 966955
9905 7905 1286331
4820 7820 75639
8062 6836 372819
6178 3161 201282
1903 6143 536935
7607 1278 490907
6622 70 734602
978 582 691997
6693 8932 148449
8368 328 198479
5348 4729 769032
6053 7418 80229
1760 6685 31950
8916 3090 93146
2542 1549 1641331
1159 3253 495288
1855 5369 802278
2645 9153 502462
8862 3100 90364
6083 2516 1542479
4961 8439 287491
7985 8993 1276853
997 7544 1060606
4231 1635 386786
4097 3111 95981
1056 1726 4059
