228
8026 7251 592017
1677 3645 282402
9465 6443 116659
4920 3 180432
3690 9980 552
2264 5866 34579
9839 1744 77804
346 5458 639368
8507 7752 945654
5709 8078 588124
8081 5999 634427
3629 1575 169994
3730 8885 772891
3722 38 24763
6422 5868 76179
1848 7123 159722
5272 4012 69748
3346 7495 505812
7127 6131 296564
2017 7163 189983
1187 575 186467
8778 1522 113750
5331 8066 239802
9845 553 144052
139 4557 857526
3616 2556 489899
7737 4217 306050
1110 3665 2023793
5874 4272 340741
8057 4059 608161
875 8081 838010
1973 6618 601385
6383 8126 220657
1206 2990 383166
8937 2981 1225391
7625 507 18577
4404 7430 150615
380 6994 136857
904 1906 470575
6662 1557 205044
7137 9014 184352
7692 1903 116838
8687 4917 118581
394 8372 429582
7890 4409 1372188
1612 104 484670
8700 3676 612077
8587 441 58978
1639 6314 792216
9866 2306 549138
6433 7302 479856
9601 4768 344312
978 1766 1411894
4665 5849 61507
9907 8467 1292821
539 6578 457345
3539 7100 883853
2003 4017 392188
5405 330 520763
2121 8992 1326945
3772 9835 222516
8147 7319 236766
2436 7554 384451
9195 4227 1046756
695 5187 395682
3051 6169 132502
2244 3688 579610
7505 5493 759714
7800 3203 266648
5611 3982 131192
8760 3695 890619
1583 4538 89177
7014 9253 548323
5431 8528 957759
6831 8289 218696
5668 6572 123169
7921 8275 353563
1413 5849 544640
5582 5420 2030876
6327 9291 344811
8511 3014 957003
5323 9431 170533
2076 4795 972507
3365 2512 215001
9321 1195 139954
6185 6629 879141
8958 412 122728
4547 2527 301017
6592 9960 409740
8289 3019 354929
2009 2673 164884
5842 2927 453187
6685 5585 140101
917 5941 267475
2625 4135 221912
7354 8893 325312
8518 1294 502224
6583 9283 77468
4528 4597 222260
1413 8780 950219
7408 9561 603132
2062 6698 26650
6222 6075 386825
6929 9814 993639
4897 7313 180979
2628 8290 836544
9133 7848 1146285
2652 2800 185167
5932 4070 75160
4969 6002 90785
9163 6177 266311
6951 6150 637499
2776 3315 156572
5694 6189 18414
3682 0 61026
9211 2156 155863
6046 6498 835602
5595 1077 890547
2285 1544 115106
5945 5326 19487
5333 3689 373679
8289 2048 647355
8225 9315 730195
8730 4248 376862
4645 6109 1063009
4194 6710 220186
3540 7475 750547
2433 9016 1103249
7109 5390 143192
9313 2139 147336
7591 5697 186115
7905 9092 169323
1616 6184 301254
3357 91 182146
7539 1332 860276
1575 1759 171035
848 7416 1444898
3098 6950 111927
9309 6602 1526146
6718 3812 367993
3102 3696 166215
9746 5358 328632
8437 2843 123922
2460 6618 515194
3405 4770 350523
9286 3956 473704
9263 5877 339583
7553 4563 1471823
7592 9736 731733
26 8617 181683
5525 2022 324167
6461 5084 18123
2130 3124 55774
1652 4390 354394
7716 6769 1389178
2734 1561 293379
7876 889 158585
2561 8618 691537
9066 7079 15291
9664 6005 379796
5386 8790 497153
1384 9041 568306
3058 4449 134451
86 5142 296402
6805 7681 475049
7929 9032 313141
9174 1157 226408
8396 8646 543215
575 3331 16619
8420 2932 477007
9588 2372 335414
328 4347 72692
9253 3859 434069
9679 2563 1534220
1350 7965 324169
5229 7871 22458
7003 1023 355568
7660 9072 923087
3816 7959 279867
3898 8739 188241
5164 2934 317148
9212 8657 277932
819 7578 870585
5458 9795 104937
8114 8872 258389
1 9211 108580
5358 6139 251288
7017 6693 555649
1308 2045 592839
6137 9300 487086
2156 8101 244008
8056 3117 48822
4378 3144 204148
9759 5346 462691
681 3731 469790
557 8362 40981
8477 4857 238447
7097 7523 236142
2887 3622 146563
1657 3643 468910
6776 1589 48069
9280 261 2487968
375 3758 11612
7402 5417 789030
6207 984 182541
4271 9038 458817
2304 1532 592822
8731 1920 453193
9828 8410 292459
4930 5643 276471
4831 4406 122523
4357 3219 253882
1134 5708 471624
3024 558 439766
7057 7164 338870
8170 5472 83850
7985 2760 103285
2872 2690 39111
5101 9556 779847
7579 8750 540917
6532 4144 951822
5824 2734 116494
611 7211 262879
5735 3533 340404
3059 3213 37331
8260 9699 122881
2034 2218 440721
7673 3717 1723427
