228
351 7203 292656
3023 7730 348841
8993 6838 590294
8461 1012 1152134
7954 4274 98078
4360 2398 1220894
3792 3995 324689
5620 9449 1164404
6006 734 611685
4299 9490 503621
2527 3912 15181
5594 2615 1213872
7052 5794 236353
4990 6471 254188
3140 71 625205
7724 2122 473086
4639 7278 343871
4399 2095 83530
9051 6095 393279
4154 3782 20045
7712 4227 406219
9489 2518 373143
2593 3260 208859
8118 4968 622425
7942 7862 408068
1926 8694 22634
9399 9167 144105
8606 2276 1600241
6201 7128 622257
3210 3256 271070
7005 1931 14485
6212 9038 564606
3396 1871 1016081
9358 7327 593856
7122 1123 101585
1834 4966 816159
5980 3854 237046
2096 6570 269477
4664 119 414110
9902 8052 1080561
5162 5948 353168
6253 8073 159861
6951 4238 216762
3380 8658 211255
951 9111 711265
1747 4847 219867
7553 1437 615822
746 1479 135663
3686 6862 323545
259 5220 674953
8276 3034 207134
5126 6617 621906
7467 9434 824657
339 2380 1184658
491 5809 24161
1630 3893 220298
597 8316 213332
581 8738 828148
5883 4038 910548
7496 1968 396574
9586 7449 15477
3997 3680 31600
990 3511 150451
4514 8415 628665
7656 7058 157286
322 8864 318415
8647 3022 14736
9468 8278 246875
9787 641 32241
1738 7439 593462
5270 7178 22352
2286 2534 68664
158 8269 631306
1886 9471 76944
623 6437 738432
9492 8521 1686065
4999 6234 13363
8105 6095 699266
1676 4311 602061
7670 5750 934885
8542 6756 113654
6291 9613 8641
1017 6002 207439
9113 1170 19536
9854 271 806727
5130 8693 181187
3902 8818 196494
1828 9584 1195437
6551 6268 429535
2489 7825 815584
4069 8385 67819
9291 4475 681607
6254 6410 682470
3665 9605 39790
7466 4542 1805214
10 5450 423183
7708 3513 275642
1057 3724 360353
7753 2533 332618
1594 6005 752335
8812 6015 256786
4446 2862 173131
7844 2615 963923
3084 8649 260635
5182 5749 643301
8822 4171 190472
8057 3965 572
8152 7651 405137
1592 8138 1966165
9611 2890 378611
1648 2485 94688
2342 6006 323260
4374 3002 234438
6049 3821 701945
9304 5619 15562
101 1515 292474
1910 8632 188394
5834 8108 809575
737 8861 144501
8579 797 508197
7093 2855 6297
6943 7980 197403
4993 6451 268154
7167 347 244352
3177 7297 351768
2018 8196 243796
3854 7787 72318
3750 2725 330640
8836 5142 605107
6656 2361 135144
5923 2674 182250
9578 9987 42587
3536 8493 1030817
4611 7034 291448
6597 9304 1158
8898 6232 153477
1663 6428 86509
1010 8277 1189750
7192 1041 569665
9583 524 107957
5346 6698 612954
5679 2014 56519
8283 2491 419336
4490 6918 123007
3984 6662 374515
3914 281 415301
1163 2277 104573
2629 9623 153951
870 9978 113947
1903 772 205765
2466 5386 226335
3076 3744 267010
7169 1463 45053
2131 7480 220871
923 9011 878376
8919 7598 611966
9853 4048 399481
9682 4290 620712
5914 6812 23852
1030 4726 215816
8866 6888 2138701
4180 2234 1474629
2738 1490 766570
9370 34 734403
9342 7503 916077
4610 7823 172999
4806 2663 54185
9456 6566 374097
6982 4682 204642
674 6303 1121365
9915 9558 1011129
5274 7459 85868
2225 4088 1435700
7577 9014 92337
7385 1795 140855
3226 2596 201902
4842 8973 688795
9850 6360 141803
1261 502 247232
3236 7511 133626
8222 8576 56546
6593 2893 73136
1614 2383 63891
7118 9036 209617
6602 4034 713111
6640 7352 310351
9 1248 53181
9038 7928 64253
4812 1772 440473
6222 1900 56550
1036 8989 8283
8511 5674 1507470
1938 8159 71695
3995 2639 563230
3096 4120 154934
5617 5380 919718
6181 9250 465782
5150 7656 1146163
6745 9412 128083
7176 186 164304
6401 6840 435129
2004 8049 1343670
9364 9720 266176
7693 1133 309836
2493 149 50396
4014 4030 24143
5465 7874 756116
6228 412 127581
7862 3440 1137832
421 3243 600063
2871 6924 399441
9130 6148 268081
8693 9802 39020
375 3963 570193
2955 2125 462370
3279 2919 1425528
6019 3307 434051
5776 1664 79853
1536 1423 415393
5422 9959 377181
9576 7558 25065
650 9219 218208
3728 4463 520387
7863 5459 1823830
5699 8694 552507
5781 7738 171327
8099 9869 973027
3311 7333 269925
