228
9365 7861 254026
5705 3628 134574
9406 4497 642822
7354 7454 1827
5283 8657 191672
7755 3546 961422
2189 3027 745942
646 9206 378663
4208 9924 497225
4171 2561 1238618
1249 7562 351913
5177 1139 563889
750 5141 76593
5672 9461 183385
4298 3137 149967
7036 4060 877302
3429 816 1555226
9772 1504 182092
5257 891 52492
6926 493 983298
7963 8395 38171
7163 7791 1660649
270 53 443838
8774 2642 912337
8425 7439 17866
8358 4865 43105
225 8496 541730
63 4591 90676
7380 2034 65200
8283 2095 147109
4217 4346 2009112
7732 6718 78943
7961 2604 3199
4806 2063 225482
2075 7037 178381
6379 8083 172962
5692 3884 540660
3524 7993 445827
8499 6523 514553
3458 803 613638
3786 1655 307300
1091 3581 340793
9458 9024 246252
4612 5655 1057734
9261 9778 230717
7735 7759 89534
5541 8012 826891
2855 1153 622829
3012 6830 1292
5731 5834 143866
5437 9985 66011
7567 1681 712840
9366 5245 433234
3670 3483 337362
6962 3216 377857
2948 3428 178740
3259 7760 259103
2546 884 1707703
775 6040 872339
2796 4212 152035
4155 2839 55211
634 7902 166463
2207 1400 1152928
6748 1251 52506
1009 9320 103998
6484 1745 627841
4177 3780 327764
8783 5260 71999
2824 4105 222971
2690 942 196881
9475 8783 269383
6491 46 1024204
3668 9546 63295
3863 6702 623011
5509 7209 912603
9226 808 1056713
1457 3008 774730
3033 8125 1698120
1211 9080 930198
8708 5433 625543
7826 5306 310211
7685 7456 92054
29 6143 80223
2379 9836 460998
1299 1760 339470
6643 7914 182579
7507 23 370445
697 1957 85204
6100 3526 33655
2161 7843 197313
5456 8453 514036
4890 9548 6337
6840 7901 7799
2271 4806 170586
9965 5475 28397
6670 4592 152193
5726 4190 169542
8500 8285 97549
5086 5495 585051
9 7387 78692
8522 8457 429091
9159 763 381992
7142 2535 336947
2495 6094 414368
9624 3253 367007
5032 3457 52976
3123 9263 204731
1263 4117 92176
6318 1006 58062
8363 8170 720073
315 9545 75166
2682 5190 804515
5236 7467 346544
3200 4762 752963
8437 6368 905442
834 7673 232797
747 8478 60357
4240 9009 655891
1142 6190 1157485
3311 2228 301358
8910 124 400692
9796 1066 628487
7700 3654 874350
9970 6886 390378
7715 2440 480881
9668 3585 342843
5613 763 1478390
7481 8359 32552
8877 4546 615515
3260 742 712389
4391 966 704957
5222 6263 608923
5931 9970 44915
4118 7923 164028
5641 3758 116600
8317 7533 18554
1526 5921 629161
9900 6527 1085625
9773 9519 1567656
5284 824 174845
7195 1309 83449
6825 6380 63696
1530 9408 116135
4930 1054 111735
7273 4129 377486
9365 2096 165029
9129 2969 244732
7936 55 343371
8773 4875 568410
8961 3634 39663
1879 9811 160803
2002 6779 71662
3793 9860 275049
3950 2915 99746
9419 9217 457331
867 8411 333607
2539 4738 240239
7277 5223 1308423
4064 4559 190284
4893 1001 470471
382 8950 295365
4254 9838 37951
908 6992 300626
2537 468 815376
4573 6856 271389
1205 1035 93906
8001 959 114508
3646 3236 15266
2947 2570 389094
1528 7613 469946
6107 4631 812068
5715 2331 14448
4845 1772 371233
6839 2510 1030885
9185 6721 81938
4491 7028 172034
2178 3197 347987
995 498 54264
6614 9616 223504
2760 2239 375700
2402 2574 1196839
6710 1431 1391334
1402 875 241592
3120 5660 342728
4038 7333 226648
5652 2305 510609
7904 926 978689
7673 7857 488269
2697 3261 332957
829 3652 545922
55 4453 322264
1381 8273 962381
8731 6074 410548
1073 5873 24434
6066 110 522852
5584 4712 193769
8735 4816 8693
4591 2856 559702
2242 2863 231896
6117 8403 875170
6754 3267 2360362
5108 1861 86855
421 1583 815461
9732 4930 1056210
2589 5399 439521
8590 2935 825954
8928 7222 129302
578 51 77971
6704 3429 279586
1891 1184 823737
7565 1784 699712
2588 9777 72188
8410 1239 620432
7746 515 2162
114 316 173948
2595 6098 724127
3059 4412 565551
4040 6968 893753
8621 6663 347549
9559 5832 250322
7886 5873 71224
1796 9525 1623451
4249 3034 145485
6589 2554 341844
4756 1504 377318
7387 4135 169176
1377 9607 808121
949 7998 771377
