201
4687 6133 83572
9236 3028 514774
5167 6505 1044222
1894 705 448235
2345 1087 935463
520 7546 919186
3117 3150 956284
9734 8591 75285
3357 963 1360085
5143 1899 27888
2826 2991 120003
9901 5255 224113
7417 9173 350718
817 7651 691672
4678 429 245983
8653 105 117446
4734 4888 111010
6717 6630 175920
8028 1717 8700
7109 743 54438
4690 6954 430519
202 4963 362519
4036 4237 1640589
491 5533 95815
934 2139 260071
8030 6557 88133
523 5774 896936
3189 9968 604545
2597 7728 1275394
6589 4279 178042
5283 6904 239206
4717 7605 473081
2499 8014 37581
2622 5278 245892
6365 4732 781254
6383 962 1139418
8320 7501 55614
6039 8890 147756
5905 7411 1499908
9839 8448 94775
2723 9856 1575806
1014 9966 245907
7661 6339 1022471
5908 2941 519632
7721 9457 143056
8566 848 952098
653 1386 151552
3343 2708 6217
4647 5917 34189
1253 9178 393677
1719 3515 376481
4418 1242 269866
6450 8496 111489
1477 9040 286737
4806 4211 86273
9081 3927 395903
9471 3315 30242
948 8652 12621
8104 1975 86370
781 3157 7346
9862 6144 2643305
2021 6465 503102
2894 4988 555281
7399 5652 345956
8437 6279 215445
2694 1103 508734
4431 1619 597822
3623 9078 88232
8566 8613 974162
2553 6866 296798
9495 8049 789255
3131 5945 573973
6315 2565 1126493
6172 1999 238195
3205 2310 803608
6523 1709 160830
4618 9069 142639
7509 3167 728825
6027 3438 95442
3557 2481 707914
4023 4173 70858
5259 8177 531212
7427 2840 671127
6864 7926 1465192
3127 9520 1102714
6587 5902 196732
181 2944 140383
2590 3407 849498
9738 2595 317801
3655 1916 61082
5277 363 979204
8164 3214 43950
5511 3394 684444
9440 4624 40227
3806 7513 167671
8795 3514 308662
1192 5970 12151
3519 4942 91949
2489 4888 1374482
1013 5254 100842
7905 46 159667
7041 6289 425260
7507 9080 210640
2035 6049 873266
6082 1329 165639
9620 5980 569710
6215 5791 1449783
2221 3746 308964
5958 1174 1074100
5345 411 406158
1450 6626 400675
7169 260 196887
1842 546 416458
2632 9510 58426
2332 2389 397632
4163 1088 51735
5946 5897 1263983
879 1580 100090
1084 1409 102904
15 2310 310158
9998 7292 58053
6876 4169 454726
9283 8200 922696
4632 29 493780
6408 3108 1211421
2072 1664 397158
9428 4132 1193023
2542 4790 668357
922 6189 101005
8829 9767 280579
8845 1582 340120
8019 5450 509736
5596 5641 505255
8992 6911 1069763
7335 3965 195231
5838 34 58912
3650 2435 407084
6961 5469 35268
1507 6865 163724
8082 5694 349157
4409 3750 74048
5874 6480 147511
9037 4253 1386053
2341 6147 211108
3932 2839 461187
4400 2602 1387615
8838 3335 545390
3885 5367 18247
5260 4279 664156
4672 6290 1313761
3745 5087 232478
475 197 64110
5479 5976 572634
5854 8900 579237
7672 6155 52267
3188 2290 325595
6573 6985 159454
811 4008 2030848
737 8755 208677
3072 7745 1217382
3125 8705 175366
4314 2743 950767
5860 3349 173953
6892 3893 182941
927 2276 94501
8186 6048 294517
6263 7645 47428
9559 4566 1100328
2656 5043 83967
4684 15 405852
997 5703 866097
4293 3707 458712
9832 153 638380
8585 879 176217
5727 6871 788406
7776 9260 122586
4327 3526 234534
2064 9749 228372
1154 8954 2288083
4479 6186 1303516
1128 3049 1075812
9692 9419 306581
4946 8945 34361
2182 8170 96128
9073 8189 701782
3817 412 123028
2874 2355 515648
4098 8221 50241
3472 2539 692370
3038 6344 879721
9567 8129 738583
3736 2848 1572480
2388 4042 1463986
7714 8570 1879491
1483 8327 691622
6587 1971 688166
4653 9827 84834
6888 6374 232584
9974 6836 246982
2418 675 50381
80 2340 225585
