164
5339 2829 110229
3099 1523 579632
2143 9099 235903
2152 7801 816929
116 3099 598695
4740 6864 572764
1405 4130 1165510
2567 586 583782
3015 578 481424
4418 4996 2280944
8236 8976 1432263
8156 8176 627337
2106 5883 1285689
1442 7878 12546
376 4911 151249
3011 2802 165064
7590 3754 1421563
422 5569 226972
4728 5030 2017700
8904 7246 148714
885 2079 1226769
8608 3029 1712520
1398 8045 95610
804 4137 1039974
2722 5590 93754
5848 11 157744
9058 7115 586382
2584 3898 1493278
4518 2616 232697
5212 5131 345705
6256 5406 174391
4997 4090 32350
4341 6286 179788
251 6853 702648
8677 2434 18709
9477 4260 489356
6693 3120 911168
12 3530 715950
4163 7816 325487
1677 2006 1390521
2410 8324 989900
9797 5439 353277
5393 7739 1023991
314 187 367662
8167 3315 2119892
2763 8949 664813
88 9066 2047504
3249 1469 483938
8703 7132 40515
5455 8638 244062
3328 3523 606937
4291 6690 1344131
6154 1152 212512
5533 2094 1379456
3887 2542 27909
6866 2940 610261
1045 5967 698488
995 1996 219546
4209 7408 429896
6362 4439 207351
9612 7399 151898
6349 89 448493
2639 5129 451846
5309 4451 36439
3943 4866 320474
176 5829 349676
516 52 127890
1891 9958 5716
6066 7863 199528
814 2269 25796
9218 1217 812590
8269 1067 1150517
927 2709 1250006
9810 6523 1002436
6752 6924 300393
6770 8129 1674043
4223 5807 1775793
6059 8773 465819
8398 3920 1121895
4112 5594 268804
2799 5330 1682573
7063 3423 1000769
237 9245 456130
3748 7349 1559804
1718 3033 177398
8167 8894 275701
1910 9861 791360
6047 4921 571012
9999 7426 402575
504 6547 627479
2015 9854 685782
5799 1213 1965283
3009 7552 63388
2320 4476 1496611
5876 6802 294984
3920 8306 305854
1227 3602 736773
3550 1462 3148381
135 4401 89740
5963 756 185499
4775 2201 220898
2294 1157 1786522
1328 3807 110917
181 9146 199068
9119 7431 87108
5945 4449 612171
6488 2210 314296
9017 4077 442252
9342 8123 130433
8080 6160 138528
5021 9958 2141356
7784 9169 43578
2646 1364 382823
7171 2732 613677
3728 7913 2165412
2230 4877 672467
3140 4827 183450
3793 478 33845
1293 3003 697242
9773 8438 113280
7239 2494 435367
7826 514 273552
9011 7671 172311
5174 116 398802
2796 8849 498052
2664 6808 374512
6956 4463 117882
7512 1364 280184
8337 3619 395393
7875 2294 1041333
1143 818 410624
3397 3133 129808
2470 1271 293790
1249 8650 623493
9563 5852 101401
3304 6776 465184
1454 5855 753940
9350 3834 334386
9419 8392 32755
4316 4801 481221
8739 3143 305655
5943 6019 191913
7828 8208 68316
5895 1838 404775
1309 1437 329775
7814 3509 832761
565 2253 1135404
7243 4011 309925
9433 6777 280928
4885 160 1020962
6446 6927 246955
744 9599 1121011
210 2142 337913
5110 8953 484592
800 7049 275308
6543 5759 872003
3732 9676 11927
8890 449 123320
5363 7394 255980
6973 474 18096
3681 1371 182186
199 6936 240832
2811 2232 1425407
1823 5817 1451844
