164
7520 5745 2331001
5769 5006 661806
7327 183 385410
1054 9456 814722
3619 7428 14554
9425 9683 274152
9911 9015 8153
7645 8899 951945
3649 2412 235242
5422 6025 273377
2386 5974 245151
5587 8485 1053761
75 1702 815745
9898 7618 88778
4715 7694 1083652
1745 9060 152083
5278 1588 238162
4754 455 266692
166 3495 957375
2170 4466 598951
603 1336 1896782
2503 8795 1131358
7390 1501 513154
8983 8695 354720
7456 7334 336947
6737 622 250710
8738 1329 20414
4628 8793 1591705
8837 8154 1076015
3054 8375 317864
8116 1703 580728
3529 5458 7308
3612 4448 165365
4113 6641 446214
2105 6971 623752
1723 5651 478318
5415 4571 22163
7792 3622 36509
6685 8748 1070374
5754 5834 41045
776 6160 608001
226 6241 515689
2005 958 343990
4231 9012 511679
7424 2722 123371
6783 5481 93
6961 2348 215787
3491 6983 1131802
8621 8827 522533
1569 1066 338807
9355 6486 1026260
9339 7440 504514
7673 8721 144497
616 5987 1349225
564 9313 732661
4556 9670 260139
1640 3583 1248085
907 2551 1288666
4746 7852 566131
9344 9282 1183
8842 9258 292425
9506 6611 3206802
3186 3559 1819995
8894 9931 59336
9184 982 152101
9033 4924 590879
9024 820 306079
7143 2019 717598
9317 8206 600657
3299 393 312974
2660 4991 333219
4093 8596 132126
7223 3052 1538319
5696 7469 486547
7688 2700 310001
5965 8330 1728469
3440 2994 596709
919 1422 927521
272 8893 1274416
3455 7630 580360
9641 1662 250398
4962 9668 32720
3615 4869 17506
4754 3377 143686
7765 4687 1254
9933 6205 2579436
1457 5020 619039
8197 2141 149069
4766 1447 33890
4365 1467 419487
3548 7641 700257
8581 716 2949330
609 112 1139360
3579 8912 1341759
7355 4866 76329
6314 5442 1020692
3701 1249 679215
1621 260 347513
9570 1177 1735674
40 7559 49363
2435 8090 383076
9318 6930 779890
4896 6103 1268
6787 1343 428956
4286 2303 796472
6828 162 358464
4231 1726 512661
2025 5974 348507
6435 8779 101377
7908 3131 268182
7389 5418 27716
8858 7589 972930
5159 4066 202115
907 578 169884
3372 3173 2778463
3328 7029 170523
6225 4119 403459
2810 1181 91078
8435 9764 140601
9725 4616 743418
4607 8364 51936
3159 3242 1551655
7891 721 459823
7720 8743 1718431
796 6400 1258950
5280 1204 260123
4573 1406 1282291
1006 9310 606989
8950 3888 1261299
8888 9626 571571
8319 4987 2181702
9277 7415 552414
9507 6668 974364
6547 3782 278952
2070 9059 264416
7316 8339 3601
6876 3545 1011317
6919 6078 1583884
4115 6860 754385
5143 938 587741
3297 8470 42543
3632 6765 495427
5923 5251 66403
9298 4401 1915650
1517 1223 1750324
5558 6229 914678
5912 5033 235782
5197 8424 424497
7915 6081 332918
4155 9356 113498
1982 1877 30244
3914 9935 27764
1230 8330 45123
976 4204 181817
3154 1960 87815
1755 3715 227713
4480 1883 226902
3254 4904 193983
6467 1908 448785
4771 9556 323897
313 202 405285
8543 7334 33399
1883 2266 435336
984 9714 47553
