164
8727 8455 334332
830 7333 847297
7896 2715 425460
1046 3934 726925
5343 8087 181989
7207 4783 101803
1074 5637 113848
9673 8164 356002
6842 9938 184560
5098 9715 822017
6654 2238 1232101
9490 90 1534712
6584 1906 781947
5746 7452 1856590
3108 7776 1271140
7078 8029 612110
103 7385 270801
5537 1023 287997
8496 627 468522
4198 411 871404
8968 7886 609793
4366 5508 199333
9343 7091 26854
5204 2419 4474479
2977 463 755340
705 8136 285784
9847 6679 597617
4953 4809 324118
170 4816 224190
113 1075 18920
3286 4275 1017327
8014 7584 1116646
123 6577 890347
9083 3607 332878
8794 32 452875
6559 3178 432250
6242 4713 434514
9125 1802 1593569
8592 297 694858
6297 8365 315514
4925 9609 219711
7676 9016 998915
738 3991 146190
9606 2162 1428897
9319 4278 571106
2234 4953 2226523
6082 2399 508156
2538 8603 261872
6784 3260 559004
4083 1484 227479
5370 9415 182147
1777 3123 617578
4021 3629 204664
1581 3746 613435
7008 5155 1307205
8164 1387 217928
5787 8627 1107528
3291 2558 674044
6383 8352 1042696
3566 5084 696515
7572 5855 342971
2250 5996 875276
6222 9659 112441
2900 2552 99967
2457 8352 462725
2137 9802 60444
9227 7308 212910
9721 1956 1155898
3549 8257 458245
9661 3169 583387
582 6368 388503
946 4007 1738656
2936 3253 756868
4078 8693 551117
4355 8522 221716
5981 2841 146634
6754 3325 2221012
8278 1201 1601617
8438 4824 1358401
4108 4486 82100
7077 5985 286264
9984 8404 1033014
8972 5895 1269743
2982 2943 739125
4360 9892 300142
8136 8019 1697786
9221 8083 253671
706 399 215126
9560 2145 95600
7493 4076 173437
8279 883 18036
4276 8614 16570
3221 4139 328670
3371 9295 1207900
4363 1697 489936
9840 7086 262872
4807 5759 596593
4497 9249 511875
4828 1289 647641
5101 8327 1069276
7328 1311 331970
3163 4806 959118
1512 1814 458869
9654 1157 93832
9508 7894 301690
3811 6190 45480
4320 6370 927545
6977 4851 286602
7888 1686 812152
5105 6627 424181
5844 6115 22777
7545 1267 751673
3348 5176 385061
141 3644 733890
4091 5038 214349
6470 5003 323235
1820 3392 476162
2272 798 146787
2617 9851 170456
3779 1337 135739
8345 9018 140663
7616 2258 986126
5760 4002 869354
5486 182 460671
4757 4230 21260
5322 5575 1123017
1501 2228 700478
5197 2341 269956
171 5936 379112
4502 3371 380415
7586 7142 569136
3164 4219 256258
3758 2609 146839
2314 2156 220756
5389 1002 752886
4351 5291 143430
4564 4114 25183
44 908 1694855
7516 3171 786059
8226 4511 4165
1041 3021 318909
9858 2215 252296
7062 7024 521116
2247 3391 1174152
4386 5101 33060
8244 4144 1112028
808 4280 738351
4261 2808 330102
9960 366 541320
7373 7775 275165
1247 6859 810688
9196 8279 17110
4875 8311 2586811
3308 8322 1536149
6100 6634 11048
9045 3863 328236
7008 6119 513059
2565 4528 792349
2289 1047 363095
7065 1706 642243
1742 697 478858
6581 3011 374793
7301 6378 1117645
6159 2886 664709
