164
1930 9519 733066
4672 1471 320969
274 1828 212005
8818 6415 254763
8304 7971 743229
6163 6106 146726
8036 7779 2322448
6485 1590 288305
5705 1454 334720
918 8714 431296
4416 6406 924714
8521 9033 565522
7485 7938 147218
4172 6672 456849
5570 2787 229462
1854 8103 801787
1926 464 1251885
5994 5968 125109
1509 5995 376898
408 1356 10835
1755 2766 1049139
9091 516 51281
3603 6276 693615
3398 1195 1161860
9105 7047 1866533
3871 6783 247247
9457 5021 156733
6526 916 354990
1351 6284 69539
4823 6315 941138
8530 1975 383470
5343 8586 2456527
6330 729 15004
8321 1240 595899
8394 7198 1188656
227 1471 85115
340 955 118811
78 1066 139837
7042 170 191879
2468 2280 526436
7299 4869 604792
9032 4889 402345
3138 2682 154236
8640 8565 82007
1773 7070 330875
8863 9274 617599
53 1214 482030
5320 3050 187076
4241 6888 1211816
8264 1444 703249
4445 2692 556320
7487 179 103922
4683 7701 527092
9492 7219 458352
7435 3241 307184
8612 9288 367501
4664 3629 1073049
6771 2397 2296170
6032 81 322570
9977 3371 542095
8234 4536 159530
6060 5514 261190
1754 1481 275069
7764 8253 479440
7818 8520 1627834
6079 8703 1640833
2067 9232 9267
2722 3183 158353
3220 4681 208012
9619 7446 469290
1242 2944 541184
7048 6060 2670855
2197 493 133427
8904 9372 134185
7262 7469 910446
8952 8780 69556
6347 252 230861
6387 6447 427308
9329 9569 16522
9964 6921 351796
8196 8398 186094
1787 1767 680075
5603 9345 1797681
8828 9528 1068826
2573 6189 40843
4726 9058 1994674
6823 9502 11847
5972 4017 866735
5304 5510 585919
7084 8770 319865
1054 955 194369
935 1798 149103
4621 2950 1116028
2966 74 556896
3268 925 257832
2308 2207 1547686
901 7233 29921
7573 1585 39908
575 9286 1254449
2042 8842 1116223
6519 7930 1013899
6790 4997 119557
4578 1980 1290121
6459 4197 1122897
4349 3155 24454
9584 4223 3058688
420 7135 389024
9365 8223 1002644
7936 1030 467630
9112 3994 1097333
9013 2420 1119973
8550 5364 85444
6268 442 358642
5645 965 914650
7384 4657 134555
4483 2741 935982
9352 7645 437785
2346 7383 5643
1502 2173 834167
7547 9875 1115418
1728 676 1008384
9310 2269 674349
4610 583 549677
1723 9656 308519
5478 718 26118
9889 2807 142643
1201 1189 170215
5013 8752 44766
1147 6845 2121955
164 1156 288653
2380 1261 407190
4727 2783 768306
6192 49 1203759
9156 9992 668039
9313 630 244226
7963 3955 216563
769 8515 238958
2131 5039 54838
4336 5566 1044262
6128 6571 829417
7809 775 1062177
3009 4682 642404
8575 2284 1354831
1097 6214 558133
3053 4802 194663
892 7551 495677
5742 9540 817035
8224 1634 600325
8141 6272 322551
3145 2920 389412
6285 2231 1553111
5397 8030 628684
7469 5262 271316
8999 5894 74582
1014 1950 1016905
1884 9490 740441
1521 7188 606412
3050 4384 1316805
8860 6212 637468
3061 4819 516164
9761 2795 183906
7479 474 124006
580 3632 180855
2161 7561 281067
