220
1150 6988 213039
106 8842 59349
5741 1006 871190
9310 3284 44269
2635 5212 143117
889 2462 72583
908 5162 197490
7380 1730 288135
9770 2923 198405
4055 6639 843133
3124 906 316064
1553 3279 466246
3111 6466 818982
605 2724 420269
137 7033 492148
4138 9700 11953
6298 8074 109523
7715 1968 685058
3385 5912 409265
852 3651 210942
6649 7348 1094814
7430 4991 686201
460 8021 72586
6986 2377 57568
4431 4476 417282
3812 8946 886929
3499 9047 410736
415 5439 145284
4439 9401 2165997
7645 6961 6108
8834 7228 2647972
2271 5604 585396
1125 1998 49281
8689 251 635687
2619 5306 223536
1506 8386 314293
2539 3032 37192
7660 8693 619827
4388 584 77217
9792 9953 111991
2608 7000 128092
525 5017 85061
2975 501 134275
2715 3245 211556
4293 5300 21862
2094 7939 23918
7055 6741 1815892
866 8019 843187
638 3240 77457
52 3838 596318
6310 3526 25814
4598 6600 214934
3561 9669 925332
6321 3910 531178
9812 7927 566032
3778 4575 339086
1520 3687 157530
1903 1639 782058
9505 2553 19725
6369 8104 363527
5221 1682 453845
1146 7508 178897
1765 6190 874617
8425 7111 412505
6188 1435 178504
4421 4509 200612
582 2001 16102
5886 883 519562
5405 255 247521
1922 4319 837824
1275 8413 48967
4230 1376 347630
6144 6433 619009
2307 3269 116897
4701 3558 877942
1558 490 212059
9427 6576 19476
9734 5226 911037
8770 1035 129806
7483 3385 4131
1675 6714 413437
4947 3839 233345
8671 4541 154274
142 3465 722317
8754 9863 402973
7827 3778 99491
6124 9530 15350
2466 705 581918
5889 2402 160131
7914 7733 479015
9481 3025 50310
1634 9685 82783
7800 8719 672453
3800 5353 446455
4202 7176 90785
7559 9147 108881
4546 3039 170525
5917 7983 1273531
5821 9498 891472
3133 3811 188999
770 9190 1133443
4864 4884 96630
7722 4312 121359
2071 459 505803
3929 1528 994487
6310 5674 904477
2642 7793 301302
7774 8703 396257
1994 1577 513526
3276 6925 257448
2390 6311 447156
5192 1198 771935
8333 96 311873
7161 4328 800274
101 8694 86889
7651 9613 1612150
2905 7632 184971
6440 1626 316291
9323 8227 555860
7938 4984 296838
1289 2168 246661
195 9946 443456
7241 6064 987598
1815 9783 493164
5812 9099 171500
7534 7962 254727
1827 2454 484577
9163 5304 914599
9115 5115 123604
6278 5750 1676941
1876 1135 1126754
550 3624 666046
3361 2790 227631
5556 7749 776876
3414 6604 71190
6252 2926 22969
9104 5128 262813
1761 2926 90444
837 7835 252382
8307 1857 205112
6294 7223 272882
5998 4052 498182
5449 4397 647293
3998 2367 537358
1170 8097 1192416
458 1650 170854
2098 2573 88192
9212 4434 790207
2675 8342 235503
637 4594 254246
2425 9495 126685
4111 3339 269026
2340 2960 632302
679 9071 738952
2362 5299 313072
4131 3580 75876
6089 5400 331436
3613 5216 931508
6900 2818 325594
9238 9392 81894
3219 9606 408869
4412 4616 211862
5958 2894 529885
4439 9642 211621
3864 912 1954037
3136 4770 605575
8747 1184 899902
2565 7433 827896
233 1931 208819
7333 6060 446709
3808 8322 987296
4607 7144 74843
5214 7172 633343
7232 3887 360819
454 956 518953
3786 3029 663912
2929 986 705487
9019 1719 36033
9753 7895 38807
2327 9822 244118
6147 3332 62576
9246 1984 56681
894 86 451909
2868 3629 173085
6181 6684 313211
801 8566 1899153
5882 4369 1490427
5567 636 1059823
8794 5091 800751
7960 9952 100678
7276 9389 508356
9877 5863 496611
6953 1082 275292
5469 3271 192028
3699 449 1197582
1302 4710 192248
5301 2202 55909
7030 6796 697499
6488 7071 647828
6363 2506 187412
3361 4909 353330
9257 3616 94534
8167 6192 1768355
4849 2944 789938
9443 3763 204645
117 1507 1047324
6129 1446 480470
4614 6870 35593
659 2285 1032426
8475 187 535407
1363 2462 76316
5579 6098 150681
3639 249 899230
5232 6185 20809
8523 7120 177369
5877 377 303968
4325 3994 200769
8049 3208 425449
4290 8481 524203
3574 6472 404569
