219
4562 9052 1346409
6708 8113 5680
1555 7710 45580
9301 4834 723024
6573 7297 40245
371 8122 456721
605 8350 13259
2462 6758 238054
6720 1237 117537
2014 7698 255574
502 4130 881752
5421 2648 38551
3906 9730 97043
9467 2487 81484
4541 939 145089
1339 3991 99017
1042 4266 2980
5725 8855 284990
7105 4242 87662
5471 6771 87193
9077 957 733390
1559 4747 581596
1333 4633 209215
4581 1131 415892
4293 9029 615119
8819 5735 162108
287 3006 707627
6121 1555 44755
9886 7427 350082
6541 976 521792
9737 4496 326892
663 1868 20437
8707 2065 686457
5872 6416 303908
8445 473 14610
8509 9108 233601
5971 6294 186337
3980 8923 29681
4778 8244 781078
5491 5213 31014
7272 2098 289588
7157 6898 1808011
4413 842 302484
1743 5903 355691
4754 7088 131215
950 5656 52374
8026 8672 76661
2417 6582 730446
6269 2636 606387
2616 7937 41149
2191 1420 730202
2741 3243 39641
7544 549 330200
3519 7065 121444
4278 6218 379724
3099 7012 68407
7676 5432 88233
6567 3803 8114
3650 685 779887
6379 6010 1188264
4839 2070 569960
3523 4190 124439
1136 4762 14648
6510 7137 1132268
4575 1974 479804
9496 4243 243564
6500 6579 607843
8174 9294 360845
4661 5909 142284
6408 3622 961592
4677 6340 252637
4975 7134 359892
9761 5830 246409
6734 7487 484838
3426 7760 18222
5678 3379 6943
8285 7895 310842
7613 1685 63832
3174 2940 194899
4858 5174 890606
3526 519 164008
321 7082 316462
3030 4709 201145
416 6005 710739
428 3151 276206
8079 4806 128740
7654 9578 270927
8064 3185 282780
596 334 1045408
1084 5073 516383
1931 9205 84863
9350 2566 504805
4382 955 66173
8459 7136 519737
1243 9901 46799
9473 3914 1135619
7756 8902 1008011
3924 1581 236287
5381 9155 1525048
3902 7934 246901
2002 9448 671353
9859 3130 1705457
6689 2102 277697
7713 3525 610470
9063 3514 258166
8920 7055 339469
5864 7813 788430
8661 777 583518
2122 8944 217528
7199 2140 296254
2363 7413 1447239
4675 4950 419649
8585 2708 297593
414 6942 930069
4594 3278 693658
538 9579 959781
4856 5440 363374
824 5388 767695
5958 7944 1550831
7493 344 577761
8976 521 480542
3960 7531 216486
3752 5381 311598
396 4569 1842190
9530 2268 640471
3762 744 256364
6896 3521 228674
3801 509 215567
9342 687 485064
8141 3630 1259147
188 1069 367042
8265 6677 269437
9857 9721 10970
8656 1379 144740
2345 6193 854040
5199 4350 233957
8948 5043 263630
9200 8090 474576
5678 148 714085
1044 7297 121299
8151 3057 232283
6078 1238 1368209
3794 1779 215498
5852 9545 2596956
43 8725 465062
1354 6987 135071
7350 2296 399058
5443 5072 55663
8642 4637 461337
1702 2925 44301
2367 6724 23849
1479 6301 137076
372 397 80414
1023 7288 4588
3746 4486 41915
4961 658 759362
2890 8654 522134
6112 891 495751
8092 2286 369008
8066 916 487564
1256 2724 426005
1103 8369 533166
4143 3291 1488780
5073 8372 280336
6521 4697 772222
5077 4060 787729
1049 9679 133022
8786 1893 531562
7289 4354 609081
7542 1491 704659
3538 9509 591894
6509 5853 115955
2845 8546 75164
8631 4048 1971649
64 8075 12828
2716 4623 174529
9679 1896 66738
1588 9824 323763
1217 2140 916568
3875 9882 1213631
7625 3527 434860
4763 7119 66088
9271 4184 140229
9620 1043 186298
620 2881 1083535
3005 4451 810345
7409 5717 965634
5015 2944 1039326
8834 9813 1135420
8825 8657 1274851
3558 3707 482584
980 3891 1925034
6773 3472 825503
6634 7686 626429
975 4087 225605
2240 2296 515661
5165 9516 239990
7342 3309 225198
5240 3093 233699
2250 1881 426163
1371 4820 406600
6941 4840 115361
6193 765 615930
588 3116 284324
1349 2931 248005
1160 6768 258356
1728 4571 252618
8363 1814 446583
6088 4180 483566
1411 9392 646619
8116 3701 298992
2914 686 230428
2492 5313 105544
2401 7282 294407
1599 6448 546123
5483 7781 218378
4202 1009 430879
409 8717 158991
5694 2077 440628
