219
6058 7034 521862
5580 242 437708
3188 5604 334151
4225 7937 89118
5370 7609 279200
5758 7279 1361668
7906 6074 500575
9201 3495 792071
114 7300 102800
768 9001 495426
2536 9820 193741
9866 1377 1058301
4791 5833 58150
7781 6870 356109
6628 5818 1919127
4252 461 86667
3527 2490 29163
8354 1553 612105
3366 8443 875884
1563 8765 306815
4056 4864 70462
1846 7468 823829
9582 6628 1990253
9270 7928 650678
4346 9787 811825
2822 7060 22598
883 1534 361879
475 9050 686542
486 3999 810385
9678 2003 205092
2105 3346 249201
7607 3006 618284
2243 7912 284459
4890 8142 138083
5 7870 11034
4678 5184 57395
4333 7028 390767
3678 5291 741549
1311 9025 51242
5002 6840 791450
5728 4529 1387515
481 8378 95210
648 6896 392598
646 5741 26791
3403 5312 31790
2782 6394 367953
3127 3978 871095
1978 4531 235911
7310 6502 193588
7495 3809 360698
6969 3342 98258
147 5085 241908
8200 1829 233617
76 1543 324157
7032 1674 157977
3028 7080 406414
8182 3546 458693
9397 4967 464909
5498 8514 1095404
6657 5780 203523
9365 4871 207528
8432 1980 648731
5115 9541 1029894
1337 5445 1384776
276 2446 349751
5752 2246 232733
216 8110 560423
5670 4593 253502
9496 3126 275100
3289 572 59651
3255 7136 45881
8130 8238 2117835
7348 7217 138151
333 8285 1454266
8338 1029 213994
4274 5516 68390
8679 8909 202443
4952 965 795437
4902 3591 141062
6474 1163 290727
5378 1989 3917
7493 8226 751055
9064 2336 256736
544 3103 110172
6338 4208 131500
5655 3206 474926
1499 3168 510012
4216 1598 130693
3160 7817 784036
1213 9189 997015
108 3612 686201
6133 1923 361284
3244 4959 617190
2015 6957 235108
1942 8870 176618
8540 4638 869587
1660 6106 523870
8245 6650 266806
9657 102 494827
772 1319 238814
4803 3711 222661
6957 438 27500
4487 2161 907941
5407 4083 680416
5281 4305 292759
3804 3826 74294
9908 5641 13380
7152 3374 311508
9109 6056 898381
1945 4129 113769
6877 854 175459
8073 1610 620179
6523 6688 71156
2573 2140 43306
7770 1210 435153
1097 2979 293633
5527 8424 179967
9514 1775 848214
5814 6854 293484
7943 1220 90102
9469 7865 1214911
7411 5999 221447
9337 6579 79753
190 2518 66342
4597 5614 363659
7967 8063 1213936
462 5797 141398
6400 5223 92046
111 6380 56373
3355 3469 338305
218 6337 629274
6907 1026 226067
3241 7963 905685
3718 2442 338762
2547 2573 383600
4903 7734 273556
8033 3954 1957855
6023 9563 345979
4867 4968 710342
3732 9574 108248
507 6138 581092
2229 6989 894100
5010 4640 476797
5772 6779 683685
7866 8478 92995
3262 565 794358
4657 2099 488372
2898 1463 619132
880 8759 190761
2765 8078 142140
4107 8551 646876
5031 6643 540048
8890 8167 509750
6072 427 1576186
4312 9523 232602
627 2291 1117953
4657 1779 46975
1003 1982 79371
3641 5010 258011
2671 9604 9553
9554 4441 440325
3157 5985 323301
3600 4706 564808
2483 688 670265
813 9122 1741070
182 9444 80666
4001 5244 635301
2704 474 8821
5381 2440 553008
7481 6095 176952
1026 7668 111342
2267 2119 1325617
9128 7747 621105
4489 1128 509018
9291 1748 962448
857 7642 10870
7396 2143 48227
9059 9152 30324
7129 4768 690685
6659 7737 65770
6388 3815 29727
1791 18 11936
4892 6501 953498
3470 5468 465300
5644 2109 1814767
5215 5112 890432
6242 1217 19392
8185 3582 280892
2604 545 193551
1273 686 1773331
2975 3391 153414
5169 4861 652563
3535 6117 36619
6529 9865 193550
2727 8264 690361
6198 8645 43332
9187 3440 306568
381 985 392423
9851 1224 106476
8191 1704 1044192
5783 5271 590319
4830 4838 523259
3611 7097 309681
246 7184 345709
6444 3138 551600
165 801 111993
8188 8342 383093
453 4825 553331
3902 2987 181633
846 4739 357648
3165 665 13935
8699 6603 435574
5957 9134 475264
312 6430 37594
5691 2911 1034517
9884 9507 112270
7622 1631 571574
5968 5137 167248
7174 1720 463655
