219
2136 1192 443115
4903 9162 350848
1286 2145 16992
218 6591 269468
8375 8487 1550806
1689 8967 1089551
6777 5557 885755
4339 2492 975518
7462 6010 32355
1322 9336 141536
2550 8463 294310
906 4360 2239277
7344 1701 184143
2728 3921 660324
4163 3241 40021
6086 3950 45567
6567 6031 2231951
9658 6485 316359
8883 3561 57388
2663 8853 1269906
6139 5126 473517
8110 5600 980863
7347 6243 222578
9776 2634 112830
3990 9310 225899
6937 6273 573282
3779 6151 56128
6402 4487 1457
7032 7497 418652
1034 6789 51705
7334 495 107614
3575 9284 1593370
1902 9851 382693
5219 4365 45585
7593 3916 53991
4859 6007 930413
421 3187 880283
1767 3323 1500383
5326 9287 67999
5913 2958 1411539
69 8885 737972
6833 2993 1239175
1469 1957 97466
3225 9553 1576617
7949 2085 236404
5167 4901 678407
5275 6551 145082
8151 3268 148005
5785 9972 1530143
7510 9053 445428
7589 5575 1034323
2641 9152 135613
6145 4124 623135
8828 1614 121481
8643 7404 583506
4851 179 37762
1093 3243 1227005
6588 7260 28846
7569 2145 282589
1267 5526 100824
8040 3217 203107
468 6195 261132
4474 667 95511
4336 8929 1046726
7000 9401 1153709
6722 5413 211388
1038 7931 271151
7341 2348 205066
2860 8109 1021024
5899 5912 73488
5595 5732 145011
8776 7195 782418
1185 8034 146247
7132 2742 231880
5467 7655 20295
2518 9835 30530
9159 7855 1813495
912 3136 438707
8948 674 485532
6980 5717 147823
8891 9201 435480
129 8329 47855
6128 9780 39617
7420 2304 549476
8626 5635 631847
5079 6312 174963
4051 2237 631410
439 8196 2452433
3318 233 179065
4804 7059 298646
2225 1272 66037
3128 3816 23966
9350 4587 253880
5804 9404 543863
6579 2367 40726
45 5661 110316
3907 5028 152012
5926 9492 835115
334 5183 24087
7500 2114 188831
8511 7910 375801
932 3074 321578
8705 2412 158485
2886 2650 294149
101 4692 681650
3683 8759 425770
3228 5911 398934
9895 661 660589
1496 1192 203471
1205 2016 12789
4494 7390 2084
2704 5484 198090
5479 4320 562062
2467 3091 64278
158 3795 552438
7522 6827 210985
3082 5377 663491
4441 3172 114312
7298 2159 201345
6963 8024 92653
8033 6772 191744
6363 7858 123113
6748 1626 1583008
3227 3257 267883
2633 4618 136366
9842 5168 131809
2753 4921 244797
9443 8487 288880
5567 6275 610720
7658 8078 737113
8630 1237 177111
7041 2964 1448650
3839 7686 270775
7724 5284 1726249
6406 651 1028653
3441 5663 140930
8825 2635 322172
4720 6313 399776
8206 5583 233263
3363 4122 637507
2971 667 192329
3709 5978 776114
7288 6128 1214867
4070 5181 264470
8927 8547 360097
9066 1887 885916
4430 9182 75973
3396 1874 124177
8229 575 367537
2706 9853 671937
5472 4330 810030
5619 7241 752453
7557 7659 129337
230 4858 98124
4957 1871 231485
8472 9348 278432
2203 3190 4678
9140 6077 109929
8334 3244 95070
4316 2262 7256
3341 4514 355703
617 147 429227
9352 5234 229035
3395 841 357584
8782 7036 269343
5902 2150 24260
6339 103 2245713
6210 881 310074
4646 7383 423691
7984 704 157453
9735 8355 54448
5336 25 142444
4029 3895 64551
8079 3143 81893
5898 9890 445825
1302 1913 47388
8217 4909 20430
8765 9023 299065
93 9758 49360
6215 8244 908400
6276 5527 87180
6987 1459 978039
4485 4015 71505
8595 5784 1392861
1712 5463 55774
1540 4510 414631
96 247 572682
9347 4720 224061
9816 1931 85758
2307 1426 272431
6725 7754 631341
4130 69 56466
1872 5175 428945
9697 6064 1633722
3111 4208 259440
7150 3395 251622
1860 544 79774
878 281 157286
3981 8126 1116933
9837 1007 994930
6088 9934 5612
7388 5722 75180
3838 7282 679444
8413 2777 200602
9211 7476 169395
5663 8109 686072
1900 4614 649408
8334 308 425038
9378 5563 295813
1532 8327 1247828
7703 7678 638062
5293 626 135562
8354 4392 257981
8938 4337 377152
8503 2891 355120
1148 7843 492514
7697 940 286038
6191 6762 687577
4745 5973 649031
