105
3152 2076 87460
1100 9537 1405706
4923 1634 913448
6602 8931 329479
1635 8350 474818
5402 487 577577
3873 7283 665176
6181 438 21044
9831 8336 2386436
1682 4134 501595
9045 7328 1236391
3733 1923 1954935
1471 8751 1364154
1830 9859 2240226
1573 1855 2870389
2631 2785 806242
8105 5733 655285
6077 5604 1014500
7358 6125 172729
892 9221 132756
6254 7512 1705158
6574 4195 92741
3400 6163 932813
2952 2924 647808
466 5938 889178
7675 5083 154540
6497 8722 1268408
5807 1177 1927861
6033 5054 688134
2128 8390 238945
9206 6248 2535995
7755 9959 243340
2674 4739 333187
2464 3286 2851931
4470 3476 287855
675 8560 1408444
515 6856 460681
2468 305 1089294
9422 2685 13014
4872 6753 614491
3800 3583 1557043
984 2631 547005
2008 559 418953
584 6460 165550
1401 3347 629965
1178 2058 188020
5474 669 4328151
4213 994 711342
2959 5240 2264557
7278 4339 464052
4648 2469 129957
4960 2136 1395047
5536 1647 716930
6282 7123 54143
6383 867 883163
6727 3110 1576312
6877 4576 634133
5193 9789 759668
5254 3462 857540
6758 4551 5139762
3085 6113 162573
9706 7154 477548
9342 8525 204425
8995 5727 823633
7228 7877 1097849
8298 7675 433399
4447 6084 305531
3194 3939 26094
6047 3230 579395
3538 2557 1502708
8463 2558 105089
2946 5139 91183
1813 1322 1121237
8000 6368 82353
1673 6654 621
8150 9 462705
9423 2103 4482
4125 7343 117057
6601 2066 841695
6232 7104 1915953
6307 3095 16601
8604 5089 3034049
8879 8045 214146
437 4482 392237
6368 4762 1611469
4545 8405 63178
2388 2727 4564900
3572 4985 2451804
7228 8057 2506824
892 8232 766465
1231 9380 1373582
3920 1449 1447783
7122 7608 1300324
8210 1297 804744
5044 3111 951300
4101 383 463397
254 4230 174467
3695 8808 2384820
4648 1799 722983
8651 3900 29465
3702 1581 724906
4638 3965 99701
6315 9541 1555750
2859 8471 247652
4087 8804 126466
