105
7078 9749 2371804
5861 5830 166821
1514 1171 236691
7802 783 632333
1905 4879 4096506
665 2643 510967
2077 4599 13239
4439 1675 765883
915 2073 1688942
9746 5753 1051353
478 3233 523611
5396 6295 55500
9200 4378 507480
8193 4886 513634
7377 9850 54386
492 8848 268614
2027 44 1394509
2557 1575 1311043
2434 7239 2163562
6547 9116 427351
8609 6303 423914
5402 1281 62145
3749 7419 184643
3347 7329 1857641
2296 5934 176252
2684 4923 647553
5541 9215 988454
7531 3461 997085
2378 2545 1455
6171 2848 426652
5146 8941 1860657
6510 2986 673521
7760 5387 20999
283 1111 143663
8284 7337 521617
8507 6773 3921
3417 8141 44798
1690 348 641303
2524 9266 1725838
2677 5861 499180
2268 5196 1061486
1339 1162 1178162
2423 5710 778179
1999 574 917810
9564 538 997179
8059 9637 80925
6804 4892 4485881
8051 5541 1795918
4919 4802 186744
7547 7173 3464709
4860 1472 608054
3875 771 1218101
5807 5073 303047
4368 7504 1010405
4550 5862 1851142
2942 4634 1162328
3854 4860 451183
8831 9661 447285
303 3902 2413018
3018 3015 980945
3911 9637 106290
4192 2571 462653
4299 5379 202432
8905 4953 4505914
366 6528 1096543
9211 2417 898271
6274 3336 259016
3829 1826 433729
7952 6302 101479
2367 6803 427884
188 6755 544836
3824 5968 1848861
9048 5751 977263
7441 3534 2112770
8143 4565 1549025
2104 3516 348045
4381 9708 2369341
1887 622 328247
5917 3992 80911
4852 2529 663714
2864 1139 329913
4419 2967 699365
8897 6628 712557
6860 37 1706366
5272 4953 1161410
5101 9691 1914144
9211 4110 546510
5678 6219 1322888
6374 6475 2781969
1547 6684 838903
5911 3772 615040
8111 6963 801197
2095 5444 391254
7944 3075 91892
167 7194 948124
7029 2248 2008857
9066 8315 44309
11 3050 603394
8448 5384 1999141
4243 2538 235335
2105 6353 1248097
1749 9019 1138597
8353 6694 1536318
2082 5664 696423
7497 6308 262752
