105
1096 2687 1946690
1374 951 815566
1213 9172 1474527
9965 6314 1409552
5538 5626 1691562
6400 3474 350469
8391 3119 1146840
5283 3714 322929
3566 827 1282773
5604 9369 125156
9729 4103 1561425
2355 2037 848079
5959 3131 814888
3386 8317 896800
9675 3084 2202143
6904 1153 1231880
3397 9007 2223486
4253 2289 576330
6287 8095 219001
6745 3487 1130993
3783 5584 396508
1791 5708 131951
4523 6276 153932
3175 794 60306
9581 3828 303424
7639 4439 3811551
9031 6773 519729
2588 9819 1684214
5691 5320 483570
8342 2691 2929370
4162 9271 3413984
4818 8841 41410
1097 1081 415312
3888 2958 1550637
9332 7761 386476
2106 1243 1476906
2490 3163 722914
3851 6385 336305
2543 8270 852213
4672 2138 2799610
5516 5939 505491
8241 1234 334097
9489 764 2122752
2672 7241 65675
5355 8509 629450
1196 931 124663
6569 8359 341905
3422 5858 1739412
8706 6244 2207
8124 9077 481314
6345 7059 130393
4309 3999 781185
7681 3940 1257779
7078 8219 2056986
378 3686 699812
8644 635 1772837
3440 1792 131995
2382 9999 894160
3329 3493 348346
4253 7000 1843186
2206 2533 132043
5010 3878 759941
6704 6660 2045894
4333 9021 514318
2295 7278 381576
1775 3436 217898
7207 6258 743631
902 4076 288208
7901 550 781652
1314 9828 218118
3876 6019 540497
8955 2000 1798580
8571 3041 510134
2879 831 9312
1961 2975 1031055
122 3768 252616
1179 320 1628048
476 3164 278609
5189 6985 538608
773 1225 53011
8885 8375 62911
8119 1693 923730
2241 8223 221115
2947 3926 14402
9285 5346 686560
9841 5415 816891
4648 4026 33586
4606 5420 888064
3729 3215 3415983
2821 6260 1954385
6361 4062 511126
9500 7734 883886
6654 8798 4360891
6602 6271 526704
9094 5949 123199
2447 2355 174214
2821 1234 361753
7604 3072 211098
1144 4310 2488972
8994 6263 606186
9339 8375 899383
6752 9558 1556550
1544 6370 1567812
6321 4719 2557832
23 3749 423962
