199
1354 915 341947
2631 2814 12954
80 9898 360508
1456 3991 970619
1319 4872 756941
4330 5617 100682
6946 3908 661122
7111 5216 4488972
7871 7120 221136
6774 7907 767843
9257 1862 329551
110 5990 172828
830 8780 752492
9164 7805 196009
9613 8728 36236
4063 2828 151240
876 2862 40387
1054 5946 497832
1190 2544 1125352
3121 2181 42121
7645 8594 1404918
5009 204 30332
4374 9418 94158
1849 7834 287421
4633 5436 1199873
2914 1626 221229
498 8903 763170
9670 8344 1006408
5058 6966 500154
8541 7260 98432
8328 1509 35626
7064 160 468901
5590 6392 386812
6118 6370 258005
2613 8162 144117
1302 6907 2082865
5394 4766 260511
9658 2728 82774
6614 7982 1088921
4349 7029 657002
1632 9840 427953
5953 8909 890200
7468 673 534839
494 7442 488558
2705 5617 712537
9890 8412 191292
1145 3014 1267155
9932 2974 270918
4357 8334 1165221
4716 6846 245686
2266 8902 20685
5211 4851 633267
4922 7919 232523
5951 7252 287136
2551 4218 299291
5063 8420 748266
4865 8204 2789
4070 9392 667025
9538 5691 621192
3003 2566 172331
5415 2478 1349638
6901 5076 652173
1949 6252 223930
202 5705 270705
2035 9691 83380
3309 4455 898499
8474 3484 60447
954 2563 1181498
6907 6805 808644
6586 2427 1090512
1220 17 341694
3085 4905 476665
7981 363 489257
1208 374 244500
1175 8963 1242575
0 5695 454411
3069 941 23225
5796 9603 214099
6282 8287 286020
971 9496 34999
3869 845 159524
4814 6591 773663
5421 5980 94886
7773 342 513050
5418 2566 19478
2473 9968 549977
26 880 253910
810 5107 39209
2014 2526 636041
4019 2099 342515
3595 1246 964662
3752 8956 1655727
4856 5306 596346
4479 8649 1018834
8518 4965 415216
7975 7084 127903
7986 5581 249274
1925 5362 328666
4331 2439 34145
8745 7743 810884
1013 7692 401115
3659 2295 233762
7906 2885 1368940
6149 121 136819
961 4036 1959248
8260 3453 66176
9951 1005 130305
9242 4607 1115335
7665 4735 361927
115 5095 11295
8824 727 112129
2441 4057 1222129
127 4305 524485
3629 9665 246577
9546 16 725719
6947 4162 56871
8053 8532 286109
7480 6397 180550
7671 3648 34215
5435 7566 403214
4433 4121 461685
3255 5891 630740
1629 3321 156404
1844 2351 215955
2578 8068 99827
3984 4188 53275
4471 1572 408168
9721 4990 742016
1158 5680 12831
5204 2268 201287
6394 4122 473652
230 4868 227950
6996 9458 878650
7369 2637 118027
4546 9284 640052
7492 7914 184938
4536 9778 128082
3894 7719 804410
9992 3079 560637
9017 6177 1335833
9573 9640 9668
5706 4363 332490
9500 7995 761437
7377 9533 522523
1554 9523 437245
9173 3898 528480
809 8521 134856
7457 2710 128268
60 9979 314481
9039 8423 1562229
613 8283 155797
7380 4223 79700
8445 668 343664
7291 9612 106063
1170 217 251342
8375 7665 381903
4583 696 113966
7651 7003 124446
4788 2882 738413
4680 4877 2465692
7402 7937 177568
4284 7383 147664
195 8352 422274
7204 3024 960522
2698 7551 86485
9538 8525 82905
5819 855 441200
4257 902 381876
7174 5756 76182
4182 3428 871907
5677 413 388622
6456 6715 341659
9607 7137 596030
705 5651 1308255
6975 5363 292900
6572 6115 954177
2919 6382 89972
1220 827 814646
1832 4322 994353
4354 2019 416638
330 781 52717
6353 4595 447151
2287 7962 768547
9627 9929 1729941
597 8307 883565
4711 2747 29797
1725 7476 371605
4811 631 214950
5095 5067 165978
8755 5206 58076
9871 622 524138
2678 1914 346944
6971 2148 1110656
6120 4429 266021
827 2510 296601
4279 4072 669249
2208 8128 201665
3881 2622 1485562
1040 7120 138954
