194
2093 9048 205149
3991 9902 418383
2124 6018 893210
7012 8939 282499
3544 4894 645006
8335 1649 158361
1381 74 79675
269 6971 676410
555 7110 176873
4432 9295 206293
3017 3999 390088
5891 2341 949548
9481 280 537529
9057 4346 591837
2759 7417 121287
5698 7872 64
2120 5550 665240
9835 7122 665575
2350 31 423737
1833 4253 21915
2550 632 65696
9228 6048 1047695
4908 8196 391275
6025 5892 593975
1011 5822 288423
1562 8787 349816
6165 8340 304930
1827 9060 382416
2292 4086 643656
9512 3996 13765
4812 7493 901680
6961 6745 80912
7555 2102 1272026
5407 7228 243159
2505 6026 95050
7563 3705 937794
9131 6801 655356
7854 1803 228324
909 9803 60674
7390 4628 129534
8173 9205 132144
8575 7669 48692
4548 2280 1482712
3561 4163 1367600
6704 9720 75101
2939 7705 331402
8646 7018 667759
2157 1116 430017
8549 3561 584211
4476 6129 305073
8709 2960 711079
5915 5664 29233
5886 5770 191383
9118 9710 2600458
7468 25 245255
7945 874 631339
900 8564 134864
6174 94 336669
5100 1918 201708
9997 3625 134938
6313 1572 366499
9939 4303 323756
8653 4203 666877
1271 2528 502835
9154 185 269317
1326 8348 803990
2551 7778 205170
4156 6824 65962
4176 4691 394256
2561 1778 735504
6223 4704 1707199
8913 5929 738777
3359 5781 596655
7803 6456 707949
8167 4299 203606
2920 8358 298502
9263 5822 468706
9749 3647 1115723
6794 6722 1391623
7917 7361 284293
6898 3524 618126
9976 4063 726728
5772 292 2027
6617 3495 384862
2927 7976 424617
2654 8 1180185
3983 3920 81956
3251 3702 299306
6057 7143 272447
6993 1032 1560638
1305 9684 1181370
3289 9221 104913
6365 9305 101635
8688 4341 784469
1505 7738 769723
9227 4121 621652
1711 1829 876627
6496 9856 191810
7803 8620 173956
140 9680 685361
7158 3116 724186
2672 7308 220013
5886 9546 1104465
9937 313 1271939
4683 35 1018747
4931 5374 37882
2063 1884 2205394
8723 3826 149152
6420 2547 184535
5277 6544 209657
3539 1830 559795
8091 6470 268962
1190 4378 359763
5171 452 1810638
4643 2017 22048
9776 2126 1198076
2171 5393 38922
9005 7193 37866
2950 8356 76562
2769 709 855044
3287 2776 371338
8927 4535 119386
6163 1458 1046789
9633 756 428674
4812 7763 634417
2785 2138 404608
5294 7214 349329
1494 3141 1520003
8675 7080 244642
3560 1451 928922
6766 3691 1261373
3274 1127 686929
4873 8387 457886
7777 8428 508519
1114 9397 578679
4878 3626 1381201
5128 2446 113181
3642 7451 197264
3857 326 578157
4661 9604 135081
9510 4251 311189
375 3874 848776
7676 3980 787870
5584 3012 51716
5092 480 292218
4056 3853 330104
8741 2658 53590
1056 8074 170664
3281 4858 991478
9288 8682 147180
8986 1585 11101
7718 9161 97625
5447 9000 855360
4331 5075 197574
4513 6136 361196
4277 5672 605963
8404 8104 727198
2967 5584 98799
7170 962 274402
6049 9358 322101
1408 3934 72830
104 5843 198055
4163 1058 209725
5514 2990 97043
3846 9242 929488
8241 1424 266892
4940 9437 37084
2114 7404 253469
5682 9328 602349
323 291 47439
8829 4498 329768
7545 8385 1327087
3305 7934 271828
1354 6936 339298
8319 9308 102762
4795 4273 389157
6969 3940 1588660
1764 913 250197
1055 32 200555
9301 4305 136572
589 90 99578
3139 4044 898030
2674 6922 384820
242 6456 1339304
3009 848 476706
4972 4391 745488
8132 5142 126669
765 605 687937
1035 5483 1653896
6685 8042 805637
8612 2387 1202728
5804 4892 148285
1874 7091 656402
101 346 962055
