194
1156 9299 175677
2756 8360 564623
6102 1103 454021
6529 921 229375
5152 9680 713550
7258 1662 467299
5547 8181 1780286
7550 3265 1366209
3530 2647 765765
8736 4173 609738
8027 7323 707665
282 6193 252383
561 7170 676268
2033 9859 720140
1361 6626 133821
5678 4521 720044
5716 6559 261804
4997 7815 342002
5238 1750 117875
1354 880 774490
8133 3947 610541
561 3882 286093
3364 8761 1616935
7192 7638 441133
6374 5340 1313041
3243 8276 939465
2973 9084 22824
1021 1344 258298
9710 6925 41256
7030 4499 93247
7750 337 418206
8185 3996 585651
3957 9105 806620
6126 7257 1310913
8813 4187 646782
5712 3235 944729
1227 7741 1007538
4215 19 367380
5741 5314 799023
3988 6680 195398
5339 3794 475795
1802 2553 205243
6152 3724 417866
105 7283 47034
6020 740 1318516
5167 9714 722127
9144 5974 236576
8107 5363 506521
9941 1982 166855
1404 7094 191940
2409 8780 82765
6931 9628 324761
4280 2018 29581
7294 3710 102075
6881 117 26006
4932 9413 127499
1659 1866 602836
8828 9576 44680
5529 2290 11067
6912 9845 182415
1884 8148 89985
4685 3287 1614627
7844 304 173606
3128 7318 139118
8505 3041 199919
4463 6467 132678
5754 9330 365253
5402 643 912740
8312 2105 16657
8033 2743 36520
9394 6988 189329
6055 8274 478615
4336 7436 465355
8772 5013 1458935
3343 5169 393113
8781 7703 98401
9881 5507 1231829
4357 2074 48163
5998 5548 69239
9821 4485 57579
7243 342 648358
9383 2491 131084
2293 616 531017
6359 8404 520009
6851 4519 648285
4290 4071 287751
5513 1869 841782
4039 9107 571545
6029 9044 649734
4188 7155 1868261
92 4183 441737
4687 6008 64885
2688 4417 2154399
2433 9157 581331
4164 8432 186076
6758 2555 1052393
1634 9246 472075
4683 5896 98652
4203 2334 93946
5519 7754 37334
3324 4412 262640
568 6929 447864
1544 5815 224305
411 6032 910777
2659 3936 1257257
1139 9267 122669
5884 5491 622140
3902 4281 415556
483 2295 25598
2994 9583 854509
2419 2632 1146797
2552 6823 38209
254 6826 293119
5426 3694 492928
2825 3445 22445
4961 3407 5067901
9334 4649 572905
7276 5120 25906
6321 4898 930479
6792 5646 188104
2010 7515 109882
2777 9517 394334
3311 7747 193203
4361 8151 45525
1212 7900 1222351
1681 5414 326595
4605 9629 515599
6708 5336 347395
1180 6979 222145
955 518 167823
4445 2313 240771
4397 5150 141355
9134 3286 496150
7590 2359 980551
8792 8142 27499
3689 7225 169148
6320 3590 147728
2033 803 613825
4952 160 3875076
7656 2380 128141
4241 9277 518838
4700 8786 7771
8374 1752 374555
9753 6569 661118
9673 3086 457
3799 5908 214447
8075 852 934686
3949 5803 356721
6361 8520 188581
8503 8437 297730
5630 5323 233605
9113 3801 419188
823 4155 1598474
2508 6788 808716
7570 4067 508048
1175 2579 719811
3143 9023 1189221
5944 1450 1322123
2516 6044 82320
6354 5862 703269
7991 9008 131647
200 2434 1060161
412 4544 1873599
4174 1127 340614
9378 4156 5963
2206 6863 331710
8798 3129 619719
5174 6384 296562
3981 1464 233006
347 9016 160854
2965 2837 20724
2096 6706 492071
5389 5542 71828
8745 8974 326600
8034 2410 399251
745 5699 168655
6387 5183 280518
8195 5243 210023
937 1116 236237
2887 9258 1078374
8244 5942 186345
5284 3656 5357
6313 7000 4861
3106 9782 387494
3681 7667 1270834
1100 740 71573
7740 7014 78225
9007 9 1710334
8916 2442 748843
1726 4097 448190
8840 665 147367
887 6907 616659
2179 9561 48109
199 605 98229
