194
3891 3738 42969
4529 6469 1048812
9899 9164 256215
9641 1309 717678
5664 2406 311689
4835 8467 2162734
7550 3042 1317930
2059 4945 598114
9839 5260 24944
8434 4888 390249
1878 5241 5015
3407 8673 765324
4116 2873 125546
8872 315 607995
4255 156 597865
3532 8167 852497
6569 4337 637988
2509 1970 286431
9056 9135 892882
6129 2058 231369
4590 2542 139784
7077 1357 96004
5567 4234 780695
573 8573 167461
7917 4208 919318
5498 9205 326686
1092 2680 487940
1958 5716 633549
5949 4276 140046
9606 1187 1862839
9928 3137 299872
4629 5595 499264
8053 7196 263769
3701 3608 1834897
803 5632 294244
3767 1261 879879
9705 157 124982
3669 1623 101968
8420 7536 288835
329 6524 1851868
9954 3744 85941
7448 4037 562827
9991 1355 411560
9797 4007 601509
1161 3366 51390
1320 8666 978042
4457 9713 88117
7896 9561 866735
2743 1919 579608
2247 8529 987994
9624 2910 981013
9726 7526 168627
1196 6293 424583
7822 5837 17207
3952 8140 1201309
6884 1021 291611
1820 9199 2379026
947 4593 581159
4935 9887 1435143
873 3443 757026
5075 4461 1360377
1280 6851 180263
2864 8979 360098
1036 7378 547242
4369 2549 112632
2290 2315 63938
4331 7273 490639
4434 2736 936687
5904 2820 428611
7972 9431 31126
122 8182 1193493
3586 2347 223519
1505 2887 358173
8746 8858 1606505
4266 5722 68385
6930 5573 604560
9746 8730 677869
1260 1433 1573498
7585 4376 668146
3116 3969 1291748
1329 2556 327730
725 4208 600951
7117 5432 231119
1669 4833 1624301
3879 4850 125559
4772 1058 469099
9436 6325 48529
9172 489 1525493
9021 7570 395821
1687 3356 1347805
327 3817 564797
6689 7417 172994
3995 2418 626422
5732 120 401286
9234 5219 526222
5517 1545 387456
6340 9530 222443
9227 3713 9313
5847 8409 443784
7577 845 35870
5876 8142 873553
6177 3769 124448
4541 7430 358663
1122 8793 577643
5362 1392 505014
8372 7593 692503
6066 33 618711
3120 6727 35135
6039 3940 493643
9123 7916 215216
8109 5148 835422
635 2931 446719
3021 5269 240959
5376 4362 371172
8619 3431 721105
9274 5321 173189
3686 303 25845
7492 2904 826315
7154 376 720084
8611 3541 44565
3643 4477 1106311
3010 4506 461029
3302 1520 17164
92 3072 178236
1403 8729 265221
7842 3984 145638
8195 9272 1611324
5801 9517 221229
3934 9126 274586
6502 8810 446849
1398 7300 277202
5891 188 74424
1336 5111 1272987
798 7247 682438
5788 5898 219437
8672 1963 6754
590 8430 105263
4015 2745 52154
1014 8647 1002689
2290 2502 90435
2926 7230 187559
2977 2481 517072
2167 4671 370211
3064 8107 436189
4149 7410 294899
42 576 803304
5651 40 118918
4644 3809 162687
2050 3076 326407
7735 2459 173097
1158 8407 228915
2734 4947 224448
1577 6515 107527
9641 1330 104700
2428 4800 326902
7874 565 652961
2323 8434 310929
5509 8961 75657
3307 7693 98462
9453 6360 707709
9147 5285 36414
975 3095 480444
8952 114 100097
1434 5001 34562
1413 3989 1186754
3566 9916 146532
5234 2384 108592
8452 1364 560886
5180 3004 146342
9494 7708 306276
7423 8313 430450
5777 6117 587114
8449 1672 224507
3956 4457 512152
8947 7478 832106
5176 7355 1742521
4531 9683 702424
7960 9682 916388
8739 9096 3317
5128 7068 169504
2442 5929 557793
3469 5714 76818
8809 2231 191251
1774 2175 640092
3919 7559 627141
6901 6384 670648
8661 878 187376
3837 3010 1245783
2718 8351 113143
7763 7575 5938
644 9331 464093
8187 7462 132179
8461 5355 2029734
191 7698 7726
