194
7030 3119 347472
2412 1573 348425
4358 1184 438980
9275 2157 563203
9713 3501 516639
2664 2640 2086576
4559 7297 1970898
7088 1602 856731
6963 5684 966197
7131 1431 360522
529 5420 357023
1277 688 848251
9638 5855 64427
4867 5132 12268
986 3325 415361
7837 4265 769186
1109 9459 385560
2304 4161 1327437
5702 725 787596
3531 3707 62398
9173 9657 144584
8382 6848 811235
9999 4159 1949877
3278 7532 808861
8029 7827 334800
7632 9683 277275
193 161 1065484
2511 6504 39141
3420 8408 171643
3370 2890 871406
1830 5926 95365
5646 7774 812003
167 3329 226458
6482 7893 431265
4434 4160 1359731
9474 2098 470322
4544 5469 106547
8659 8047 51787
7271 604 476910
9500 9536 593292
2831 2056 1123336
2665 8359 208402
6183 5872 244180
9948 3063 782
8999 4335 415028
2545 2445 139360
4778 7316 514181
6112 2049 33551
6325 750 16085
999 3766 1109750
8871 8831 1732309
1170 1264 2181613
270 6947 183280
2173 3165 140424
9980 2670 60431
4381 2440 262035
5427 3563 1081077
756 6660 206200
7468 827 303852
4837 3032 477155
533 6725 518178
5306 722 316759
1962 1060 257028
1495 4025 154680
2224 5774 2574947
7242 4180 429161
3461 1090 414801
4812 3797 275552
1638 2042 476112
303 145 407482
1872 1553 142296
8784 9964 29473
1634 1050 1119014
2877 7145 300984
9240 6434 651151
2894 3379 257800
8485 5336 278798
5125 6732 145698
390 4255 718624
3580 4583 653518
928 1554 382905
1667 3405 194610
3086 266 185503
9925 3477 556683
2372 3746 327301
5480 1123 204592
156 7766 442126
3699 312 600280
4056 129 478030
6219 9691 610832
7021 1030 182098
7091 2961 281495
6311 2449 45972
2295 4742 214718
8217 7599 550516
3362 1970 1061824
6254 5630 127410
2251 507 1800575
1122 5060 92094
4111 695 207487
4658 5745 935875
79 2626 732432
9126 5201 45722
6779 9963 149905
8813 2773 74372
822 3167 749568
4265 6575 10800
4984 8430 250505
6278 8567 363191
8798 6387 125558
3392 1739 1543790
3654 867 309362
8235 6987 21054
5679 4982 626202
4929 7780 1021140
5752 9363 1009684
728 3677 1219730
9324 9154 351185
9776 7919 56160
6127 1697 53020
7737 303 107476
1694 287 259735
6765 1266 79734
1191 1348 178528
505 6408 9293
8632 6805 41158
5855 9889 237162
3957 4484 210174
6293 1319 362790
9393 4598 145084
9134 2400 47772
2113 1318 2257767
9443 6583 163147
8915 8464 55157
9548 1088 491212
5373 4889 185782
7156 6546 343631
6248 2688 26613
4939 1943 665878
3980 5110 419506
7233 6736 370746
6648 9624 1875958
2431 1595 1935420
6688 2740 707078
8364 7957 1078990
3874 1585 332378
1895 7111 116817
1575 2699 166023
3293 5295 18742
104 2866 168632
3703 9621 2651915
6536 7857 70639
5124 777 1595992
8027 8859 200008
8245 3856 128277
4395 4503 184656
5426 874 118872
5461 6594 31961
9071 670 236545
5026 2991 271415
2926 4243 1484903
9894 3787 564601
8677 6161 290108
3664 6132 721959
2992 4651 9439
8936 4896 1338048
9079 1098 217346
6185 8715 2384665
5272 8128 450358
8725 5282 33141
4879 3473 567398
5677 1594 1538442
3514 3438 529421
7749 4919 738772
6585 3748 373005
1061 7554 295872
9661 7104 60715
1298 9631 261706
6737 1583 225021
4145 3175 737560
622 2037 380673
7556 8300 453449
5712 8344 803671
4575 2782 664
739 1011 94311
9586 6659 139534
3853 2902 1105923
9316 594 83777
437 7639 75580
2454 5788 1087399
4265 5164 108690
1072 2467 92538
1696 8510 106227
1355 8800 761892
