194
1281 2749 38910
5739 4536 24876
3989 5459 1453305
8540 6796 245243
5446 2097 257488
9643 4532 1114791
4361 5760 786328
5213 752 795804
804 9795 144423
6713 9228 218418
7707 1579 290594
7660 3245 238318
2067 3366 134319
7852 8423 712983
5530 3250 541967
4974 4233 396015
5621 5429 220431
4942 5732 327404
3511 4048 763520
2631 8010 604358
6314 2566 116742
6604 2563 21196
8522 8145 64586
1997 5339 731691
4413 54 907789
5406 300 549653
9887 2588 977111
5397 6595 87870
8582 8006 145881
8287 1344 904025
8786 30 175213
1348 4850 191698
7573 1184 307289
6347 5215 134889
3050 4255 354633
7282 3799 185975
6409 5419 305646
1717 9702 20975
7497 781 483738
7184 7462 1193911
3335 3941 383222
9396 8007 1126592
7466 2139 1375190
967 317 451853
8731 4030 163171
2155 3832 27582
9400 5997 1111613
8345 7466 394051
3745 5256 257997
7449 7610 1360540
2081 8133 202170
4765 525 1110623
1065 1224 16202
7376 3963 876951
1886 2171 143301
9567 7077 261322
3721 724 198009
7008 6573 166328
3274 6021 1077374
4119 6653 192380
9738 5084 863722
6524 6003 153005
9447 7213 236761
6104 142 1472154
2251 6467 799892
2955 1338 2172651
7403 7312 800313
5159 5323 288507
4226 5581 184060
3091 1296 224102
6669 4275 208608
7773 4326 1148912
3583 8151 112314
3565 155 252752
1392 214 519216
7047 5964 168487
3147 9137 326479
6564 7864 1019507
5694 5360 52212
6194 4811 311899
7707 3938 692272
707 4853 62812
5386 896 48664
8059 3525 279613
2459 322 104581
8424 761 191634
2441 295 1554774
4946 7235 511939
6307 4944 2198892
7267 5693 4416
393 4984 1113034
6307 51 1153553
8194 4482 656930
9966 538 295466
5951 628 1853791
6801 7913 989360
2431 332 71756
5913 930 58230
4429 6764 415427
2625 1918 190795
5843 7913 541441
2586 4782 1068654
3535 1849 565593
6237 4412 217344
9357 7416 922390
6233 9624 329036
6545 9984 386573
9239 1961 92349
5323 7676 853360
2911 4411 482974
2601 1674 272952
2224 2334 6652
1189 3839 187786
6437 5411 122794
7928 3242 171011
6804 2235 475225
4336 5330 2671040
3947 3439 918399
6035 4347 72819
1059 6984 665048
7323 449 258478
5487 7732 590689
5507 5230 494915
9742 1176 682926
6982 7616 109010
4875 9900 249383
6667 8983 1115961
4681 5703 954858
5408 4523 75329
3543 5783 331953
3918 6430 89091
1550 9543 305341
180 987 341196
4626 4403 149795
1964 2633 882387
2019 365 20722
4303 9579 236369
5944 2738 949057
9002 3470 110044
1140 2799 147771
8500 7515 23492
7627 9289 1097948
3970 2246 125842
3207 7808 337424
135 394 266335
3701 2502 612048
6613 811 166191
9841 8021 214845
7718 334 6763
3898 3917 432881
947 2555 287568
7556 3712 290926
3455 4670 46168
1281 1225 25576
3680 2079 924667
2657 416 278904
6459 9807 492688
3627 1012 598025
1730 4386 425520
9828 2075 68377
9423 5024 598937
7681 4372 482594
9716 3366 953179
423 1495 161329
3447 4288 859868
2803 8972 43268
8768 2263 75703
9078 6203 1059056
4595 2690 410172
849 5889 197503
7748 2742 678551
8408 734 278212
5600 3138 498476
4411 4628 45104
6176 2924 2749785
4791 6732 91717
4622 3090 914962
4208 5675 1227367
3310 3671 879787
8058 711 32756
7659 7025 281366
8626 3743 315362
3952 8433 1528966
7262 1767 10555
3284 1294 521966
6806 2362 905504
1434 3774 842255
14 4789 870034
242 5272 1176492
4171 8282 1916422
153 4570 706880
3919 3955 509612
7488 8130 251589
2150 5785 253799
