194
3393 6593 1009185
2414 1535 393573
8528 2604 1081674
7745 1511 312171
6392 8498 262776
8805 3719 830512
6758 6305 58213
3075 8857 385586
8969 5047 870829
2883 898 296311
1285 1099 559687
1185 7361 228689
8651 4495 229513
9068 1880 94555
4652 3603 214588
1819 8026 1646857
2896 1030 270487
3815 1263 563753
3276 7466 114431
491 2163 125305
7829 2158 958380
625 6684 112400
8673 9044 257998
343 5165 2565116
9011 9903 623582
7411 7303 535675
5585 3370 1175785
9562 6725 1955026
8155 4803 136296
724 4350 637144
6019 4113 26743
2731 1279 319533
1759 7603 1464415
4499 8339 84780
3528 7124 585631
1849 4013 1008052
8239 4421 42557
4471 2726 103282
2109 1884 298083
552 190 184049
4480 4227 414078
6348 2082 232025
9083 2148 2326890
2854 328 815214
6824 1684 178565
2312 3858 3051
4806 9686 177961
7092 9917 374746
9757 7039 176026
6304 5500 32483
1364 4521 1144843
5186 2248 360949
9699 7154 172282
6304 3348 152966
4850 4458 459505
5310 3374 47021
1461 5277 69727
7671 1297 160179
2140 5181 8088
2299 8494 1066240
1782 9419 810498
3043 1722 366940
1750 752 155507
1654 1991 78266
9472 2547 37874
8763 9640 241232
5727 7080 80756
6942 3556 111227
1394 7384 648478
6712 5910 119992
3048 2615 229952
2218 5177 1676768
1502 8287 5479
5459 525 470532
2080 5147 37900
5132 5523 880104
636 3793 253514
1289 9856 65097
5564 5854 1170261
1946 6553 127292
243 978 26690
5558 9495 411723
7078 8025 698160
4513 3330 442414
8407 8009 1668160
5985 8270 886143
506 9357 1288
9999 2420 1941576
8819 3000 35848
9550 3189 353454
9365 7799 989849
3595 2078 22838
3538 4284 152781
580 3156 384835
8287 2684 1622653
6404 1250 98798
7584 4925 387216
7815 9342 2901505
551 3997 406640
9374 9250 47736
3217 8022 2009117
1134 3775 409358
3685 5514 648912
7543 70 695223
5474 2511 95813
1252 722 130087
5399 4586 331563
515 8873 407009
4213 3030 530070
7374 7871 1589388
8594 8048 770053
9574 2784 75592
2695 1123 1857816
3201 3799 516538
1353 9697 6024
5995 8004 60844
2177 8092 139130
4326 383 59897
6486 2964 845064
1349 2814 59729
9183 9076 996616
9080 5117 157000
9049 8038 574147
6575 9760 1825806
8910 5361 1251392
1574 1625 335911
5911 7221 1293112
4020 3760 273224
2732 8889 450903
4863 2314 329006
2399 9113 776057
2799 7613 875186
7754 5639 6030
396 5074 349408
1079 5963 1142665
8745 7416 160571
602 1702 246434
2701 8493 1233843
5031 6634 318145
9298 4867 1037017
3117 6680 152498
8888 462 767767
9393 1099 25995
6876 300 53890
668 4096 683746
7967 168 5400
6133 1901 180416
9669 9903 212011
6517 3342 49994
5342 3273 421028
4879 2010 196636
7115 906 233521
270 2685 422608
9428 5465 194911
111 8657 145180
1248 7544 42216
2020 8260 116979
5779 8929 1448270
6823 4227 35600
5577 6033 433769
1989 8587 401029
5948 6697 482608
8273 5148 1936706
6754 2425 2257515
9817 7305 15613
1949 1889 879533
9558 5552 137056
770 7328 694320
6789 2270 150709
3558 7003 118460
6427 1218 552355
2734 140 279752
2424 2206 595313
8001 1482 784785
1363 1344 363906
1300 5508 106034
3754 950 1510083
1539 8273 116905
5329 2014 63716
2287 4785 495689
815 207 204959
8381 1939 105671
6735 4631 26063
5627 5655 96819
7385 7649 334664
4598 1016 1864748
2605 9823 87624
3952 9276 137486
7249 1248 517759
8117 7851 267237
6480 6624 428350
3609 4033 563645
5824 9811 173881
8337 5602 512835
