194
1911 4788 314342
8911 8744 313280
7123 1656 230896
3028 6994 1007939
1559 7060 13651
1057 9630 613621
4030 8856 134305
7285 7861 91186
1041 3772 473045
9402 8288 319720
6444 3666 2747726
7722 1595 369542
8044 1779 1754926
4879 9896 407489
1417 450 999807
4289 8720 121839
8301 1283 657192
6473 2900 158695
46 5321 339763
3943 5038 2096270
8121 7338 935014
735 7241 511195
8508 8134 474716
1527 7783 553922
5763 277 42951
9178 2518 771228
8360 5072 294715
3532 5153 238748
3453 7355 1977532
9686 4606 261760
4812 336 730138
9143 5679 226694
3252 6672 30883
2937 6180 8829
9355 5278 177220
9450 6901 275625
1629 1448 184308
6277 7228 164618
4557 8830 213214
8427 6386 138938
3798 2334 220539
4128 6799 416758
2327 1354 991925
8112 2836 423137
90 9145 1584738
6807 4511 524083
8867 7739 131721
9841 9546 406267
9096 9459 221993
8244 9182 476346
8787 532 347505
5350 5894 40226
6573 5416 402767
7917 5595 206425
4635 3792 1035140
9399 9620 784198
6262 2747 985761
9900 644 189589
7500 5397 255761
7351 530 13061
748 2669 367774
846 6956 815003
5961 4172 1651231
1335 8872 88876
4529 2043 102155
6741 6420 1153716
1358 9369 971978
1043 9874 236363
3179 5721 6332
8589 3905 817533
4938 1167 293092
3919 2499 1004953
3833 2994 218993
575 8349 16770
7913 4475 1018456
3913 4495 582958
6241 1991 180477
6866 6232 720420
575 2892 117107
2176 2931 2555996
8805 6659 51740
3151 6775 145025
8657 740 1057142
7479 1116 475504
6742 3424 697110
2531 6553 477729
7196 2895 351209
8415 822 1722127
5216 2514 55354
5420 5018 631020
7983 87 71517
1498 3619 29613
5366 6476 484947
4433 2634 700229
9466 1508 1318867
1811 7324 279655
5358 1655 472413
1575 8015 576135
5938 6728 503151
6830 6938 1304491
1804 8594 1976216
9965 4589 531833
4319 4973 916204
9621 5960 89696
4300 8577 1602050
2126 6049 354276
3744 4244 7052
746 2670 1264610
5331 2588 127447
9414 3875 110658
5794 7313 83048
7474 6936 18161
3110 6095 225773
6485 1918 511979
388 8664 2172404
6663 279 7768
2926 5904 568017
8 2086 473671
6981 1629 194367
4579 6505 392730
8201 4661 583399
8881 5090 201643
7093 6004 339081
4862 5902 443425
2022 7023 880188
2443 1143 1143053
1106 2637 229254
3741 6832 73619
7443 1247 958377
5476 9606 363778
6161 8613 194453
4766 2664 638842
7665 5321 23493
5916 1624 3471
7987 3691 48470
4386 905 11124
9817 3988 270713
4357 4636 127976
3563 4628 385712
2773 1120 419787
4405 6898 717939
6282 5661 127104
2311 1375 497833
6661 7868 178199
9673 7117 566734
6462 201 263875
5575 8844 611098
8560 8807 899757
5476 1434 42663
9291 1034 81274
452 273 1585347
3803 5537 100826
7307 6463 263545
3876 4236 169562
4691 1980 531874
1829 5938 41705
8031 9523 63189
756 6753 125905
4975 8964 32418
2114 1200 191715
6018 637 420504
9221 1483 690017
1992 8834 4375026
3453 112 69241
3939 8498 191512
5116 9922 412894
59 8153 76860
4279 7551 303588
2862 9745 29507
697 4307 248737
5134 7843 150941
7625 4355 374727
6392 7271 356959
4254 7754 285030
3253 8126 86953
6553 9303 23977
2146 7436 115215
4412 1366 439105
7723 3351 993320
5089 8900 162269
7498 304 141687
448 6211 2816525
5665 4360 234489
3323 3125 401606
9710 9243 506245
443 8418 101370
6735 7329 190966
2989 667 75961
3036 560 2873149
3094 3223 314270
4026 4426 361414
1910 7628 99614
4327 6512 581253
6578 1630 74106
