194
6893 3379 459320
2291 7790 130598
1440 6594 525677
4341 6114 765331
8976 631 9258
1277 6004 604601
611 9547 249218
8250 7030 139444
1446 3753 984659
2068 8681 30658
1938 706 737579
6160 5581 1575427
8557 485 262331
5270 5830 28898
1363 6002 381662
940 5865 195774
8129 4617 785971
967 108 184313
2761 5353 204890
778 152 442545
9121 9357 453117
9868 5847 798353
3531 7590 122893
6451 1421 770416
2477 1955 103678
9371 4719 13170
3072 1516 10379
1577 7851 1616411
7498 760 196985
1387 5846 526736
5880 4201 1146225
5118 598 15645
7794 6243 605020
704 240 1028482
8754 1338 329371
8583 188 307382
948 3879 133667
6347 4320 445434
3695 606 1881162
7223 7437 259281
5001 6540 374331
4251 7213 372342
9884 5815 64388
5698 5955 828441
1453 9353 130912
113 9226 431234
8933 8999 861794
8640 2360 26872
9046 1615 880071
5639 4320 451301
8716 4049 488376
9857 1365 1222644
2206 3573 1945684
92 1881 761579
9498 5829 6089
1833 4457 818185
3351 6775 716527
3353 8049 946219
5588 3691 1296287
7158 4760 544544
8133 5324 16111
1315 711 103077
7312 4557 765608
6733 6601 579634
1367 7744 497380
2446 559 1229165
6126 6360 233143
3697 2109 686964
9448 5049 839415
6349 6082 8058
1051 428 685743
1202 2495 280618
2808 5629 221334
2503 2244 85249
9942 8857 399368
3025 3676 85670
7187 6444 524302
2476 5485 1542328
1926 3199 30759
5129 2001 1477334
7356 2799 61121
701 13 823393
8963 1957 476749
8823 1081 403431
8944 496 43156
7616 271 342675
7404 4694 428081
7852 2176 128206
8368 2831 193198
2585 8072 305321
7737 7433 832735
7848 6556 1322228
5862 722 132301
728 949 106050
4706 8708 468359
4885 3841 858911
7006 6005 432968
7425 4654 168021
6056 4502 306412
8946 4944 537624
4226 8918 482008
484 2 181021
878 1397 191317
7564 506 1204287
1834 7265 774468
5316 5416 281768
6119 3450 290720
6571 108 153402
712 8717 166170
284 3987 690360
2003 9342 641705
4504 3188 1540019
3123 1689 268422
460 8284 238057
6107 1133 229655
9339 2460 374276
2770 2998 733279
8918 4724 11602
694 6143 1607857
8936 489 1626325
3025 12 398274
6265 5182 746574
8319 8110 1042835
3652 2192 117439
2626 3351 111245
5225 913 359400
7199 118 607902
1972 7314 1195324
5004 5863 245487
6912 6669 6043
5488 4695 856436
5521 3765 156665
2298 7349 1162039
1374 7763 1266689
8160 1559 1621567
5309 7815 273185
3630 1006 1421245
3459 9776 165674
7307 8941 388515
3637 1862 640346
4312 6665 117250
8918 7784 563085
8089 4202 310834
4851 3130 820806
6518 3215 21616
1757 4652 1083635
3560 8435 470573
7490 7878 152018
5749 6815 179921
4494 8385 175786
2280 6402 900775
1871 7625 155350
3816 838 1472297
8470 9042 725666
4544 4529 418248
62 488 1005208
6379 9051 2265582
2570 9016 647301
9777 9869 827567
4132 4888 225005
8082 4837 786364
8264 1704 46868
7700 9317 171191
9101 536 117916
834 3432 316096
3339 1574 348918
4212 6266 68102
5808 6695 14963
1361 8702 20707
8849 8043 163456
4071 207 101063
8936 8185 572008
6631 9451 577351
9886 2895 220603
9772 6835 830744
3709 9084 239989
45 3246 454011
4292 7156 1612697
4376 9306 662931
9912 6869 147057
3 6782 54934
7259 6183 73236
6872 7699 1216981
7925 7759 74558
3130 0 241045
9506 1931 489989
8024 2415 335662
5738 7692 5985
308 7902 112875
2586 9031 277930
4161 3185 737149
9321 2420 367026
3344 6039 103242
2061 6252 136247
