246
6804 6922 112509
2541 6120 1466028
3749 9692 1059462
2750 6859 1222698
1764 5335 732931
358 2414 203027
7113 3100 517351
1393 8894 77413
7840 3628 12622
5055 6258 211727
4499 3553 19182
6582 5481 329122
1676 1185 527024
9082 1956 134750
1527 8906 217788
8211 6665 201715
4135 9773 238727
4144 5009 118005
3719 7312 502486
2737 7253 54115
2585 6612 446327
7528 1206 209442
8697 3145 540457
4493 6713 1346735
6373 8918 472541
108 2925 103771
3350 7725 212161
3224 362 191781
5063 1845 58869
5837 9619 290212
6562 3082 627771
4939 6390 841177
4030 3756 13235
4411 6592 110617
8770 9184 91101
5994 4261 170313
7178 8676 177147
7659 9958 74845
6786 4187 1340791
7130 3946 115811
9861 5816 178878
1762 9349 316636
7574 5610 590822
3732 746 21420
3086 5060 120873
6122 6061 996954
2116 7378 14695
3167 3353 34201
4851 6729 31019
4638 4223 101626
7341 1973 903477
2124 3417 243790
4882 6136 45537
4646 7963 119655
7018 3396 550789
784 820 494314
1227 989 284076
3515 9895 1907128
2860 8360 18554
1314 6840 895873
114 5327 634645
4019 7802 51565
46 2964 38098
9765 9517 239677
2591 2153 18388
1387 7015 101617
2907 7836 353005
5462 6705 329830
2742 3263 308735
6461 3416 98675
8295 5860 495804
7724 6286 99052
2453 3723 61421
2436 7172 420221
1348 351 205104
8174 8988 379078
2189 1261 516749
907 7536 97488
3588 3216 28063
4535 313 291649
5232 2014 42964
4832 4415 424660
9210 1553 1293183
286 4263 460918
3314 467 172225
8038 509 22757
257 8062 130354
5664 2430 359402
3960 6213 116231
3275 6478 890090
8941 5183 94745
1256 5192 388903
1334 1932 265394
218 4956 543009
1608 9310 130388
8351 4750 190461
2615 1074 183972
2848 450 119242
3178 401 245921
5402 9107 236992
7243 3851 423288
3512 7414 379494
5532 3850 234378
4133 7928 1025353
7577 5373 471507
9840 2183 91253
6161 7244 153623
3288 510 149555
5200 5323 290781
1553 3643 251842
8073 2673 27239
9939 4670 1352291
4115 9376 1873025
5197 8546 180078
2159 2102 20234
4329 507 446109
9568 2772 461289
4553 5735 1350023
8284 201 186389
6280 6896 150557
7342 4995 417228
5660 9596 279761
0 9074 63179
7746 7063 476229
8463 1158 281659
9321 7161 98032
3624 3040 84889
5476 358 42642
5031 9303 357185
2751 841 383712
7734 1279 1108023
760 2672 802168
6499 5331 187139
268 9494 152628
4730 7656 1480369
8137 8367 417089
6134 702 233124
3190 5099 423216
7875 152 99597
5465 7320 154364
3952 5536 118297
9082 7521 153446
868 6747 230715
5622 1499 70741
6028 5722 693472
305 6165 170964
7938 3942 1442615
909 3131 540904
8484 1600 184216
6515 9488 800078
5206 4827 73603
1295 2239 795587
1560 3556 254665
2288 9529 235936
3360 3321 108231
7512 1541 349844
5471 7969 590419
2462 2473 1112973
7305 4005 325881
2385 1963 633381
3775 4637 697460
3953 8992 349671
9619 1592 307855
3410 4894 118767
2443 8836 41094
9395 2784 512151
6468 78 652566
6165 4729 739245
9382 5204 337023
3887 7361 1898
9419 9886 184782
3167 7617 150519
4957 7554 95629
1167 653 873670
2072 660 281639
8258 4435 81846
9543 3483 2110
7984 8688 276319
1733 9833 110213
660 8837 208898
5904 617 1125960
5484 960 262952
7061 330 883687
9393 5373 1371095
514 7377 515384
2896 5194 793760
4891 7617 521911
4187 7121 2070
7281 5547 367907
5787 1704 436931
763 7352 102575
798 6717 66567
912 7973 654484
8093 7278 61460
1621 3017 627821
9994 8119 153978
2566 7491 706177
3556 7761 549568
4078 5552 284997
2881 2164 1104936
787 1776 976230
8597 7427 1794592
8135 1337 89848
9242 8099 1051142
3598 8344 222567
7609 4714 1483
362 2853 59506
9518 8710 403141
7008 4622 703756
2221 4264 681326
8018 675 71183
7894 9161 175345
5072 1188 509897
8180 6592 201784
3349 9968 438060
2345 8732 218701
8766 9577 259938
5598 6332 140012
248 2149 280938
3778 8957 824208
5887 1545 3735
2081 3052 221773
7446 8295 232587
8574 803 902784
6402 8821 414256
8603 5009 224376
8034 2826 349822
1378 8713 251365
3702 5669 1036084
7999 2670 80628
4100 3182 222108
9471 8166 485119
4435 3588 937350
3181 2951 798766
2934 2420 1106027
8928 5628 1393634
8204 4451 855056
2835 8875 899432
2042 5175 134080
5388 7066 1066898
6087 2549 598790
1554 6374 387519
6137 3141 254512
1594 3911 104430
3841 255 180268
5384 2702 846082
