76
7270 4503 400888
1680 4783 978029
1469 1421 3279673
7084 1511 669636
5570 8514 316073
2210 6649 31543
8478 2846 625756
5953 4316 2826811
8259 4880 1923331
7848 6853 1329387
5535 148 852545
5938 7842 713011
1801 1244 1021224
1333 791 3188828
7512 6608 1028157
6436 2995 381304
6547 896 50838
8968 3445 416753
3046 8201 502274
8042 8996 113174
3741 2804 1131572
3455 3236 4059204
2679 8025 464791
9007 4841 1161271
4406 4485 92311
2873 6362 3018696
4123 1008 259228
4026 5424 429030
4162 4445 2629501
7155 1225 137472
8687 5305 41201
1115 7639 372150
9166 7706 3380068
4825 388 931008
6658 1553 90401
4730 2903 504592
2321 1896 1599378
9696 4282 892092
9264 5808 509016
1265 1117 92770
7954 9177 826832
3597 3579 1572563
5805 2668 778732
9195 8373 202557
215 2743 1156883
8582 6588 5263577
1047 866 3177067
9407 2086 3215928
5350 2189 3864209
1521 7213 934142
8948 1202 2069837
7801 6659 349115
1839 1818 1218896
4454 4917 963170
7474 9960 732089
527 8409 161238
8748 7537 2480981
3776 9467 4317513
1597 8077 1518744
2219 8395 437853
7963 4133 703770
6718 1921 204296
697 1592 120218
3032 1817 4814646
4396 7805 4501059
4762 6383 105328
5484 9970 809345
2004 7915 212972
8862 2245 85592
2530 8795 1138125
7016 2332 2007127
1435 2152 990222
2525 4936 895510
5081 6841 3474974
8448 5978 13685
6804 5483 2236218
