76
2041 50 1044412
9721 2481 2610473
5487 2059 1086299
1895 8810 2040631
5256 5828 684211
4761 437 202925
9065 2712 1179120
4494 5602 1102302
8683 5446 590769
3976 4121 683316
5898 5407 11477
6112 7602 2112510
8899 3125 587307
8936 7914 3953403
790 494 248205
1501 2488 762024
1249 5087 85398
7146 6415 1477898
1662 8673 522689
5923 8933 447253
985 7292 1703443
1018 8879 226266
7036 3763 282341
6649 1387 1134104
3532 4046 377102
8190 6683 661070
559 8814 1243902
7293 6148 2730266
3270 6038 3699508
1445 1131 661260
9728 2192 13222550
9341 3103 133081
5759 9720 551750
2669 7270 468565
1132 1646 1810892
9796 3569 106154
522 1025 42793
2938 9841 1003127
4702 6610 956975
4707 1059 1161366
5566 1936 164011
970 6946 357832
916 6028 170098
9913 8422 550574
5539 6712 605990
3938 5543 1123200
6139 2778 494218
4135 9021 564380
9653 2067 968808
4004 1860 713241
8547 3120 3725058
4176 8173 1416161
7691 1445 452872
5822 6158 2646099
3140 789 2066617
2714 9992 2712930
4756 8399 229995
7830 4791 1453776
8183 1756 804780
4889 4851 196314
8108 8613 850716
1374 6853 1534564
8366 2461 1073043
3628 7899 2091551
5271 7662 1484670
8704 4313 3177293
3322 2182 1540
7342 9304 3154001
7218 8107 384162
262 1824 984217
8819 2494 2946753
6018 3578 463769
1685 4653 1605076
2696 1928 1923791
6175 5969 325805
7416 1709 2972958
