134
4995 9288 2772095
5784 6399 681769
2058 7410 1671118
4362 5442 465341
7461 7339 2454046
17 4842 66863
3648 2661 507864
9772 3889 118343
9089 4931 1003261
6148 9771 142040
7889 8675 1645569
4855 7113 548448
9583 913 2577310
6419 7244 1317646
6340 7628 114096
631 1029 92361
5690 3134 190648
318 9107 2280811
4953 3950 1584591
4905 4615 251512
396 9359 479254
1570 7927 2251433
9533 9546 365296
1361 1510 129287
1042 9999 181412
3020 3134 189415
9486 1526 637740
2568 1894 26470
549 8504 453508
8765 585 74543
5056 8193 1621309
2129 2021 17269
1161 7860 687762
6210 6363 1104148
9906 7779 1215228
6908 7484 434853
6276 8023 44371
5283 7633 643580
8439 6190 9352
909 4896 331914
9580 173 292088
5245 8552 99763
5373 7915 2069128
479 5381 416893
3373 3436 725519
7844 2288 891682
9789 5791 1126428
955 7564 433123
1766 9257 517588
3591 2240 183258
9870 9026 442916
6444 1267 388227
8373 4474 753530
374 3493 102421
4163 4114 1103610
8772 2936 2276438
1535 857 3076731
6658 8699 315647
4864 1146 1581513
6429 6639 535275
5607 8942 583945
8996 7725 191288
9349 9819 2667218
7984 5353 329188
1255 2968 446740
4966 4092 969852
5459 5408 209669
1066 7405 242177
6947 283 572354
682 5562 1230073
4080 7978 1932119
6728 14 454121
472 6910 1239118
2242 8196 516692
3678 3766 63440
2052 5484 1110411
7568 9363 1101775
6905 4996 204314
2708 7476 265690
5986 3233 607314
3702 5700 1369780
8747 6554 764116
3292 6021 202156
5756 3405 2170739
9543 8176 276625
1761 7943 2384639
4327 8354 1585735
3520 7051 1831805
50 484 244233
2945 1058 85607
5595 1128 39475
3986 1006 79937
7523 432 66756
2645 8829 450837
2578 6119 645887
2987 440 527312
1230 4501 410375
8923 2243 245546
3879 5042 913554
4867 3302 902667
48 2744 22335
4149 3218 1744894
1455 9946 393667
2654 9963 639564
5241 6528 4767
5671 9759 84971
2979 9024 32155
7553 8555 168429
3928 4596 681950
6085 592 27541
4732 4426 758347
5195 612 1063066
6106 20 189719
423 5538 2488490
2185 2783 82891
4997 9452 1145602
3882 7653 440376
3205 4256 1784071
9115 6196 19955
1408 5723 644607
9373 4658 232146
534 1001 42563
3164 8771 51098
6306 542 119345
3348 1040 2584620
4725 5271 3710252
2832 9336 106632
4679 3177 66580
9062 3483 270997
5623 9483 52850
5480 7746 241505
9894 1942 838592
2174 9142 27533
6776 2460 386957
