95
8746 5911 2547360
4445 1286 218023
1268 3831 128106
1067 6332 68145
7508 9712 1185017
4373 1260 655703
3643 2859 958244
3972 1145 1460477
6586 4695 598448
4911 9860 234522
6327 7044 383679
5599 7486 141833
4870 6075 410745
5957 9597 3761848
3103 623 1110022
8963 2588 32736
8058 6980 418678
3650 7155 2288434
2108 9776 471625
5851 8430 2346374
2985 1448 183980
8499 8060 377175
4758 4434 1892906
7503 9639 1820645
9762 1715 108723
4364 4571 998115
62 2412 1244224
2567 2347 3233528
891 6366 7847
3085 8226 2485188
8823 9382 48305
9341 5738 2899917
8611 2111 91051
1475 6543 220811
1871 8076 196693
516 9556 1401805
2114 6828 260767
4214 2046 586742
7546 7262 2525934
9560 7927 462079
5201 4232 458411
1063 3548 623642
1632 1162 238611
2079 5642 1162509
7125 903 188095
9992 4491 456046
6888 7445 3299837
5068 5058 277614
7412 8337 278993
1738 8565 973290
9437 8267 1592011
4358 6622 1100013
3417 247 1528769
9391 727 506744
4342 7581 704841
6142 6174 3628225
5897 7098 142812
2225 9234 309414
6345 4213 5675969
3840 8020 1370595
6867 3668 2195447
1363 7526 712444
6240 1444 429594
7687 6334 20814
7823 5590 1032001
3420 6938 935537
8956 4020 1573787
6246 3291 1110391
2421 4880 2263651
5314 8788 136957
5344 5214 1269625
6681 7203 1863860
9052 3578 425772
132 5782 562755
4780 5709 1217755
8951 5500 2296322
6826 8661 218335
6557 6004 704024
6526 9646 666822
9570 7125 1119987
458 3787 713406
7252 3603 47812
3176 7263 716418
7936 4519 731694
9001 2052 214192
356 1652 745734
4963 9614 265204
6618 2251 303335
6340 4315 2937832
6562 7466 1631049
9856 9302 27190
362 3655 3275710
5794 3051 586409
7767 6601 131889
1602 525 1933351
