57
8064 9682 1308317
1974 3152 6418708
7833 6733 392831
1854 1139 391866
7859 7538 2230218
1502 7476 904992
5565 5505 2799342
7374 787 2489305
7264 8447 4005633
2948 2507 1528813
7114 1003 951739
2099 3450 2337592
5703 6443 1753277
9679 9216 2687465
3335 3145 5365079
7064 4614 2956195
6231 5622 992255
9983 4773 4109556
4523 3685 1812157
1626 6183 3678941
6649 974 838431
886 7907 2782894
2936 7078 2861851
9256 7936 1157051
4718 5445 1999755
7766 9593 60345
2253 4146 519199
8100 6092 9555
7179 7136 137858
3925 4611 169058
50 2880 3330771
379 2835 162539
2037 3591 2118268
521 8349 1038881
8237 8483 643450
6363 855 791905
7747 8897 454615
2862 1522 3142726
4463 7571 1136402
6552 8466 411332
1322 5760 2033194
9882 748 1734671
9299 3464 2616788
6643 3299 164049
29 2753 4764627
364 6286 101561
3198 7436 4580119
6710 4303 559552
6948 3113 667382
4389 1542 1100850
5160 6948 316151
2204 495 578017
9680 2642 2023221
7935 6844 2396107
7153 122 522988
1378 4098 2665742
734 1227 293814
