57
5946 3682 2431088
9042 4277 4519212
1156 2132 28208
4086 6074 2620518
6781 7007 581247
3839 7807 685298
4858 4036 1164951
3519 4974 2533503
9365 3744 1116364
5252 1384 42771
277 6018 116891
1261 2068 492929
8558 1852 3247978
6831 6927 1265557
7703 4911 6712928
6193 7997 2554033
3784 2792 325739
8521 868 1948967
5490 4142 2711604
2848 8212 646641
7169 1066 3164869
7572 4662 393999
9069 8791 361826
6528 1932 2447319
1627 9523 1273200
3437 1870 1647908
962 2303 1012303
6745 7102 2498251
5506 1482 2087059
7555 7445 1918175
6929 5503 1465414
4797 3762 211180
8639 4092 1232430
4056 5024 957134
8301 7349 2875823
5739 6645 4708876
7916 3363 1752737
6214 7543 565626
8623 6738 1536543
1486 2063 36685
9317 175 1076887
8510 7558 339671
2872 740 304252
8267 8921 467018
5752 6116 137253
9714 9033 772286
5104 8049 3173119
911 6479 750865
6960 6983 8743424
6342 3688 1794126
8477 9375 1146201
4360 5094 1535532
4139 6949 1451517
3175 3992 3327482
1285 9305 2896957
5237 944 3920162
9859 2703 269464
