57
5328 8811 2065259
8265 8160 141640
9386 2747 2229796
3330 7421 156412
4129 7234 2862676
4297 1056 976429
8772 9873 1220920
609 3216 983560
7605 8957 2971483
924 8869 559502
7006 228 7061219
1483 1087 2867516
798 9106 104055
7244 2329 3984223
1817 4307 756115
4659 4819 146955
2388 45 5389844
3635 3171 2123164
6009 7700 990960
9251 2103 1350745
5515 3389 2743364
9487 9931 597498
9673 188 365566
1430 6374 5394519
1750 5366 7164176
4144 3863 1170093
6401 8793 2336045
8247 1143 764421
2977 1683 739603
1903 5991 447389
2542 8438 1915840
3885 4403 1055316
4225 7674 758001
9885 396 716507
9699 4331 497238
5991 2124 516658
661 3840 427169
7083 1454 1819975
1474 3986 8769
6219 8976 5614335
7378 9921 4353271
4738 8759 967724
5883 1989 2726152
4485 2483 2176653
3907 4001 2579654
6442 4881 314222
6463 6269 1837431
7700 2463 462842
407 9917 1040571
3907 5382 1626831
9669 2227 77258
5586 1882 753683
1591 6839 452685
314 2171 159499
8756 8555 2166103
3126 4739 3820567
5692 8810 489899
