57
6931 6897 91528
4406 3933 1406253
8282 4609 1311697
1198 4117 3235296
2846 640 85203
6365 2927 687325
6021 526 1993157
3212 9683 1195258
7794 584 322832
302 2587 1327550
4708 1973 235594
2637 5353 2102229
8526 947 2298265
3793 6328 286477
6741 8280 1909418
312 3634 12728
7381 7282 503778
1063 3751 2636671
1526 1496 1720107
4894 3569 561464
4820 6125 2497817
507 1088 555505
7590 5239 907729
909 5777 8568899
2348 6874 398744
6576 390 1520820
3525 5360 735941
4308 6847 654715
7511 2147 1940463
5924 7019 1012734
3463 6079 1359015
2939 4635 3753983
844 3037 8655949
4176 8840 632078
8896 9188 318276
7696 1966 5089566
5254 5253 2149535
6156 4299 544369
8089 5666 4683856
403 8994 1972865
3781 8190 2106340
2744 6885 145130
7793 3078 1005688
461 7083 575280
8068 8760 190458
4019 7311 1649123
3815 7077 644047
4433 9407 1537264
9689 9308 2675529
5122 9689 683416
4085 5906 4118720
7301 6396 2527712
5689 9951 1139218
5857 4292 1357084
704 5208 1357190
242 6997 5476777
8625 5634 935335
