57
9222 9715 23468
5997 111 136514
6780 7527 1024753
1803 7170 1155108
4578 4050 280266
7748 9716 1360479
4284 4040 1025958
2023 9304 974824
112 9721 2760847
817 8846 2414824
1265 6474 1835831
8804 1268 2376543
1411 4984 1107959
3968 3391 3054256
7860 7295 5618953
9208 3018 2451342
3487 8903 419771
6864 6388 74645
2525 8440 297924
5995 9508 1429024
2171 5545 1878081
4294 5641 8349479
2732 909 2343843
196 9370 2887561
8324 2161 1426062
4289 2273 222280
4916 1093 1450892
9676 6485 2472254
8370 3465 878510
6008 7241 4533068
4942 5328 186415
6159 1318 2274041
4092 5980 2545932
5106 1630 2747778
2308 4313 2809480
5666 5899 442175
1422 6803 1955548
1041 3305 1881563
7529 2962 222004
3093 96 964141
5191 9837 1451331
2634 687 4263960
6247 9821 240532
2049 7710 2201285
9352 9909 326471
8623 5448 408831
4408 6590 1981849
3630 9253 1130768
8955 2124 784171
2691 951 227421
5521 6896 477602
762 2151 3389991
2087 7706 3094865
3851 5903 1851154
3623 7998 2367438
7308 2181 2973810
176 7242 534125
