141
8841 5902 672185
4261 2518 270043
7801 3111 4847
6350 7619 165004
3697 9160 149317
2459 9563 704460
490 6981 3389811
7850 1672 338788
9414 9976 54407
8540 7358 181700
7572 3428 1137091
5430 891 342771
7474 6169 188953
360 9521 156850
4920 8249 824405
2552 9111 111440
3655 8356 31970
3048 8804 941977
2734 4477 151073
2944 3900 234777
1717 9739 39509
9943 3712 326061
5975 4943 1418120
493 1487 105582
4336 7639 82978
9777 6312 1487156
7951 2217 782722
6644 6404 956352
1717 7054 1144507
5962 9995 193755
9939 8821 159591
4693 488 512164
3596 5131 777425
2707 2893 222648
3973 1662 295645
6294 239 625344
4693 5762 93526
8753 3354 151200
5045 6069 92643
8648 4155 990474
3420 7967 874439
822 3139 67894
7349 936 207409
8802 4002 956446
9368 6767 586128
126 2144 30632
7488 4930 84747
6399 2794 1627025
3142 4618 2561690
1696 6713 709121
7239 5233 1839245
5377 7875 189209
5864 1362 27683
5003 962 257490
3901 8286 815744
8409 6493 523762
557 8030 923868
8506 3733 2395854
6873 166 85386
7980 9730 322699
1587 349 544974
2018 5357 46755
7849 9072 275178
1579 2861 198118
9400 6387 192611
3629 1277 368034
4673 1033 1680435
5497 7678 910636
4651 113 1499798
1008 1965 492287
7137 9929 79322
9966 8670 24067
8618 677 1794200
5911 7815 1389203
9910 2238 659869
1905 8177 432552
2716 4208 953818
9559 8414 461480
5482 6917 187506
178 70 968260
7679 3788 2361917
3281 3788 857961
8587 7414 1588705
6162 623 222620
5383 6974 838180
1579 9575 83156
6665 3275 292389
82 6438 43775
4665 1902 1887487
7888 6454 1477735
2101 5103 1257361
3593 5659 401645
772 1228 651578
7048 8886 447151
754 4916 29892
2547 663 321607
8108 8886 310288
3798 3255 2457397
4511 9237 563454
4613 7686 851883
9031 6438 785925
8396 3341 179563
3826 2813 2328472
4793 5593 591561
3812 7730 248013
1120 6288 983764
2349 3841 296881
3446 2211 999133
2572 4347 253019
4129 3594 351409
7658 8875 2949052
4691 6575 643457
113 7179 1221858
1962 2474 719985
6377 4077 384408
2987 4432 1155041
3720 4053 1901844
2454 9235 120516
4843 4776 1398650
2780 2894 808160
7613 5425 288845
1227 6236 465251
5054 2098 205196
2305 5568 1560397
5829 6195 1563458
1836 6888 2475137
9039 5179 202084
8443 2565 1631718
5328 9219 424130
8419 7129 525677
3206 9256 1774464
6622 3628 587336
8946 3871 632042
6045 9922 1188642
106 8097 241492
200 3135 210787
7064 2991 1547016
5899 5758 261
520 5243 24847
9868 411 385983
309 9776 43500
