146
2078 2638 1053642
7549 2713 183578
7839 2257 401435
4268 2039 491115
2720 7926 129448
5519 5456 134858
3939 5109 575534
4056 6931 193069
6171 9348 1986885
4486 1171 1078301
3621 3236 108152
4260 7483 857670
1932 3729 646810
8795 7276 1456547
8628 2831 782505
846 1869 779002
3343 9339 1275801
2733 8256 106195
8984 3291 422224
6637 1989 485468
3234 9134 17512
3975 4112 111408
7112 2859 732852
3225 9550 162597
7297 4619 276213
177 3670 262210
5621 118 12781
5006 7247 1540461
75 1925 450524
2755 967 566585
4394 2598 651386
6782 6799 2134214
7192 5154 174451
1354 7553 321906
7191 8780 70574
2924 7692 338322
2873 8370 69901
2805 1838 47708
705 8069 438104
3280 428 373166
7583 4771 1753244
6110 8808 2245313
8735 8123 1138184
5587 8227 3091637
7116 4215 1502492
8491 8576 665235
8275 7201 421617
6162 1828 153982
9937 2666 577728
8857 8665 233839
1468 8154 249453
5585 5179 1888113
5918 1178 1504271
6481 2054 13968
4297 7305 42658
1792 5460 759353
7407 9454 329040
2863 6782 554698
5524 6119 133840
6227 794 106532
9948 8672 482468
9294 1077 2734372
6339 8511 1595260
9223 3432 95504
360 2466 556250
6005 3009 26939
4396 9605 320130
8642 6429 2458770
924 4469 266948
915 1290 25011
4458 4636 339970
9158 4339 402498
2661 9174 152282
6410 509 184904
7034 770 2764257
67 781 6916
1328 8802 53523
4660 7241 570609
1302 1362 369641
126 1214 983739
6265 5337 262829
1250 3059 275606
6659 5635 1106592
8419 6635 10288
2105 122 398799
8099 6414 792002
257 4074 475047
914 8534 763517
2615 8417 126090
6807 6674 1162873
3044 6591 503439
9954 5135 738684
4763 412 394677
7446 7854 3439073
7362 4276 152169
3579 4302 253218
2012 8454 1370030
4665 6226 277613
3570 9587 468529
633 5392 514352
1448 3669 1875333
4857 1227 1516461
8434 4137 51089
4631 1606 52051
3339 9913 631032
8764 3825 372256
7803 7170 943205
5571 8473 573791
3478 4996 549408
3466 3619 295254
6394 2607 597213
2729 7386 2555513
4257 5116 1732839
7572 114 384896
8780 3324 1161264
8679 1900 1580758
6251 2713 267370
3610 7536 168793
183 1060 350363
5615 2894 24599
2749 451 20230
2816 9560 1347202
239 9680 967694
8101 8519 1196868
7355 8667 161671
7725 7621 230649
6708 3089 873947
9068 7719 1286286
9817 952 1555561
579 7893 728005
7379 5447 573361
3013 1752 1140119
8328 5968 113680
9646 3199 286826
700 3939 26552
3175 5368 280571
4071 4595 1030947
9006 476 182299
9258 8099 1225562
5993 2329 291425
2513 9168 809376
6220 3547 1176719
2472 2798 626893
4973 9480 490632
9547 1879 24135
9029 7763 527573
