72
386 8066 6091404
9483 3687 133030
7923 8309 1567519
5725 2961 1703034
5347 5995 876889
8611 7479 856701
6873 1720 971977
8356 1718 1108096
7091 5838 273993
502 4767 523486
9938 4224 1652121
6475 5480 576105
9988 9268 244265
2248 3624 1611164
6512 6459 3244701
2531 2202 772204
6003 8750 1988819
4948 4072 143801
9145 5030 2209099
5566 7008 194595
9568 2413 1297664
5093 6437 564486
6414 4828 333895
1585 9090 687869
5284 1191 1581498
4056 1255 294559
183 9520 1100741
3298 5123 2097629
1589 3061 1933155
2834 7354 1061719
1897 3466 2143119
2350 1911 4498663
7945 1392 748619
3326 8985 209968
1315 3552 718950
1023 9065 139351
3057 8324 545738
8319 7012 220742
193 6693 14386
4521 7362 300214
6228 5754 2842881
2209 4804 321334
7039 5192 3873017
159 9889 1670190
6788 6617 269729
8498 16 1480767
8631 6344 947765
2378 4413 1465225
5894 9556 3172358
2911 3737 2532622
7766 8603 743840
9797 205 6202922
8122 2834 1145972
1289 4881 1101652
8553 8193 396027
4221 906 1956821
3195 2131 378025
9310 2173 3093408
4960 4342 5548843
2476 7775 2142122
9478 4180 84313
193 8964 558064
1771 8945 2627380
7113 2468 512462
2783 3963 277676
5017 9754 687403
607 2248 1193333
1355 7976 1346054
7469 764 1526396
9122 7576 981414
4969 9456 1122793
76 8562 561224
