72
9485 353 1001887
4153 2800 233834
8328 5032 6039014
3758 7348 1632967
7011 6451 1058729
9326 9275 1096051
5929 8466 839904
2769 6079 919423
7856 3915 785338
2975 3741 1611729
2586 5164 840335
5541 1978 6838035
4638 571 1519701
5848 3988 154877
8501 1669 868847
5576 5585 299233
8032 3341 206605
3421 9656 304316
1578 124 1010084
6974 7617 510892
5662 744 377380
6662 1259 1965315
6376 1841 2167573
4081 2931 1045585
2970 8962 1439151
5444 1475 1648921
7470 1331 904731
5539 6679 459917
4913 1279 704038
8860 6271 1881718
6747 1446 264621
562 2267 1162974
8671 5525 542993
4439 4147 3636372
1088 1142 81574
6931 9714 2591256
7339 6032 88518
6105 9095 1961762
8564 861 768054
607 9642 72875
2768 7377 145794
9095 2110 1650923
2094 8232 97126
5609 3172 2252140
9851 2502 52242
3847 9114 1320780
8050 4449 632410
1144 499 1439165
4348 9702 24785
6945 8659 836277
3278 9700 1942384
368 8662 2729500
5898 7454 524426
7371 701 415886
3662 7152 2109276
692 9389 30729
3226 9074 1755696
4750 4583 1684186
8733 4740 3143980
2672 3640 923956
5720 752 228888
5491 3319 1675828
6286 4592 3089927
6308 4854 2646417
1369 66 2509543
4739 770 5118178
5792 6650 5295896
4052 2692 1939295
5785 622 660133
1985 3997 6272
3452 5772 1012552
6638 9741 568281
