72
6240 3413 208624
7841 4087 688427
5600 9478 1253983
4290 2088 1256336
4288 127 1579381
5531 8285 1202788
5578 5964 2489706
5204 670 306659
3772 654 169669
702 7060 805611
4195 6088 3477274
9624 5396 3705836
6494 7897 608418
3493 6316 320566
9539 4131 2259139
1842 2455 604844
4929 5233 760780
7761 3303 1006485
3625 1721 1036286
8677 3160 2042888
4366 7404 974420
6880 4060 272192
6233 3150 153735
8215 9532 3130411
4348 2098 1071688
8071 212 4079986
9610 6565 1678603
9847 9024 532462
2057 9741 995900
7081 1954 2112704
7363 4028 554635
3505 9926 2395934
2238 681 573509
1991 886 7753156
268 3128 321974
602 1331 156303
3843 8223 1163344
5397 1662 3009308
1371 6013 1689824
6583 9801 52915
6972 3869 5081063
4133 246 471814
6832 5337 319538
3322 4346 1044015
3415 4785 763424
6798 536 111983
2304 3044 2033198
1597 1922 408171
5976 2993 568315
7178 4445 1146899
9583 392 909695
5196 6413 1218081
2706 979 553916
9644 707 1829544
1047 3060 2754910
1708 5888 1877365
1544 7257 2759060
2527 5867 643665
8921 7263 175101
771 8250 147181
2203 2844 2549754
3189 2589 404383
1417 2029 116961
6035 2815 932478
621 7727 488936
5937 8879 136539
7049 4079 2794932
3828 8017 951686
8118 6117 2758143
7862 2560 2877626
2147 6359 2650385
1181 8096 64536
