106
8963 2338 1400984
9495 4016 1852916
9441 3965 742669
9432 1993 536372
229 9323 1599093
4330 2884 74040
9019 179 445704
4463 4851 3003578
6621 8945 751241
74 7362 558439
2972 2111 592759
3903 6350 62808
9300 7199 2799647
6608 2441 827027
9834 6243 752349
738 1689 519371
2086 9852 287908
3084 5866 1719123
2409 8551 1327692
943 5339 60133
5349 300 233796
1577 5951 801318
5720 5351 899255
6400 7635 520650
2700 1181 285870
254 8445 1354437
84 5098 1831160
7195 4712 18322
5618 6914 12986
662 8643 2532466
5981 8287 2148114
617 7031 687806
9727 420 374253
393 3173 654012
4778 6806 3700019
962 9307 1006976
4769 237 239249
781 5365 23530
8634 4768 754425
1378 6020 323171
6188 8126 1040446
444 7056 1766471
5964 1304 153870
126 6993 153802
5495 711 126420
4119 7346 673494
6244 5628 2382844
8368 7814 68821
4133 637 1939972
4983 9483 989386
4773 800 922722
8822 3554 418483
520 1486 1420714
7413 1440 572596
3334 6170 1974344
8809 2756 394846
8091 7702 908423
9003 947 1033599
1428 5515 2268153
9516 33 161968
1901 2500 540398
965 8390 46821
7730 9731 253232
3685 9537 771699
4673 6853 57632
2666 6091 207370
9226 6306 1405857
3402 6952 434340
9310 2192 446108
776 4255 332800
6376 7579 560695
1832 3022 46954
54 5020 1458310
4430 5690 11944
7442 7275 1316605
161 2543 741500
737 810 448098
8677 3177 1254186
1167 876 840646
1728 1260 1288
5640 2377 1390510
1852 7408 1023747
3656 4915 699989
4554 5856 178327
1887 4134 678179
4608 3855 220561
6956 1516 2892696
3999 4351 128154
6789 7326 349389
8367 8228 7152919
6815 5068 286994
7648 1533 356054
2092 2072 2416921
1017 7740 468526
5826 1962 1825770
7777 7983 155800
6329 1116 240459
5379 4430 399323
6425 6405 1422886
9832 7944 759099
8043 4458 66613
1914 2989 1118172
2349 729 910905
6925 7383 1205942
2694 1301 2830878
4930 6503 1957662
