106
3831 4297 705
6101 3362 88195
211 5560 431906
5267 1181 2030810
8452 1962 299222
1503 410 1118629
2050 7312 608549
3929 9511 616381
7413 9874 372924
2393 1233 1707740
6253 933 605821
7056 934 718098
9205 5129 296808
1586 6702 1557111
7089 8934 1949396
6226 5704 596687
7926 5293 258521
6055 3491 1298175
1102 5047 379270
4295 6933 149558
1535 953 1936684
6751 280 230882
4126 2192 29839
6358 8949 977408
9590 38 507126
1564 3936 464574
3053 4857 885456
7996 3105 198867
1946 201 1248661
7621 1496 4173
9594 1656 400573
7540 3101 2862423
6336 560 16880
8057 5261 554875
7889 3288 534467
5631 9599 2439252
6977 7153 1079420
9223 5821 1320096
9747 8721 477717
5832 8194 1251465
1762 2364 3130379
3712 6005 528385
5493 8437 469849
6735 2547 632913
3094 1937 38953
856 549 387725
518 7483 1082009
3507 3775 116999
7393 4223 316633
4288 6475 1035410
2583 3309 2303278
4125 4646 1390218
6006 7268 793643
1897 8601 269965
3510 9432 2496079
3646 260 2778317
3159 2750 1308263
9713 9484 386554
479 3183 197960
2065 6932 146070
9179 305 230788
2258 4427 3510217
9525 6572 78617
5973 7287 672450
5441 1327 424408
9797 6856 489343
7544 6447 285700
8221 3864 2304987
2214 1382 564033
8004 1807 119427
7864 3572 1253276
1839 2370 453894
9835 165 1054615
3189 1287 113626
9980 8639 2590872
7743 8867 581030
2032 3212 244379
6912 1107 108787
6855 7242 102837
4704 500 490238
1114 8187 361745
9004 9967 31327
2353 8463 1809115
1701 6844 756244
1829 4105 1526664
4533 8171 784157
9608 5124 500916
7747 2798 692706
5629 1074 1368780
2394 7691 2022448
3074 1624 2549773
2733 4497 2712970
2382 9670 509450
4454 9881 1692405
7604 496 54315
8791 2602 326283
6066 5472 918064
7206 1723 402142
3695 5901 808290
8708 1595 1675752
3206 3837 3490741
8428 6863 197561
8400 7541 3380978
8743 6644 1565297
2924 2935 1182932
7532 9051 690475
