106
412 9959 1312285
2573 3568 4169903
8834 9299 86853
3325 1884 742150
7214 8042 1730587
3974 5947 2605369
1644 7149 38467
9078 5787 908949
2223 9798 323766
1224 414 3206008
8013 121 45841
133 7144 1986309
5487 6672 132870
8034 3756 429114
3453 1484 115543
6128 1009 969757
3236 930 2295026
2212 5097 714270
2233 6330 504262
6529 8310 442071
8761 3540 249576
1644 1971 399544
632 5387 33470
4128 3780 1239684
902 1116 326070
7501 2634 506560
3932 6709 271130
9291 8417 438622
9829 5690 113351
1562 6292 2269938
6640 6111 346700
7195 154 804500
5362 3849 80761
1711 7318 2037196
395 4555 347493
7266 1332 421467
8368 2867 2116256
557 6969 868374
2938 4985 3060866
9509 1858 791689
4341 4148 114157
6907 3020 1527955
7013 7351 3362826
9693 5930 1245525
4612 7660 878903
9788 2478 227594
1717 2920 421642
4705 186 3129609
3473 2319 477131
8899 2904 832698
2164 5064 283210
6586 150 175162
4587 6798 1043652
2879 6840 352619
9857 4518 634331
4356 4528 983536
4916 1927 122221
4874 9976 2722745
6644 5442 1240358
6594 3270 189165
4718 6360 167625
9544 5553 100379
5464 2956 955988
2766 4422 48024
8429 8566 4810
7812 8014 1642825
633 2889 2617106
1299 116 369719
5173 1699 234037
9140 5571 937985
6598 9443 514228
8105 1400 906761
5289 607 226108
7234 6653 3116183
8909 4429 1688416
2584 5661 436819
6259 5713 822476
4017 2307 1109352
4062 2339 4336993
1605 468 643215
7966 8633 964614
6142 3609 546187
7817 5840 69032
3526 3881 999144
9505 7195 706998
4569 4877 628412
5301 2239 553396
3107 862 345433
2607 6468 1371689
4147 5454 1541262
7202 3956 1049515
2317 9566 127352
9333 7983 824181
9691 382 301159
6878 5260 133908
2351 5206 2254537
584 3861 199183
6853 8388 1401825
1590 5953 2508462
793 762 866944
1124 6891 444092
5104 7657 500130
3880 3148 219878
2770 1966 197538
570 9765 578489
2142 7064 339905
