106
8444 9495 57007
3291 2966 229646
4462 270 602454
7037 5063 1228764
1230 2535 443446
6921 7938 815275
5879 9258 252197
4608 5450 732289
2297 8571 2350508
3659 858 855998
9518 4491 865754
7093 452 68502
169 8237 758414
2260 1947 658159
6696 2827 141107
8870 9304 388933
3107 2069 410392
6542 9603 68599
1934 1495 1357122
4444 3990 2696978
4988 979 141974
2190 3507 1256960
8088 962 1749465
5628 6277 731269
8029 3612 1584236
8428 9493 122266
7361 4489 240379
9948 9433 13291
1796 6491 204415
6292 14 317278
2168 4801 1261527
8869 6799 1227346
5075 3378 318597
9323 6141 483956
1773 5171 3925391
1442 6937 328529
3116 6280 928202
4756 7768 1080324
290 9862 891867
7613 6118 707018
7414 1215 1018782
6238 6590 379011
5594 9332 80623
5473 5532 595302
1075 1349 2676942
9813 6940 1669044
8161 1069 2484423
5689 176 1417746
9644 453 975214
8160 605 1030349
8440 3359 125965
1780 9966 695776
6387 6888 1341394
2792 7580 416671
5298 7454 109658
7087 7759 622925
5033 3796 127757
2428 7012 54587
3413 3244 1299835
407 9385 1421667
4417 4132 1093293
4630 4733 925846
343 7801 407920
2910 2771 1905174
763 8086 51035
4006 1884 666899
1646 3255 593077
3330 7662 64645
9251 2921 4320183
2741 9172 2664669
1151 8262 635499
1521 1488 4021618
3397 8823 475477
2221 4743 1431147
3349 6147 2717129
3037 8723 69172
9949 1831 1304207
6819 381 13774
9037 9689 419325
5226 3440 403872
9573 281 602005
520 8981 1328163
9587 1554 113804
6917 3408 784807
9056 272 69494
1204 5512 589127
4417 9264 1084764
2967 2227 2950450
8157 9620 937593
492 476 953084
4940 6319 1145813
467 7344 78544
7851 3781 453178
7243 945 856248
8573 7656 211221
8661 9115 2472277
5582 7447 29736
778 5651 34305
9148 3645 520252
4724 9567 4032302
362 3352 2556571
9380 5375 754499
3262 9564 95243
6573 715 182943
881 5116 1598255
1479 4734 341856
