106
3716 1460 614630
2542 8630 1980736
7285 1216 1659324
9565 4461 598153
9705 2706 1666949
903 2297 664996
4076 9613 963581
9703 2333 1986028
9023 4121 862813
3388 8936 1293324
9922 7742 1253040
8836 6381 1090219
9479 6231 28838
2174 9353 511172
8343 3246 1189556
9790 2478 2109775
3011 4851 298661
4630 8627 1899965
8105 379 850083
7202 4108 2174813
1578 8946 202385
2681 8086 2408078
3818 7742 774570
6744 1294 1077382
3520 6249 141939
8342 5792 25268
1862 2549 2731902
8574 6932 728579
9507 3463 1226714
2251 6349 342733
9393 8 324840
5692 5228 1507178
9195 3455 20810
7519 6690 234838
5546 6759 387885
6731 3776 3073428
7149 7293 267535
648 4498 271988
7388 2609 623048
2061 4858 344371
944 8576 492820
3558 8079 3330614
8216 1541 782381
9488 8100 717862
2906 8096 234305
2432 9809 259104
73 9055 692423
5979 5064 239947
8277 1533 1083560
783 1088 1559925
705 5336 2003150
7541 1473 238487
5031 8256 538589
110 5647 1719951
2871 8776 1158174
6244 7961 1337217
3300 9778 301480
1287 419 637888
337 3674 21848
1486 1493 1658279
1122 5140 717442
5361 7123 1113021
5493 9 10422
656 9876 1450385
4889 3296 1760666
3691 6046 532982
247 4277 143443
231 5459 532917
6719 5827 573684
4763 1906 745577
2731 309 1003397
4396 3529 178893
9048 6978 2210015
924 38 15067
7513 7671 680338
9688 4664 215159
639 3697 1006087
2484 486 304797
231 431 3269631
5382 9368 582837
6606 1233 304669
674 1864 647985
8242 5469 1038945
476 1566 3444381
2621 2553 5067266
6353 4647 1843753
1709 4048 447977
8571 9140 556178
5053 2286 15943
9635 9279 865089
1905 2877 113040
4695 4320 285866
7533 7222 129083
5536 5376 1196620
8409 8094 1309504
4891 4680 1228387
6797 4839 1482111
4312 4896 94556
8318 2970 4365
6065 2066 1200915
7863 8505 849846
2412 1534 156330
1066 6332 24330
5403 9650 409501
4262 4139 183509
6280 3970 632960
