106
4897 5116 1702769
1581 5175 2114251
1344 4217 292968
6857 9781 1334754
1306 1086 697601
26 9115 129535
8071 5624 783605
2324 7939 110687
9960 1850 1453088
6437 9636 388679
2878 8086 284639
5832 8385 11807
3363 3207 1316010
3 1759 21104
4347 5425 1044264
9367 8831 1630145
9975 2618 191643
7719 1184 125798
4511 6766 1054711
4784 139 471679
4160 4967 450940
1832 4362 145843
6405 3889 701118
5737 6005 760706
6572 5383 789898
6785 8323 52485
1743 4316 1271677
5004 4688 281643
2344 9902 2470843
7460 2479 1372509
9484 163 120029
4370 8490 1877653
4739 2917 100985
3752 5100 327335
7941 6098 595244
8904 9504 717887
4954 2329 55489
3447 9335 2219766
401 8087 55856
3545 3435 686674
2723 1438 562817
6742 5716 2222059
7848 3854 1303065
5037 3874 3535634
5299 4860 1843338
6969 1394 1214873
4753 3004 775469
6944 2890 40329
7161 1668 805938
8481 3559 361748
1050 3386 498999
623 5461 110448
6110 5934 1780945
7167 8318 884555
693 6263 1409651
3934 4073 65517
8139 9077 158460
741 942 142097
2468 854 216671
2797 6704 327372
736 9212 3774280
1499 2947 25620
964 2181 2693713
439 8590 516983
7986 6975 803790
2427 3948 945186
2396 7368 703020
9066 1863 528323
528 8199 495617
424 1878 602995
5532 1107 17333
6472 4522 1391474
7466 6627 1124446
7282 4393 215090
48 1037 1869026
8671 4795 1487490
2748 527 199444
6395 4238 563952
7749 4992 382517
6720 2428 48530
1626 3649 1257452
8362 4801 2429634
6524 7652 153267
4134 8147 1670967
4038 3578 438692
3818 3592 527958
7263 1594 1930274
776 4967 1941741
8587 9241 768635
5421 1981 3741146
710 89 2132232
7376 2011 1655695
3712 273 1501352
4460 989 2576667
2464 5463 856854
9630 1711 39902
3196 492 1365305
4741 5235 1365493
6848 139 378135
8861 4441 1780913
8845 8568 168637
2112 5980 122961
8605 404 1575107
8083 977 15975
4265 6175 2379771
4477 886 362104
