167
7115 4426 33892
2822 7607 796016
4238 9570 139570
1115 9463 613520
7233 9452 2010153
1979 109 204986
4526 3922 221124
9462 3290 1528256
2821 6112 353313
5981 9493 1065542
1465 5022 3986
4127 7955 248689
7797 8753 1080623
8546 4607 3825271
6808 1553 684885
5985 2794 36286
1240 8576 211110
817 1464 539845
7521 6397 174372
7237 7304 597834
5028 961 55135
1910 8286 939150
7938 8728 593375
3364 1639 787122
7054 5823 1412031
8538 528 308856
207 7386 836420
6610 7616 378368
5597 496 327638
7847 6009 312465
1992 643 171643
9395 5505 197787
3741 3942 987039
2590 9515 276181
6560 9683 583816
859 592 390568
3738 3394 1262159
5592 955 1448057
1732 217 831656
2201 3202 7596
8546 5037 869799
8538 8637 1175018
5441 9496 328074
5256 4303 389867
2593 2782 1315856
1939 6387 1004870
6510 2978 738091
273 4735 407060
8397 4060 1161840
6662 4091 1101394
2745 1019 1516159
4608 5613 762746
7626 7885 445141
7867 364 1540330
3131 9477 149725
3312 6758 727716
4700 274 600341
3109 4571 24881
4554 4504 897556
7960 4676 346918
8868 967 180227
8098 5932 229099
2878 3055 110878
1708 3640 33793
7837 4566 63128
8051 2525 471369
1080 7992 1031620
2419 3545 517835
3306 4757 405307
6738 499 878809
5489 9246 126770
8704 3853 116973
3038 9121 1019020
5576 2241 957007
5624 6353 343901
6182 6783 1225729
7811 6501 925423
4880 4106 572063
909 9791 453648
1966 362 241541
8052 1127 424277
3956 6782 857255
432 9129 2034253
4091 2802 319826
6249 5262 167403
3592 997 1244607
3609 416 117165
448 9730 70153
1390 625 288853
8829 2351 724002
9174 4548 1703526
3807 3647 1075609
9627 2442 931324
8188 1920 329383
4331 4933 1009332
7114 7042 792556
5283 4543 375895
6059 1363 54889
8523 4053 148233
323 3645 1019304
4866 2822 441724
6436 8170 60589
953 1872 117391
8293 7142 478482
6448 1450 243390
1855 3573 858190
5512 8174 606345
2341 1453 529075
1215 3534 481599
4018 2775 789894
8133 608 45075
9346 3118 501663
7043 3761 265674
8280 2650 174588
6425 3095 1313571
7557 5902 353661
1666 4074 137209
9365 8417 1109972
3529 9431 281892
8969 4011 1155474
9955 2986 519287
9624 802 181043
6737 6171 593332
9189 7593 92387
8654 9600 1014102
6489 1198 115858
1746 9874 50326
1167 8008 758216
8879 4515 355909
3203 3951 15845
6383 8648 559670
9164 1182 278591
6536 4854 383376
8874 9586 638197
5524 8396 937866
9635 9827 59406
6507 881 81618
1098 9881 1901192
7048 1553 703262
6585 740 6326
2448 1013 48902
1046 4439 984615
6575 1449 823448
4031 304 747889
1767 9537 864269
2039 296 525142
1148 9680 119078
1411 3195 17844
4995 2583 35445
9610 8975 720190
4722 1609 268487
8928 2169 2351523
2340 9834 480308
239 7514 768965
2624 7150 641479
4570 7062 1721510
9061 6892 170564
2526 1741 271692
3405 2327 803430
6214 5342 285563
1378 5677 676663
1409 4129 200513
2732 4847 318125
6275 6948 586388
4171 37 537766
2202 2146 44583
2510 4959 222650
