167
5696 2691 1378402
7266 4655 24892
7974 1121 361143
3942 2360 399429
3483 5251 491491
3666 9955 769006
6094 7771 733999
4299 3676 269452
1780 954 52442
4477 4029 101870
973 5520 1119748
5601 9832 84462
6648 7114 484027
2682 8555 12266
557 9042 808903
1271 4441 2685669
6651 9997 660849
4741 207 245755
9097 452 842098
1160 8399 529280
7823 5349 205899
7660 3790 146473
7530 3502 1713255
9772 9938 833819
7728 2916 37651
1694 6849 558886
4697 5011 474897
2292 7429 1501558
8104 7864 670770
2002 7348 485891
2749 3477 675872
4878 8837 14848
8232 4997 181975
2635 2455 815382
1817 5691 562852
2988 3543 390420
2159 3005 218178
8316 6258 1676985
194 7293 169518
6979 6145 283718
6432 1234 1485355
9221 4192 1400026
3507 8814 2854975
4383 300 1208822
4951 4082 54072
1611 5250 928888
3028 852 1167151
4511 6336 29114
7694 7400 1066037
501 219 240170
8252 4535 167779
2623 7868 29805
693 5967 91849
8320 9753 794680
4665 1665 689615
2421 6174 311178
6483 8780 1944757
6242 339 564134
4517 373 1426032
2159 9201 747938
1637 5971 830667
2716 181 374783
3486 2624 853230
1606 2582 500745
2529 6279 289099
377 5456 103193
8383 5940 426730
5486 4531 1081176
9070 9153 283801
5184 7011 1215310
9732 3832 162943
9415 5647 481146
3583 6968 1483218
4692 812 68379
8957 3101 245427
3803 2271 585687
3591 4483 330003
8251 1288 1101863
4029 9160 420524
1012 6785 665244
8299 335 169929
8109 8329 1088186
9537 8322 418773
9166 6699 2221008
493 7199 308260
4312 8892 108713
4547 2310 707262
3487 2734 227757
3764 4995 254136
1195 3010 159850
3913 399 892762
1383 7495 92886
337 9181 22801
7521 9559 1374691
8464 5809 1626795
8292 3185 47453
2462 1424 84308
7950 9178 134238
8757 4944 139599
952 3102 720959
787 84 48915
3058 5247 272259
4655 8678 166374
3086 2983 103220
440 4895 1251680
5571 2952 501156
8917 1903 69079
706 5988 1058461
7127 6518 59280
7581 7579 597593
5625 3466 98557
7866 4679 1001643
7334 395 11231
4814 211 166025
8368 1657 335708
5228 7678 161908
7669 9902 246835
3347 7302 1095282
7534 6170 1500765
2123 6460 326757
3688 7190 491036
2523 6149 73307
6643 2884 249085
9534 5151 1218735
6232 3758 1112439
9950 7957 51243
3440 5453 19125
2594 5298 214336
4624 855 530732
7388 876 326416
4397 7587 791966
4133 7984 292047
5292 3807 141872
5758 3380 955492
846 3459 1053325
7539 4812 1052722
4191 4201 2715861
9282 7831 162849
7248 5862 242150
651 8438 109954
1142 9523 266772
5158 3726 134245
630 7493 1423412
5536 4256 229089
402 2360 76116
5101 8246 1274534
6180 9493 307845
3337 1022 56346
1869 7899 40118
451 86 183773
8111 6794 139420
2592 5137 1930851
4264 6165 8658
5860 7880 435037
9823 3810 689872
1025 231 869554
7482 3658 16782
3410 9377 1685266
4493 1037 154459
4411 9432 1332359
9724 616 1530985
7547 5723 536408
7391 7855 1630269
1037 3482 123876
5741 8830 252858
2511 2476 167302
8460 795 446433
