234
5549 8927 187270
8831 7925 997120
829 4631 381187
806 6525 55609
5313 5679 98477
4080 7715 636570
9478 5690 104397
4876 3391 283760
9925 2458 886758
6605 6959 494034
3066 2375 774239
2178 1409 380137
6862 4292 548908
2956 8898 437499
2652 9040 35629
4442 9829 169423
7633 1600 2656
6289 3695 163003
282 2352 886267
3769 229 886058
6985 744 827209
1476 6714 104238
97 8130 747958
8027 8272 242809
3427 3252 156398
5896 4971 741963
3031 3068 117480
1998 342 96102
418 180 798519
456 2573 296733
1641 8556 347062
4137 5787 165901
1971 2368 31924
9014 8763 882019
9577 9312 774668
4828 6033 919729
5133 6476 521587
6350 8443 874399
6011 3214 1382194
8951 1665 4883
5354 9308 1272514
1920 452 52707
7133 6913 189704
6906 7228 404607
718 3082 15500
8775 1300 226451
4127 8040 175355
7527 7865 1163803
4219 3423 2690683
416 4010 440449
8047 3503 184784
9074 4879 131582
9207 4284 89369
9301 7564 580656
785 7988 82529
1828 7875 222181
6629 77 139512
5500 4276 300256
7118 8757 1395277
8253 979 227187
9695 5978 321748
8592 1668 60577
3782 7608 935804
5274 1987 680629
3027 150 514626
8273 9859 427300
7500 3190 297912
2785 4053 263779
3964 7358 80466
4234 1400 26984
4635 6286 175703
5731 902 120048
3887 7121 306889
5707 8693 324485
6285 6432 39054
9467 4948 266360
7062 5179 1655120
6271 5393 85730
7340 4819 577731
9760 3222 176028
4610 6520 434431
7218 9601 111593
7336 8986 524294
145 3870 555119
3392 3257 742068
5369 2469 706958
6784 8838 493578
9532 6150 1261928
8926 1093 209233
2761 6122 574527
3969 7276 44962
8847 8445 417710
5655 248 363177
2559 451 646978
8816 4081 434459
5511 9579 644943
1555 8848 83134
8078 5159 26940
7605 7823 403700
3426 1016 147898
963 2969 651799
1995 2025 1304132
7640 2956 741424
5640 7574 476381
272 8823 387633
3183 4300 389744
302 1907 282585
9270 1416 635499
2757 8129 267301
1749 7205 286490
1482 3069 223167
3585 7695 442923
8928 2324 15816
5618 9722 162191
4677 7485 46684
9577 4929 370433
3810 8372 233757
4788 1247 2483
1622 6261 13230
1235 2547 167682
2324 8874 153447
7657 2662 166773
1084 4696 87430
5854 1039 613074
2046 8447 58334
3357 2774 63557
8443 2082 573888
5379 9885 80749
7479 7863 214930
5921 3101 67102
7534 1262 321114
5448 1654 312720
1160 1294 985168
5445 5484 2070381
5340 1683 73318
9468 8287 777894
6226 9044 517391
9642 4693 625917
9046 3025 570554
3783 6948 359247
5901 3825 342239
805 6581 69946
7745 3781 666702
5032 9309 834607
591 3531 842241
3239 2356 710802
5324 9571 209390
7255 2794 449893
6685 9454 465712
1447 7643 523438
8846 5394 585462
7882 2803 424660
4764 781 170755
5197 1674 235944
2081 9265 884655
5887 3746 109825
7689 889 427061
2413 6638 126972
1681 1017 739545
9943 1990 199624
5234 311 168105
1985 716 610748
4215 2223 286381
9639 295 166544
1908 1875 580731
8466 6238 99322
5772 3290 386027
8625 7245 189420
4277 5479 1056622
4769 1772 178349
4401 6311 888114
8401 1039 1676864
5562 1592 132835
1860 5132 102969
3168 3074 338356
7343 898 295853
4700 5006 432360
1849 7583 315516
1639 4211 87497
1743 6249 97262
5897 7629 72587
2287 6658 155528
5504 6996 25506
1111 6372 1105825
9879 8429 308889
7817 8491 294733
5556 5625 479461
5756 5503 13499
3721 5977 163538
3960 7226 420099
2823 3024 91002
657 9048 104470
8718 6956 470433
1498 124 46664
8925 500 157375
2771 1373 136130
9472 338 470457
976 3502 464493
2068 6122 765574
310 1575 370199
21 3612 229425
7772 970 177671
5388 6758 566096
9559 2738 257820
2722 7822 169345
2241 3188 57749
7394 4833 1079721
3501 9861 1489436
2809 3691 313352
4440 3471 394954
794 351 493720
798 7292 525349
5409 6828 937387
2963 9637 914660
2570 4634 84969
784 7825 48118
3961 5105 417898
6753 6923 589038
6094 7494 129016
4326 8317 1967387
9538 5161 390639
6647 2628 180782
5864 2189 723778
641 3631 69798
4207 7533 14034
6827 6356 16172
4996 7541 209550
5573 6810 653423
5010 5445 836118
380 6378 224439
9832 373 145387
4239 8041 222576
5050 7512 361386
8399 2050 1496170
