234
5781 4643 58206
4980 4264 337386
9682 5500 489113
5409 9091 214134
4539 1766 730881
317 4787 185707
1638 4785 373744
1987 5618 1061248
8857 6773 157553
9736 4608 339425
559 3766 341613
9103 7020 234357
6619 6394 309
8413 7924 387159
1908 1998 149576
1759 6091 195871
6449 3449 94002
2822 2137 39197
9850 5985 515687
1209 785 141559
6524 1627 26608
8434 9419 817383
1596 1149 232594
8404 6521 190573
5270 1063 44242
1657 8893 596409
6848 1255 1105437
4917 9714 26339
6500 571 586521
3574 4150 261143
4871 6499 526665
8105 6247 228392
5812 8382 420435
7568 4604 48135
873 4428 222571
1462 5721 147529
8979 7786 60216
8953 1977 59317
7086 3469 83408
4030 7784 453273
8622 5878 437506
5238 9987 945563
7502 7388 631885
7178 6596 200270
3151 8040 896563
5388 6243 1450030
4080 8950 134042
5584 5351 228659
6126 4732 342580
298 2886 248941
7724 2949 189351
5629 4990 173033
1884 2349 90796
9087 4077 76055
3946 310 186840
9696 5374 139775
1693 654 325277
5944 2678 1795791
5892 1197 559306
9965 922 49291
292 2475 257695
8827 2707 593349
1143 5886 334222
9943 3467 238681
273 4089 30602
4198 7124 265278
191 1623 279914
3094 3056 23618
2635 8897 185385
877 5106 712479
438 9596 282768
6918 815 608909
3459 5738 293332
6587 7114 1575804
4558 7343 652872
5899 3311 89166
3164 3849 529368
7263 9931 413417
6252 542 564178
499 9945 111761
2124 5664 124551
312 9765 305656
4046 9340 866801
3874 2991 983259
7970 4429 603602
1173 4208 30080
1503 883 75374
1943 3156 289603
8549 6681 284541
5452 536 82327
647 4481 92252
2630 8484 1047212
5833 5604 916835
9287 5404 9670
9597 2377 1352843
9073 9515 824549
3538 1357 107482
6259 4852 367680
9863 7665 422933
5481 4162 62868
7741 855 133573
3010 8666 80228
2029 1173 32995
8107 9862 113325
2948 9358 799380
5955 2711 608067
988 7094 246548
6474 9935 1753040
2549 2708 15809
3766 5488 47075
7566 3794 923490
5291 7524 1008
7503 8489 148884
9575 5775 99534
5559 3616 1635723
3425 4673 9917
3837 5833 1220723
2599 1341 300906
9765 4160 50998
3936 3992 463717
9468 8826 608329
2540 6813 2329943
3860 9954 584452
2950 9499 260149
5420 7746 318506
6669 7494 394790
2585 3480 298712
1029 4147 603629
1289 2248 781343
8648 5052 549355
266 7851 672081
5579 3340 334230
8144 9840 1020940
7834 5320 412712
9707 6411 736165
8085 7496 272142
9651 8664 113380
1407 9704 326375
2317 2641 1027482
6222 3181 1920016
288 3037 758171
165 4794 338412
7374 90 13772
3499 6377 620835
8647 7162 2219
4603 7317 242683
745 3216 686510
8177 3252 143967
4050 9794 1244401
2067 1315 257624
5503 5806 868757
6585 3387 192738
4772 5466 254924
1096 7620 124497
4192 5606 190021
7288 8846 826930
135 118 267816
419 719 330526
1963 504 58602
6862 7927 147408
6932 4098 282376
5402 907 266501
879 9202 219534
6991 9475 204149
2351 7408 225741
589 9631 494707
8560 5817 365724
7553 557 1275
9443 3726 80233
5586 9907 437504
3226 6312 571224
9153 5538 197380
6114 5721 1575898
3007 5129 180631
5070 3478 210039
1471 5632 1608723
3338 9431 567291
2642 3479 197254
5207 1760 1871983
2085 4900 513419
46 5557 650451
4250 8283 370339
2691 5334 96482
3400 189 773826
5720 7112 305777
4588 2361 844147
103 595 760464
7054 6300 370637
6505 5929 343355
705 951 517693
1521 2268 96818
828 4970 641550
9840 4398 572366
5779 6994 329330
4042 7350 713132
3192 6997 95144
3245 8701 434315
6337 5763 132877
6125 5786 96297
2488 5534 766942
9374 5481 358849
3926 6301 200380
5183 8727 400085
4541 4170 97276
5591 6822 137361
715 56 391267
8426 9621 1488868
9312 7975 1640293
1119 8607 317159
9513 7400 1004
3017 6257 94351
1427 5861 66080
9163 3315 63426
2892 6085 83457
5226 434 281501
8365 1538 264006
871 558 801959
5061 8784 431173
5120 3210 1310062
4353 5775 189407
534 4694 183419
4868 5901 465883
302 9201 1065430
6562 7864 707557
296 1626 569969
8815 1963 47709
5817 8680 53234
3578 4141 550138
1955 8704 73706
7079 391 23614
2916 1494 179338
474 2419 31797
5714 0 177301
9209 6359 270542
