234
5166 3689 133639
4574 6642 187163
2904 500 1616319
6718 2659 858896
2074 1752 531826
2287 211 281532
7118 2212 180145
4645 5960 807249
6456 3363 550200
5580 3731 641281
5978 1758 246781
5041 7906 452997
1636 6498 15827
8542 5746 477434
7491 2323 289843
5859 2737 97891
7266 6912 780199
9121 845 638429
7628 9129 1026079
5148 5782 73567
8325 719 88015
7650 8756 150234
8931 9245 811687
6728 9176 151168
4628 1147 245343
4391 3192 319675
3791 7183 13895
3781 1850 155391
1532 9324 1638118
6511 8770 577686
2350 5345 583446
393 2558 258894
7595 6924 1028993
4860 2273 266071
1879 8892 369144
5635 8390 54426
8017 9167 316061
6661 7100 20110
1457 7130 39245
8353 644 296859
1862 6050 378042
720 3449 2068197
2247 6691 182491
206 6686 602509
6098 9552 974088
2415 1799 2664392
9333 2423 426580
7901 653 291780
2894 2114 119526
8108 8883 69420
9985 2628 293051
2285 7516 38765
2755 9658 190268
2557 3329 708268
5557 280 82680
9435 2983 167890
5990 2861 3002
273 8437 679725
149 1946 56972
491 3241 1251246
6948 6000 56376
2275 7051 1281921
9541 5913 146680
6905 3730 666873
5501 5882 401636
5581 256 156213
1435 8578 78188
9972 1692 103724
3683 1830 213552
8025 4550 63093
1414 8934 313185
3141 6821 447718
2089 1340 115178
3793 6319 369914
913 7641 3133
4829 1690 274748
8410 5307 218763
306 3890 279696
9994 8060 101617
2631 7072 118864
8633 4130 56139
2833 7236 41385
2569 3735 161904
7533 4356 112876
4387 8633 103433
3136 7294 159900
670 9509 232481
253 5929 27471
4077 6907 55425
2922 3083 206529
6372 7356 203264
9177 9993 181353
664 2601 693546
9061 7980 246629
3107 3480 799689
2380 4855 326814
1759 6721 379364
2044 4274 103645
1715 1312 158329
2770 219 160782
2490 3043 520522
4858 7526 108362
8322 6358 711290
3322 1656 894639
5085 1423 766963
3185 7502 569648
7628 6004 284746
732 9085 738281
2448 8737 1042231
2820 9386 404406
2486 9407 58535
3312 6870 870951
5641 4639 655463
3795 5478 938211
5592 8084 381542
5291 7300 792078
5046 50 121444
2733 204 583969
4106 2386 687169
1292 1288 1126793
8479 5722 310653
6436 8277 902964
47 318 23937
9337 1615 425568
981 9511 63329
7087 8343 134085
1789 7057 84084
427 5764 699300
1669 583 387886
3354 5388 121396
3531 955 8334
2297 898 218967
2687 2087 229591
3772 121 852784
8868 7289 382720
1984 9134 475685
9804 5235 345714
2031 6534 102944
6294 1822 29204
9135 2370 194517
2315 8415 214237
6394 7444 811342
1478 1865 36941
6053 7589 10873
5476 3526 302174
2127 1959 1419124
9355 7208 2536913
6501 9177 1178777
790 6232 135058
8058 695 605838
8181 4141 735787
6308 391 16610
3063 4599 744043
6852 5070 330373
1478 583 922727
1433 2639 171584
7992 8846 170511
4889 4936 229765
8614 8052 649195
7710 1822 74775
1912 3842 168655
4746 4869 293767
3334 2444 1195872
2597 7361 320915
2554 4793 991990
9291 6797 298744
7167 1186 915459
7840 476 133119
5586 4631 295962
1513 4825 309368
9625 598 206560
8996 6037 46049
2895 7859 209018
7687 5382 1715337
7682 4708 66332
6134 8309 311483
9686 8355 177562
6521 717 1182711
1125 6838 29793
6511 5546 654931
2756 9342 108440
7250 7640 594060
9904 2463 35692
5493 2830 162775
1421 8413 165346
9988 8680 166111
8206 4023 125306
1974 6850 308332
4493 7074 95915
2063 9525 177153
7735 5869 232422
9312 932 992384
6160 2893 513420
2512 7468 2122958
9124 2743 675217
3699 6204 506049
6954 847 352022
5113 3171 328652
9238 4723 97419
2390 555 456762
5392 7097 139885
8149 5068 206755
9240 6250 1852229
8669 7793 253242
9663 6522 90230
1120 984 44041
7220 376 449687
7592 3391 343240
7838 6305 107422
4806 3563 161652
9303 5954 664360
4045 7463 573866
7523 3460 109512
7152 2267 919523
6580 621 873118
3055 1414 1532273
8187 295 539479
3941 181 590594
1386 4854 140699
2602 2009 121034
4418 4925 31323
9574 234 72005
5541 5232 64494
8622 9028 920412
4132 9090 357114
2790 6049 376494
6946 1348 67665
2875 6788 299147
5420 7865 334327
2398 6265 62440
4032 3282 844393
4009 991 193564
7499 1152 229783
5794 9827 803704
