211
915 8162 2897871
7175 777 757453
9688 1072 1611718
5866 8816 380157
4388 1287 115302
6348 1763 172949
443 8666 402318
8667 5427 95336
7096 9470 639468
5610 7405 37911
611 2850 619
7881 119 7966
5831 1737 454005
2162 1850 244739
6095 2297 323933
8541 3488 48364
4148 793 502371
2974 7544 263204
3278 4711 29284
309 9732 250029
2096 9783 1014047
1588 2767 36067
5127 9038 249591
5382 8514 535254
2215 6801 680638
298 1185 915628
251 5547 229750
8954 5495 681712
1436 6351 63268
1321 5162 775562
196 722 29174
1660 3277 1281496
9837 2654 358455
2039 2463 144940
1520 4549 968403
9128 5214 242985
2129 734 1226327
866 8897 5463
752 5014 367241
2461 7094 721445
526 7674 33973
4201 3321 41474
5487 652 510586
911 7427 968344
8659 7447 129903
8273 8910 1641749
4115 5606 763687
717 6291 33019
4837 169 502437
2427 6302 580793
1732 1984 363451
1425 7571 640907
8491 8280 129865
2299 8868 986723
1405 6114 698490
7962 7821 1063097
676 6550 102357
6192 5437 111393
9372 7153 412170
8141 1348 687640
5014 9817 575989
6815 3224 102543
1654 1057 549522
1376 6415 1347403
7728 6249 200518
9764 9169 891241
1349 6008 819161
9236 2629 1806614
368 2655 26269
7220 4931 839
8186 7353 229145
3703 4938 491520
7239 7863 249921
3324 1857 192040
1585 5694 458489
9047 7552 257273
4171 1658 198997
5006 4626 652299
6138 5674 1185858
2496 3400 283822
9857 7416 1943255
672 569 30147
9310 3103 104836
3911 4691 510802
8368 4876 211569
4543 9493 200609
7016 6394 2453827
8632 5617 100105
2908 53 139819
7613 6468 1102518
5626 2886 339348
8129 1730 57838
2417 7925 723538
5041 3078 384345
1775 8981 57715
1124 9089 53662
1197 5637 20048
7504 2972 986375
6865 7146 236319
2026 7334 562206
894 6022 36446
1154 3215 10959
78 1753 990280
3457 6913 1253603
614 1759 269585
8688 5056 236028
1347 5540 786730
325 7939 297060
8091 7763 886307
773 6345 653422
1217 5808 80624
9942 9036 1216185
8499 7883 716111
5551 7164 131091
3297 682 2207
775 1420 514480
8782 6027 1277509
1221 3579 97644
4706 8924 168734
5137 9719 2174934
1803 5241 1057635
3586 676 493142
250 9878 1473447
9947 328 758642
704 3574 121783
7121 8301 404328
613 463 242762
2719 5745 883109
6699 7704 35596
9468 6066 609405
6384 1549 122192
9402 6119 70057
884 6529 900454
1254 1936 30324
8201 1831 66779
3256 4253 291615
8719 2242 661196
8355 1402 657477
76 8559 20958
5417 7145 364761
7719 4738 44511
4719 9738 144927
4790 1870 1197640
5965 1649 168380
4914 2554 442933
2059 2654 288015
8493 1124 428389
2753 4206 333612
1545 2792 158165
6895 1472 178686
8106 8953 698421
5683 8393 503091
2967 1730 578314
7247 914 95202
3778 3542 460474
6179 6735 393446
8155 3648 269011
6713 8087 414416
2492 1049 245238
1654 3504 436710
9799 9919 734848
125 1884 546879
1550 6387 705970
7603 1233 637118
3038 9287 37079
868 1200 513676
9118 9372 81163
9912 3668 263349
7664 9182 680104
3359 17 441779
2282 9538 819567
7327 1836 296032
4942 5351 476902
2790 617 1184266
3784 2503 341813
2177 9176 304044
1226 5441 634438
2526 2726 193161
8494 2407 701550
6205 3039 356009
7570 8483 103280
649 154 580219
2011 8969 305897
2014 9809 61196
4205 2692 262684
7105 6539 1349165
2060 1503 14260
2956 595 672745
4798 9089 594917
1864 3006 117780
6146 5961 213077
9386 376 257888
9850 9086 108602
9565 1837 21197
6428 2382 371771
2082 9432 484198
4160 9001 74870
2046 2640 47845
7443 2160 88364
6726 2519 93199
5891 76 1147179
3236 8284 102376
2472 9051 414055
3447 5596 257373
5854 3828 792157
7276 6138 300884
639 6699 169378
8293 5372 89214
6414 7342 1289374
5873 3654 15145
7408 4611 201937
