211
5783 1729 913222
4984 8291 268930
4728 8776 347983
1172 3302 980630
7862 9466 1013793
3607 3652 553210
7952 8088 252529
8197 1301 165407
1367 3773 150326
109 5372 27279
757 8708 216830
7517 5357 198919
977 3550 385699
4657 7781 183664
9212 3021 678827
4695 3252 500529
1098 7114 21510
7053 7300 1067151
3851 2186 481495
5951 5298 353958
7429 2979 313973
6233 9157 208964
4551 8601 449984
113 8227 653521
4563 9943 175039
5150 8042 1104994
2832 2531 458034
8206 8812 472983
6381 4101 161126
8239 1875 230869
5003 7104 713563
9247 8256 146255
5896 5452 199546
1058 5008 693570
2528 1050 1653511
1146 3505 127550
2937 8266 519541
9311 2787 1042860
1952 8715 486427
1189 7536 372946
4884 9639 79726
4214 2051 1067273
736 9340 1277385
9914 615 441645
5893 835 4572
9658 376 760673
8840 3990 156985
4765 3726 8073
3681 9882 629264
812 7582 266183
2263 454 397508
4897 5854 549738
5145 1686 83920
4419 5469 724517
9603 6625 317137
3545 7827 623276
9025 2895 294256
7573 8266 351540
4245 5425 126793
2211 9439 99414
7461 6164 18874
4256 1072 31281
1571 7679 894667
9113 5580 567697
8836 1564 1742280
2028 61 475840
5016 3983 79336
4892 3687 273499
2487 5445 73152
6348 661 205591
1540 6119 232438
4457 6997 991452
5295 5808 119996
5396 8061 68117
6978 9141 237306
3920 9345 183011
1524 3119 155551
2804 8970 52380
637 745 429274
4789 9291 561312
946 8732 266667
9802 2040 777444
3847 4766 447942
1139 8932 71717
5978 9861 1927653
7779 1618 368062
1072 2397 205547
6555 5410 1460454
4545 9182 91684
128 5425 460855
301 2168 1008168
3323 3434 11387
3486 47 647760
8744 755 609671
5377 7418 30994
4353 6890 963437
5190 4780 60756
149 8362 94090
210 3158 96023
4519 3109 198496
4960 922 699922
4694 5969 157117
4884 866 622549
1968 2324 448032
7455 6667 225
7163 7178 252858
6647 1599 646020
6294 8379 98151
2192 1851 260487
2374 5071 37102
7767 1496 760968
691 5816 579239
1913 6243 124922
6293 8068 307245
753 3013 55739
1891 3155 554938
4974 2999 169856
7387 6839 1702192
3798 4686 173289
9273 2578 930167
3292 2975 40787
9023 8623 681985
6903 3970 634254
3380 3124 1516623
1756 3944 542384
3048 6114 90581
881 9102 156613
2641 3247 266242
74 3914 182164
8730 1998 49485
6267 7435 122576
9416 3289 178380
3203 7483 323370
660 9313 222607
7655 2140 220976
5052 8535 621788
566 9769 1083466
696 5241 64134
6442 6843 677783
6304 1015 1008365
9004 9328 10830
1248 1462 1907113
9855 2165 271520
9931 2437 82168
3071 9995 617998
935 5918 141513
5844 8272 141430
9475 7810 25495
8529 5107 2055426
2204 1703 35142
2257 6923 506147
8079 3896 387967
5534 8879 1816152
9117 2189 182548
4404 2015 258706
1787 5104 182393
8919 7820 4147787
5833 8899 740614
4508 8894 135274
9041 3336 114649
7004 1721 152683
7402 8989 546263
5649 6064 646840
5987 6542 79092
841 4714 82183
5219 7214 92739
5278 6740 399786
6447 4218 249677
8151 307 189882
2233 2187 127049
8501 8416 113392
993 8438 164535
2534 2428 2076229
403 934 38124
2937 2987 738816
7512 8511 553313
7076 8175 404072
2099 7158 377565
8323 5054 53204
8688 4916 579494
4006 1393 307887
8730 4441 1836746
361 7018 602299
7636 3416 270490
72 9867 563409
9228 1961 1508639
2457 451 408611
1659 6337 1038335
552 2351 998278
3682 3690 146480
7955 3360 37189
728 1 764946
5808 7435 310369
1889 7104 188205
3157 8522 73466
8968 5121 359863
295 1626 434803
8184 765 1232204
441 4115 203095
1275 5372 353883
956 9462 1843812
6665 3629 1001609
95 286 19496
3629 4652 109600
3382 8449 426978
1159 5580 154232
1827 1447 600290
4101 3214 321937
6399 4513 549629
2068 7257 17199
1964 9430 225744
