182
8619 3532 17075
2617 9503 2856566
1560 2170 516510
3439 8972 190365
8875 7996 18238
6300 445 161575
9826 3755 226306
9310 7616 3966906
6587 2539 22363
2977 5620 163881
5919 6108 235852
1544 360 531541
1258 9803 368605
7874 4639 782440
5570 891 36863
1831 4147 428598
741 2758 30114
5703 8587 542185
4127 8706 1346849
8627 3128 24029
1894 4950 801944
8427 8326 290543
4812 26 708973
2519 2683 112938
5517 7201 1095124
7262 1894 1005190
9733 711 814192
4940 1411 10437
3954 9399 1835973
1429 977 305568
7562 66 628297
7813 5647 1050504
5436 1781 543001
4999 8990 231749
3693 8050 323959
7615 9496 1115232
5809 8669 1436150
7107 658 28082
3417 185 278609
1162 4510 407361
9440 9180 130510
8252 1647 2062750
428 9517 275852
2298 4504 760042
1465 6193 637628
5871 3149 144298
933 6366 336818
9047 144 857295
5108 325 1497523
8950 7325 185707
1888 6653 803958
3019 4369 483642
674 631 161995
8416 6849 140315
3446 1824 198167
4770 427 174647
2973 5144 203157
1300 6552 168255
468 7960 216580
6469 2133 826057
903 9291 2026385
3716 5757 346901
4432 4559 351006
2981 8159 358634
7511 514 737740
666 4161 1246073
9069 5739 300434
631 9967 299594
8287 3971 1723128
5633 5951 86761
4704 7272 367603
1455 3538 526274
2556 9535 2062535
7252 7582 303675
1561 3335 59298
3904 5132 908767
6551 6188 283079
6200 1833 1752756
8557 1717 38452
2598 8891 149632
5326 1627 666653
3766 3373 20510
2865 9813 645999
900 5331 294017
9039 3023 492776
5926 9480 98109
4245 7385 549750
950 4754 1564717
270 2058 163420
7388 2402 41721
8878 6813 101138
8161 7861 20885
638 6178 119295
8174 6741 503291
6149 4582 279395
5142 6007 117432
933 4569 48198
3106 8002 881735
2116 9561 522106
1299 5885 355569
809 4616 519050
7678 5870 573679
1792 5009 500405
3277 1650 203909
8906 7564 945343
3814 5497 94784
6573 9912 890968
7776 9546 309564
4073 6588 643580
3048 8656 466854
3413 5570 502077
8533 9106 143734
9750 279 66919
3000 8710 1206528
9252 7932 1735522
8338 184 317228
7301 3992 665424
8530 1905 312007
5383 5860 1276541
958 4679 217973
5075 1631 826861
13 1799 2306959
2542 3395 1277380
2603 5313 146829
8559 7272 422291
671 8188 1067566
8333 5997 111270
1564 4536 631883
7076 3797 552518
9576 3611 1125664
9565 9837 68384
1465 2438 283791
4085 9642 226178
6915 4036 265628
4775 7024 404130
5234 4021 115120
903 5364 998466
4432 2428 446081
3842 5989 116582
2991 5931 1107996
1797 4200 60229
9276 1512 165121
2029 4118 522169
97 5882 130896
5600 9167 458113
6723 4288 47769
7055 7456 74403
5039 6697 169749
7532 3976 731336
229 9713 194300
5103 9361 144057
9229 4638 1295690
7060 583 294667
4405 674 507724
6634 8916 193658
8029 1907 196304
6654 7249 344506
3240 1378 682599
724 8905 201571
8439 6288 750334
2304 3385 206207
5838 1319 13597
5439 409 31793
8840 6874 320588
4639 9202 541
8583 2436 280595
2932 9537 335733
6272 9745 313428
5112 1927 452983
8720 4738 53099
6413 5434 900301
9587 5552 902986
1652 7534 955491
4040 6061 2107414
2826 6069 595202
5355 9788 17755
630 3223 271082
2031 2669 487130
9598 8604 1813540
9044 2985 266342
7294 2812 741156
9062 5446 502850
