182
6261 2134 1559079
7151 147 621550
7120 7632 771952
547 2652 375149
1450 6975 1034758
7838 1343 258662
7334 6983 474903
7988 571 677572
6310 8052 467086
4159 5445 462062
5340 8137 36793
7783 1434 166036
7386 5347 133248
3521 8690 381252
2475 9638 365300
3621 109 717367
2719 3074 517823
775 7755 153820
1055 8816 465604
8969 4272 138572
3082 1482 512860
9552 1558 98511
7277 5174 148913
8496 5855 1686775
9401 9065 130376
760 1934 337828
2118 5327 116696
8181 4615 2197537
7406 9613 1165632
4315 7137 1223217
5517 2046 21939
3580 5543 455248
2875 7941 638245
3208 2437 853321
6597 1316 573725
9018 5194 231647
7797 1469 44931
2490 5041 903543
2030 1181 63747
2589 6910 80730
7505 931 67752
6063 2485 296974
9363 4997 263849
7532 9116 292258
4193 7143 986021
2061 6285 4356
7757 3489 663802
6467 6829 438004
7595 9898 339695
6941 1991 90458
7734 6159 649628
3351 8071 218469
7997 6769 547542
3402 2545 282861
5003 1664 633366
3563 3891 231650
9604 9862 1101021
891 6027 183528
3022 6327 170410
6130 7413 927903
2633 2809 109820
4727 5974 548198
6915 5207 244630
576 9772 31937
1490 2990 494498
9694 1617 668846
7095 4032 903835
5988 2715 255110
212 171 314702
9069 1865 745415
6085 5600 60692
8527 5971 567673
8494 416 147277
2145 5606 251187
202 9777 710521
8312 7548 105304
1601 3128 1024575
8228 8174 416962
8121 4459 89364
9832 2745 128981
2358 620 334163
6665 3146 108479
9811 707 6377
5527 6249 2833896
8653 2478 625642
18 1041 41521
4938 9817 929544
4002 1026 745174
740 2934 750316
152 6831 957709
8590 6268 644924
6820 4449 179546
1821 8342 197522
1141 5715 59543
4812 2383 1453328
9502 9603 71930
8023 5031 395538
3242 3156 51348
5748 8615 509551
1013 966 357938
5756 9863 70090
1615 1303 292639
537 3372 1881920
9849 8636 3411765
7599 1297 121810
5473 5878 753897
1091 4851 2653425
8659 2433 637353
35 1186 2190319
3601 7014 414317
9369 4838 41289
5642 4715 82371
8965 3695 193172
9558 910 36659
8427 7434 1527332
2773 1942 607101
1287 234 650950
7773 6684 248218
5938 8999 761435
6004 5420 492168
3621 9809 1280656
3861 5735 288081
4190 6000 112713
6751 1943 1277725
2561 1146 450837
4034 2896 73960
2230 7111 103879
4711 2771 176588
3583 7439 427910
7140 1794 131894
299 1530 963408
3564 1530 848407
3321 1680 1326085
2150 3963 1592534
1482 2750 2107462
9251 2771 315625
4266 7266 664858
8252 7329 1468403
5517 6384 981001
6654 5668 93989
2437 7275 386450
6272 1403 1002047
2870 8878 2208691
3073 2706 386394
1998 4411 262201
571 8620 976118
854 4559 200921
4599 8829 141330
9022 7613 1982111
8695 5964 462061
2187 4550 597031
1625 4367 127828
6736 8216 908246
1678 1681 108370
8222 4029 300777
9274 2798 309493
449 9828 130243
1680 3022 28718
6902 2632 68793
2172 8473 775801
5405 779 374295
9942 5530 467712
8489 2870 17396
3299 1668 389845
3485 6135 210910
7932 9148 110592
4040 2127 376098
5155 6930 268856
6311 9023 167570
1154 5950 552618
1736 3330 300188
5714 7856 367174
5040 9435 23928
6405 3003 460017
0 4693 757710
53 4888 444450
764 2701 59747
9389 6122 1130810
3987 248 110855
4512 9163 168601
7165 689 604320
5499 6740 791367
