182
6059 9153 1163135
1288 8687 14549
1875 9923 304488
6884 3934 695338
6402 2998 50168
9232 2342 666902
2488 4780 658706
6080 2837 73418
6679 4057 47268
8751 1697 72181
4805 8361 186240
628 3545 43429
8750 9872 100218
3580 8674 641998
4852 3086 1770206
4502 5510 155323
4902 1422 50755
3564 3942 701018
8795 21 539817
823 3236 2093935
8 2362 256612
385 6839 508130
6578 3458 438299
953 1363 43460
9123 9184 1761602
4100 7473 64692
3392 7094 1945249
9428 9833 406563
2436 5510 612648
2669 3626 436387
1319 6204 495215
3459 7031 312960
6132 5665 121841
3475 9542 798311
8185 3070 187548
7882 5800 633194
5428 7532 209096
884 2125 224385
6566 7957 838728
8346 8652 253624
5278 6701 255172
7680 4136 326588
5068 9738 154962
5004 7371 78002
6308 5252 965421
9424 3215 540459
9551 2266 531707
3653 5702 329995
7686 4156 365720
1174 5973 889028
7728 5762 353775
2346 7441 194904
9172 1775 130479
7855 3622 732941
7930 2171 117225
8027 3353 2678771
4892 4283 128266
3353 4975 1910583
209 5027 626691
3748 4503 100561
2799 4893 482415
3766 9554 55402
5380 224 695777
9293 2553 163415
3279 5591 814770
4176 9663 54144
1394 2924 718610
7303 5524 10071
8119 2465 854131
5149 2918 176114
8966 2949 1397459
1720 3722 72128
3080 2370 32425
2289 6025 311845
1829 1196 924470
2069 3824 1208990
7173 4830 52709
4416 9986 2000814
381 8625 234104
8213 8300 39188
7254 1698 166267
4412 8138 2271174
7504 6531 168640
2582 8105 26669
5075 4751 1059471
4289 9106 366889
5491 8203 460529
1748 8909 247341
8006 3184 2107949
6379 5381 417866
9178 5556 100322
51 4645 1748656
923 6645 83807
3644 7713 417770
3929 6394 76521
8977 6988 606164
8196 4801 156902
8559 9580 13082
7311 2929 378675
878 3992 100191
8639 4705 908780
7042 4102 171829
7444 4352 700853
814 3066 107406
879 4201 362481
7689 1561 159205
7079 4432 1123248
1888 1854 1602864
7260 9116 1990710
2803 2464 1261901
6104 4878 270116
1569 5237 416521
1154 2756 1195145
6249 9253 245929
3825 7377 2229063
1257 1719 512131
4340 9975 579759
7554 1220 363012
1238 3431 447118
6121 3096 1147917
7457 4805 355949
415 8816 487860
6560 5194 730499
3457 4063 1093871
5726 303 46144
6150 2553 777663
591 4862 99913
2835 1489 731927
3584 5711 71760
1291 809 115859
8742 4595 105929
886 5033 58959
1898 7769 222555
8372 1139 106440
7120 1195 556396
8009 6559 63307
3163 2406 97580
3068 2314 7626
2424 3330 136164
8795 5138 250511
5894 2653 5902
1887 8901 428021
4245 8853 82262
579 9086 392709
5944 2940 79099
9456 7780 2997103
4591 4011 1169009
6414 8731 36629
8409 1333 342052
3908 8131 281864
6086 5050 776704
6563 560 59719
5712 6303 440612
4799 5911 990833
865 1615 179910
3626 7632 299445
6446 17 337623
4418 3475 230230
5688 9412 222599
9476 3567 57546
140 8914 1607847
9090 1305 1277750
535 7353 4528
9901 8079 286019
7961 1830 1165457
6509 2787 348177
7260 5916 4715740
4474 3614 16524
5613 7382 75421
9772 6683 288083
3859 1159 567549
9013 7378 80815
5822 262 637935
8083 1348 110880
4940 580 456486
925 1083 310796
5694 8743 366226
8948 7697 419734
729 3853 334234
3129 9471 180834
1322 2356 1297695
8726 9620 865747
