154
4343 9737 29032
1946 9000 611744
1151 5254 19289
5457 8461 92957
4545 6061 495843
1577 2821 747944
4159 4190 2529323
2788 9002 118756
8735 9188 55637
8946 5166 1333689
5378 8733 343569
7168 5260 367290
7743 7103 213328
7034 6514 843752
2465 8411 152231
2682 6789 799233
8116 6907 109632
1428 3403 34573
7670 6222 429707
2117 3530 587844
3630 4947 1031211
3887 2948 179424
6541 2959 1638155
2367 6320 2665298
1233 8295 74323
8964 6500 653813
8976 8435 45233
4635 6024 778549
1152 829 258488
3998 5493 434010
9839 4281 867190
4034 993 504293
2400 6996 1631175
2419 4600 441212
6702 1274 767967
9562 1753 670759
7898 928 1399676
4559 7953 259993
4085 9615 1244874
1675 4772 1270799
9315 9433 334642
4886 7629 410520
1857 1438 804391
2348 5232 72993
1429 9069 383044
6892 3340 1086948
9501 3550 344303
964 159 407741
7973 2620 638846
4636 4350 3421529
6207 4277 521133
8389 1749 1201640
8575 6831 535624
9549 8678 109759
624 2468 467560
5929 2446 771887
7178 5549 293768
5553 3574 828673
8142 6329 384908
1713 3582 847344
1102 3931 167085
1607 4237 655109
475 5515 978203
5507 3173 323836
3477 5210 147736
4382 3082 745185
1306 2891 393143
559 1321 680283
7016 626 396875
6694 8630 683196
9686 9451 54823
264 417 101988
3142 2147 2327723
7196 2040 149413
7169 9945 213462
9263 1644 375342
2935 6731 1613711
5578 3265 495429
814 4236 69446
8881 7613 440526
5395 9118 291364
7802 1830 346657
6837 7320 697260
3109 4305 690721
6347 2177 1829611
2519 2424 1269571
8077 5158 1922649
5330 3437 1567866
1310 8689 486107
5887 8222 1311514
6959 1581 2546846
5743 2663 539752
3011 1609 5902
3828 7980 139083
7352 9977 391829
8119 4320 1353607
7962 1307 607591
9396 8004 126520
3634 3153 87015
8781 9223 105128
7391 1840 1978767
4926 4208 1815954
2204 8014 62592
8423 8340 110286
6210 8157 453655
165 2572 23013
863 7218 143464
5977 7062 597279
595 8614 80449
8447 4649 46302
4180 8408 1107862
9152 8191 1963739
8450 514 903299
2828 2130 230362
5861 2865 425222
9054 1556 1702779
8737 683 20146
1116 8594 473679
5 5251 374196
9262 4388 789924
8487 2566 466049
3914 4179 1156536
4882 2827 256967
4816 3691 133581
3778 247 974270
9887 1959 1223279
6450 1879 619987
882 9847 131514
9830 295 1089684
6425 2463 1143285
9607 9219 377549
1512 7246 476855
5836 2543 321015
1319 1066 87491
6931 4149 206778
974 978 1145992
5686 9604 533595
6685 8755 4946
2000 1655 361282
8118 4489 579533
1890 9459 327504
3478 3297 886075
5343 2660 255184
9373 5192 771515
5806 5310 586427
2245 5454 580957
8860 5479 26214
8610 3973 1039032
2912 1752 337960
8951 1559 718444
546 1351 1316209
7996 9396 3596
7343 409 307443
7164 7701 322108
