154
6601 2232 197274
1014 2390 80024
841 8370 1062596
3694 4971 301798
5360 1020 40175
2101 8254 9259
4596 9438 5053802
9049 8215 1600309
9133 2226 78268
6167 8872 1490755
178 8365 35717
6404 2438 1267172
8679 8914 225708
1507 6992 48513
8089 7783 1249959
3020 5646 154656
3090 4108 106219
9943 6259 1821196
9039 9960 83926
6852 3953 147251
1118 6305 229225
6450 8011 1039605
6397 1344 626520
4796 3061 60498
843 3663 1188573
8565 5658 687255
580 1047 1790581
2792 2163 1443137
2766 346 7950
5106 7152 533755
8857 8851 838961
8671 9533 679987
7437 8148 1049997
3808 3525 607371
3092 8451 718680
9107 9876 103924
5891 9156 3199037
1935 5115 223486
1248 2254 1396545
3896 1007 277117
7274 2599 402360
6630 1115 459071
8545 1621 40559
7315 4015 20598
9502 3944 306805
9787 1155 54764
4053 6830 456784
4803 7179 301606
5999 6067 139743
1581 177 149067
6187 810 186180
2586 4781 655194
540 5282 370144
6052 6802 300694
9214 5988 1063234
8139 3226 882060
4225 6129 3124095
2566 2313 385901
1633 1090 1125310
3531 330 188759
9019 3127 50981
4674 4467 389698
4978 9956 890621
9309 2204 139963
6080 8290 489899
5638 8877 863766
4076 394 1586833
790 2606 279069
8910 8055 586212
2336 7026 581047
1557 9797 1298203
1392 4990 1816209
2148 1286 458320
7338 6449 120984
3947 7782 953007
1265 89 987014
5565 943 434947
8004 6978 717659
5840 2042 52556
1518 4126 351193
8221 8653 493127
1015 993 185907
6867 4710 489380
3848 2789 103656
8187 7010 104011
5583 3075 62731
2142 5624 261761
6857 9953 188611
4927 3849 237509
3056 8283 164398
8201 8803 65645
9256 5396 141750
7997 3851 425144
2159 892 234554
1452 1009 875715
5100 9599 1128760
1144 7960 147575
9723 487 297807
7887 7338 178851
7037 4826 301286
6867 6530 572839
213 7453 2042852
4133 469 51747
1950 7935 2186532
394 6100 93021
7139 9089 155030
9296 1143 1424041
7319 6555 421923
2773 6446 343080
7003 5968 383658
1904 6658 928980
6423 2950 1274411
8727 2003 76493
1548 6920 1112612
4452 7037 2859469
504 3417 422174
9484 361 2419243
5191 5505 1577247
7087 2564 36063
326 2908 1630408
9393 5557 381954
7289 5007 562323
9499 1525 895300
1064 7810 567663
7694 5461 1032310
3346 8586 525445
3536 1299 432406
3421 3676 1043219
1678 2916 80618
7252 6918 864629
9646 6138 58183
9519 7614 1425254
3865 2130 813252
4211 3565 930459
8539 8138 6593
9226 5658 215426
4909 2438 23394
4898 7337 227466
3921 9370 586051
9389 7015 21109
5657 559 491876
6020 6544 1424160
1064 9728 106603
3443 2690 1158573
584 5222 278601
2676 1726 121604
1723 2804 534242
6948 278 712362
919 1267 206316
1671 6495 51420
806 4731 91789
5377 5145 1108747
1358 8916 1160214
4165 2972 342548
