154
5203 4900 1261436
275 8074 441394
4113 7978 122497
1096 7055 710642
3519 1685 1280872
789 4143 85288
3580 6451 2281095
5576 2747 1862433
1284 6876 79948
666 9915 298710
4125 439 455870
1688 8023 1534748
4219 6510 793936
5065 2384 370098
4868 2647 113132
338 8520 247616
1004 216 297018
1304 3863 12425
7610 6241 540575
9466 5794 98294
9584 3034 1309370
4716 3999 252618
1345 9708 210410
4275 276 147091
890 9104 717941
5814 7127 987149
2324 5216 695785
5884 805 456066
9748 8059 697958
2717 6157 1549374
3716 8293 2029440
6896 9135 2199331
6743 2760 34
9797 3400 855944
9697 5682 539473
6036 3059 1694839
7312 3981 1159770
1487 1238 903790
8991 9856 722354
7269 4913 700985
88 897 330221
8129 9694 250985
1898 2766 1164799
8545 7534 145015
3282 8535 178417
3342 1765 1546747
4817 9274 391315
3792 341 539788
7339 7352 210804
4782 4795 126809
157 5072 1073471
6410 5735 911300
8080 152 86388
7217 161 909921
5274 4262 832258
3211 5351 498872
6452 1939 151896
1067 9345 1154
1564 1303 501813
674 4467 242206
847 8137 170691
9274 3479 873884
8612 6304 854122
4093 6191 160821
6810 5427 473156
3610 2060 260644
897 5902 656549
7167 7879 66935
3467 106 943463
9003 1846 527381
5860 4079 2115893
7442 1180 177730
6565 2286 1812686
10 1175 1189854
1289 3386 487367
5332 4562 657075
9004 4359 570756
7632 6751 132794
9132 4152 267565
8447 2094 91030
4532 4768 571349
6613 9068 10870
3994 976 592458
9995 5569 1046921
5328 2321 1451414
1482 3869 243990
1730 416 258265
3237 6075 231665
5338 3613 923849
8713 4755 570640
6300 8056 401280
5527 1935 1596548
2345 5189 66147
5379 8228 471270
5690 4067 544933
7294 2618 279733
2517 2661 298147
3808 4501 1517578
1860 951 63276
5228 5340 1764282
8766 7921 898019
7827 4704 879913
7042 1395 1016395
3558 9902 861879
9824 1749 150346
2942 7069 1485529
1161 437 128598
237 4550 1597152
5554 6030 689400
7370 3367 680882
9165 3820 946259
4279 687 425141
1168 8847 986609
3406 2030 1814475
5691 9373 1275041
9441 235 819719
6920 5367 90582
3243 216 158484
606 5231 589378
2556 9597 1305319
8681 2262 4573
5652 1087 312479
5920 1229 431487
360 6651 554046
1088 919 622655
9405 2233 38727
4767 9210 1264165
6656 8475 137559
9784 1081 160122
6584 6206 158460
6416 4214 292965
6398 2220 452749
9466 3050 41459
1908 3823 286759
9599 5412 336949
4723 7960 833642
8926 9321 465831
3510 9450 686594
296 5475 874518
427 2617 3751964
7470 7597 852833
4891 2643 537627
8857 4452 311598
2342 4238 333476
167 7842 666128
2043 9213 92760
8746 7862 206908
4205 1137 367445
1407 5499 46373
5988 4708 82389
4157 1551 1153671
9540 4290 200319
6375 9529 248260
7707 4479 186451
