154
8613 7526 1945959
89 8860 443832
189 5817 1208646
7545 5894 171186
3791 3730 358439
1643 9311 274245
6308 6296 1232521
5224 3510 380078
4631 2800 79329
5499 2136 80504
6945 2157 634499
5992 3024 330762
3630 8864 513227
9381 9464 1417213
1892 7457 596788
6195 8904 808239
4021 6112 1417749
819 5124 2952
9332 3734 214529
5841 1423 280604
6218 8811 76155
2485 9223 168968
2768 3195 281668
7678 8444 834448
4033 6084 91026
5259 8845 688302
1027 3651 962991
5350 4745 756690
4450 3868 558127
2884 5997 413910
9315 8926 315452
2470 9234 90094
6741 4644 1153192
388 4358 4550
7332 5212 47950
4947 2683 1066149
7175 5934 64851
1976 9622 16634
4337 732 581291
9753 5949 159409
8173 1887 15634
420 5201 1173931
6979 359 139900
9377 4829 1512828
7173 7999 693293
5684 9334 2515963
2036 6624 52572
9350 9791 380245
3539 3057 1143887
1324 6263 802635
621 9267 652027
6728 8346 2545034
1383 683 305517
413 5206 536310
5130 7028 983332
2980 8551 230764
5061 3417 185250
9873 7766 193178
4156 2590 23144
3341 1966 2164708
4268 4793 46036
9426 2994 481947
3969 7316 225767
2236 4379 502340
812 7026 968693
7673 9330 241920
4005 3785 354052
683 5877 540844
1531 7614 313664
4855 8491 992948
4594 9726 1388011
6942 2558 158226
6965 7262 467117
9392 8911 1834557
7744 711 1179774
3100 6105 517326
7761 4576 95744
3030 8497 407452
1277 8687 355532
1167 6685 258037
9984 8706 978303
441 4889 105388
4309 9703 1023445
1093 6795 938082
3887 3418 575598
4941 1110 494864
6641 9776 977682
3987 6957 948327
4764 5882 133433
2702 9189 95194
7776 138 124123
3492 9503 591129
1064 9295 784168
5016 4256 4410526
5777 8128 399760
9777 8527 636541
5398 8771 2767
8436 3160 195324
3136 1042 550325
4917 8014 20357
7518 9654 569440
2019 1191 300889
1979 1784 1474907
6235 8754 1064424
3854 9140 2264037
2598 8123 1105269
3077 8736 257252
1797 3893 200271
9843 7229 136132
9664 7833 616028
7214 5466 419785
4355 2771 884005
9597 8655 1209892
950 979 567813
9734 7908 2823235
4489 1104 375524
3653 8554 506343
7412 9446 79193
4150 9618 1301622
1267 1122 268761
9116 3132 578522
4146 1997 1276072
2628 3410 17167
1709 4248 245176
7830 8215 739108
2947 1107 472304
8580 194 453517
797 4445 1160673
8448 6917 316083
4805 7206 154024
8115 6965 366929
5848 5701 485705
3557 7475 3099597
1215 7358 577725
1417 8108 354495
9628 8447 139724
4208 5150 149238
4244 1950 50324
4429 2224 124088
3866 7208 2343723
9204 6163 280893
6884 5894 216179
7496 2425 384254
4515 9309 299807
2926 5923 1123259
3549 248 345345
1077 3050 1636654
8799 9154 202761
8899 1207 74821
4761 8883 1070908
951 5786 742296
211 9674 1401458
3390 6366 400992
2602 3270 2724
