154
7980 4173 193782
9478 9551 681260
9377 6857 793783
2619 8739 427416
9803 6143 2998099
3025 5995 69309
1177 5583 36365
7119 4459 691668
9939 1547 434552
784 3389 769814
7093 5441 926526
9614 1415 1824099
749 2315 329643
9869 333 1425758
6727 3678 20545
7436 6736 332047
8997 8053 1022820
5336 1419 878968
3786 836 139589
6650 3705 525817
8296 8303 472119
2075 4911 1033324
7660 7898 80294
5513 2830 370805
8563 6358 424704
4109 7776 845870
9133 9585 570293
9952 2867 487938
1955 9512 610095
4527 5730 2248800
4321 596 138547
8236 1340 147666
2752 1254 1315203
3020 4759 665136
8186 8290 1229683
3425 1448 254110
3021 3639 2183429
9556 7988 55413
4494 4612 980744
1602 3155 15853
4159 2580 1209233
9235 1671 141509
5615 5257 29636
2499 7954 971915
9799 9049 814112
5603 7554 44999
7404 1272 168073
8489 7984 744892
7784 6436 162502
733 2776 158451
4648 7179 393012
8618 7999 275532
47 8493 1373454
3132 4489 340000
1742 4014 156785
8702 1912 977846
8670 200 744420
819 5111 308571
6817 7900 1133479
108 3311 1064950
208 3586 1242910
2131 3086 163142
7011 2560 147784
4089 3103 394089
7543 990 321575
9706 9533 4024
8952 810 328093
8317 9418 851463
7521 2516 2324
8390 806 79699
742 462 117770
5326 2125 55646
4445 4759 546009
9823 9559 1809341
6590 4967 1207446
6660 5601 399577
4505 9916 284919
973 5610 728870
6081 2803 10247
1464 170 1025197
8146 4891 2814721
7199 1708 601933
4873 9129 629583
2691 1311 1522372
8635 3836 333733
6470 8007 53005
7591 8651 1460938
1961 6902 70575
7706 8763 2136040
9075 5564 3221969
3584 458 882172
5027 5400 417217
2708 7870 378517
5559 5771 1200741
4912 9615 381913
1924 3588 125441
2528 7392 124669
2954 4672 338492
5081 5664 19790
3387 4395 113322
9674 8194 131640
6816 7099 382830
1035 5565 932549
6409 7033 112333
215 510 267783
3691 2557 1110116
1251 4855 770681
9824 2868 15284
8689 9108 190539
4976 5602 48755
1302 4659 207488
2504 4669 794679
9335 4109 15551
4141 8173 5279659
7036 1884 16824
7925 9376 1151915
1556 4677 466365
1443 8881 107115
3287 7852 182685
3922 9447 910212
6093 7576 1617571
4113 5076 1087190
607 9021 467433
8735 2962 41392
1253 4845 117359
3017 4147 485956
7107 7404 1566655
126 5380 190002
8874 8429 646844
3504 7103 517470
107 8151 439741
6317 2058 135818
2726 2130 1153463
6439 6478 752563
7078 1639 498374
9369 8695 276620
2287 1104 403196
6735 8942 748909
9308 7310 33254
2965 4234 1157374
4397 7554 2075495
6401 7245 146868
8258 6334 321071
4517 4048 151173
3191 5769 59158
3054 6066 88130
6825 4761 380925
923 3803 1495990
7409 3250 130705
7735 9034 699012
7629 6454 1476693
6329 7524 19882
8896 4673 202066
7988 9596 908120
