106
6162 1611 1592778
6647 8398 1052621
5122 8403 11297
9178 615 80231
7987 6849 852342
7117 9312 304240
713 3685 777061
196 5619 1094660
9555 9742 344779
2324 2315 1074709
4033 3536 1393768
3760 7076 875564
1009 4255 305286
4734 940 596894
8174 1146 1481517
3211 4926 418139
1550 2146 964541
4526 2788 1696124
5920 1839 1586833
5297 1917 550029
4602 2811 866653
4714 8725 25413
1622 7887 395854
4801 7194 1482159
107 5673 1467454
2046 9498 4302775
5028 6930 636230
1296 8277 223018
7619 9230 3265233
323 3864 511636
5450 2831 261777
449 6392 286746
7593 8961 141386
1707 2003 1333276
6203 4189 762852
697 9298 160007
7416 986 1190013
1856 3649 475462
82 9064 799451
3051 3759 909115
1691 9791 1401047
5641 6434 617068
8145 3748 5772045
2519 4002 1426960
7330 4644 865125
1024 9379 1084331
8629 6223 298882
8469 9907 53743
3954 1280 527565
5334 4976 1509732
875 4486 2857733
9093 9870 213434
8002 3455 1036515
7057 3944 1906863
2012 1008 421134
6174 6744 159000
7304 11 229781
1009 4833 528226
2240 4826 378043
7337 1398 441336
6175 8857 70152
9732 8816 161693
2881 455 2143132
1704 6262 87910
2036 7158 179836
236 812 3293155
6637 8684 1527415
5208 1550 897155
7332 1084 233457
1202 4709 609452
3006 5725 163232
4462 4103 315225
6752 1035 1543617
2528 6812 525086
917 1606 169428
2195 9943 1079547
7769 3715 266720
8664 1155 1046758
9457 8304 2241903
5094 4365 1134330
7007 3044 1730701
4027 8656 1416735
7804 4262 410988
2239 3940 18605
9774 7191 584608
5860 1294 513272
292 2197 925227
6550 7671 763335
6613 8029 841496
2754 9092 2371944
6901 2461 322051
7917 5868 4473780
3538 9605 667900
3820 182 553838
682 8228 497524
7026 9903 583857
2936 9241 541058
6542 4091 261805
8702 5276 1280665
4430 6231 56835
7487 3526 1698092
3011 1702 364587
2875 239 41954
7843 4648 1529343
415 455 140962
732 1332 1441149
