106
4527 1377 277395
102 8549 848105
4816 3108 277140
2449 5134 684373
5142 5506 36139
7490 2135 316344
5462 3534 1436881
375 5799 206003
8511 7810 805764
9234 9643 516708
9808 9585 331952
6388 6458 467385
7546 4151 122730
2516 4478 2669941
2536 90 435988
8347 1985 1430870
3846 3924 1710353
586 4617 469860
5294 2115 159136
8093 1381 420878
619 5569 433304
2459 6064 1722393
6725 5826 882320
4418 3628 2724175
8564 566 2172477
7468 1603 226571
893 7810 673398
477 78 1845709
9212 6247 829802
5173 2771 644383
2950 773 299458
4648 4268 980728
1808 6571 226387
6955 7800 1402920
6147 2563 2208225
8943 9950 226554
8027 5669 7234232
5904 1918 2293856
4141 3391 3410
3655 2876 1057307
7636 8030 11934
1267 8197 64180
4218 2879 1215448
9148 8302 110854
825 2315 1020791
4100 4539 436729
423 5960 1432458
4172 6897 3026968
7137 9715 7086
4912 8981 547229
8877 7205 90806
7856 5036 1492494
7403 3543 2347525
9353 7406 860842
3339 251 660618
3362 7822 627993
7055 8186 2717657
3958 2367 1008462
2097 5043 900777
8521 3679 1095258
3449 389 152756
2475 1834 999170
34 9800 2689989
1189 7206 321881
9004 6618 99828
2549 7277 646372
9217 8961 162856
7591 9391 545229
6168 1611 493500
137 2775 719439
870 3163 1646897
6841 2628 4697663
7490 3810 654291
5306 7786 38018
7389 241 131852
4308 6797 325239
2841 3279 156332
3426 85 1808797
7062 3011 34945
3228 1113 1424034
7004 615 17442
6476 7139 835429
9000 8728 587724
6863 6819 2455537
3609 5996 817910
7366 9019 551571
4069 2060 1389968
181 9144 283409
455 2461 350240
4239 5889 795568
9976 5653 848481
8741 9185 850611
426 6210 121236
7859 5698 589510
5944 2976 2099433
2132 651 2435883
3263 7618 1947146
7865 625 449588
820 6955 61488
551 4573 654024
3459 3844 157977
6197 6681 597415
947 637 439538
6497 4771 490760
70 5269 917488
8551 7310 117873
