106
8085 1214 4158263
4196 6064 1018031
144 1577 500575
5902 3980 28324
1551 7275 388455
3810 5613 1467996
2247 7632 922572
3420 981 1877388
2027 9791 1312828
3558 152 99755
3038 6317 918569
2290 324 166841
7033 3570 378371
9783 3472 1248659
2315 8669 635033
9595 5235 6742
539 1071 122515
1572 6555 28806
1480 7545 1457236
776 6340 1556350
5333 7463 1766935
7064 4355 176645
4058 2892 1617700
5518 6258 136542
1421 6030 1013627
6338 8723 200481
8415 8809 2411712
544 7888 853083
7595 7991 111862
4360 7965 1646349
4632 5204 849306
3114 2077 178422
4993 1469 459185
2467 9635 276822
3477 7683 486280
7540 4999 579264
957 2063 1442941
8288 1736 1063889
768 4937 1287151
6720 7073 1328241
6464 4130 180781
7841 1464 69267
2938 6652 1400733
744 2921 621785
6797 5913 360613
2177 6129 4752773
5712 7194 599618
9079 7137 90702
5834 168 51110
1516 3002 1516699
7290 2376 705991
5702 3971 105159
6708 106 238262
8360 8828 1406679
6376 6111 673500
817 132 1672006
6989 9575 713992
5794 6472 238024
673 2795 50887
2017 2539 112480
7591 4478 802602
5624 7180 12267
611 5957 454180
7647 5707 612889
3901 5707 1011279
6503 6476 405142
9392 1735 669364
9520 9031 171580
5089 4354 887375
585 64 56373
9473 8737 1379130
9561 2746 619854
4315 9520 1760832
1295 383 347525
5808 131 222986
8666 847 1043566
5985 8230 2407813
1507 9723 767395
683 4723 794912
2213 8698 267654
2142 6833 3860495
6774 8465 1028297
349 6686 306715
9580 3854 365996
9038 7228 873758
8734 819 1158812
6658 4582 26467
9094 9019 304648
5166 5893 1014869
7306 5860 230664
3270 337 1311867
8823 670 1831747
2109 7013 668592
7870 1084 869936
8891 9888 1689763
7611 7252 820874
8416 8532 4290611
6720 2030 653321
2619 5341 403453
3678 4939 551175
265 4262 3935143
7383 8478 2154432
6502 1651 865856
1502 5533 595865
2282 6725 3056061
2172 2089 695058
