120
9551 2739 591913
3866 9965 70898
6434 9451 737387
8060 9920 1440765
6976 3078 927373
2225 5327 545035
6405 2017 585344
4812 9454 832352
655 2435 863635
7875 2225 185842
3398 5193 655736
7413 4861 534607
7855 8732 411817
7863 3232 103137
2100 1000 695050
5373 5682 1201421
4007 5669 2344177
6239 8064 607749
8356 3931 378322
9266 9251 128803
4027 2548 3004368
6531 873 1850
4916 8806 168359
2598 8097 194489
4258 5680 280220
4548 3247 961749
3594 9056 659951
8830 920 1640435
7518 7707 2069289
6193 9676 889174
3952 2431 1211957
8369 2010 866412
6316 9242 425005
6029 5219 624351
462 1974 326518
8801 8365 4266624
8120 8231 148603
5448 52 1281761
1965 3726 4363653
4711 3452 40513
7078 3577 258547
4234 10 89724
1404 3421 38040
2310 303 552302
3893 4330 1714341
3194 3538 1040899
692 4016 34055
9901 5805 456033
1494 8258 168902
532 653 1680751
4452 1174 1035887
1485 3677 97344
1276 2296 676928
8304 6420 1614176
4069 3926 816353
1143 5191 297168
8186 4563 2847757
1541 3700 36565
5810 9857 682004
5780 7142 105960
1381 7977 69826
1952 3390 487719
3144 4475 158163
2367 3571 290249
5355 2140 1979022
2463 5596 1512637
4158 8886 784060
7111 8527 1140478
811 8221 145413
7656 2780 243438
554 293 918337
2475 1210 2637670
5090 8464 1904287
3153 5582 565501
2077 3197 3661489
5359 1865 268629
6577 7470 430254
6812 7628 856622
4839 8201 1823202
1704 3155 931830
980 9578 1917212
2853 3823 670325
2969 122 73946
5302 6171 24902
5530 8882 512085
4122 3906 308531
4441 6309 954046
1653 6892 142316
8560 5226 514354
4751 6588 814799
704 4301 915381
3730 9884 858946
3217 9798 1085390
9917 1129 56286
7046 2095 40814
958 7583 520641
1195 3827 2725955
8959 852 499674
5657 761 965572
6095 7567 1419556
2727 7519 20728
8490 8233 421690
9450 6915 243080
8198 2176 337957
5036 5109 281995
2499 8841 636550
5916 378 567923
5405 1118 107727
8266 4666 283442
2395 8504 317196
8230 2826 878738
3639 7279 216510
7429 5242 1921598
9788 4786 294062
6580 9924 853822
399 4857 1636538
5083 1576 139689
6518 8076 505535
1537 222 2057238
522 8115 938045
