120
8505 4330 920183
114 9694 389460
4165 3947 1251280
4755 8547 1146137
7159 4094 1771874
3164 2352 583092
4987 9049 1192603
6608 6052 150482
2524 7310 611510
8197 4562 798050
6545 2408 435961
1033 1365 56052
8381 1087 972805
1283 2169 1659224
4067 8971 193717
812 9655 2202378
8591 2042 428243
8282 9725 989958
4262 428 2044763
6272 965 1151877
1529 1597 297747
5427 2773 950520
3197 7241 186662
495 8556 1514964
2121 6934 1869060
5034 8337 266785
6957 1353 313757
8279 4409 956910
9388 8342 497900
8057 1047 279896
2792 909 50562
1017 5305 184450
7730 3149 424156
4023 9291 608645
1015 8460 2215280
5919 4830 46103
898 6070 238466
289 7133 1441780
1959 4046 1833308
8994 2828 372128
7423 8271 452389
5868 7710 169719
5099 3280 329529
4391 7817 267060
3464 8972 841286
5945 958 465708
8218 4192 38160
2896 7760 2192576
945 2596 1703513
8866 7487 95146
4937 7146 586902
8803 5255 117004
1786 9981 215170
6000 1134 1721871
4479 2146 1052069
5114 9507 1609964
8599 732 1348243
2898 2644 974536
9355 2932 243409
4063 9430 1878357
8297 3928 1054732
5009 398 1196620
1545 472 1817154
7906 9121 47741
4641 805 54756
8028 2855 492055
9123 8383 1669823
8399 3893 1173788
5623 3357 529068
8770 5374 542928
115 4707 887856
3088 7606 328572
7863 3573 1454307
771 1366 982599
5604 843 1148639
5779 9943 97391
8237 2550 811091
4306 935 5526
8162 1067 384334
1839 1665 86413
8775 8217 821024
9352 5240 1167794
1264 6821 1319021
2299 5945 308836
4545 5594 379865
5014 1052 126976
1887 4834 490471
2516 1801 22331
8302 2720 1053818
2187 5854 74559
4273 3203 548899
5234 9237 428882
6699 7555 748601
2199 8418 3036720
8788 2500 755168
1605 2204 949777
8074 8737 421768
6033 3583 4441631
1518 1914 116402
7328 4534 536599
1020 8403 453830
4188 1755 690281
6020 3663 560864
270 3604 171689
5678 3037 180483
8011 1212 35582
9858 7367 2088420
5042 3419 67575
3616 59 673911
355 6885 568228
7411 4506 1158459
675 3008 576433
2889 5706 619935
9538 7600 368708
6100 899 1095023
4135 2150 1139890
9801 8876 779920
3467 8554 2664645
9895 4470 524712
608 6080 3265538
