120
292 4550 205023
6227 13 1319192
7056 1184 1698033
8337 9958 799660
2042 1782 21906
3878 669 491812
2484 2991 880652
7787 6019 443243
1377 2404 67140
9453 9051 245140
5303 304 1848745
1221 9070 468430
2778 9307 117893
7110 1655 1157249
2605 335 392291
4248 3628 3750451
4809 2407 620408
7428 6123 1170467
6032 9027 172316
5618 1856 174524
4118 9263 440850
7810 1025 2144808
2958 1982 35635
613 7991 262652
3786 8365 1759941
7172 8352 475501
2551 9898 336317
6642 7870 10469
6832 3926 773659
7121 1456 1589443
69 5810 1050041
9696 1615 784749
3883 6639 2243737
7456 4069 470636
9199 541 520413
7718 4094 242947
837 2855 344318
5124 1854 923938
2766 6952 383829
6522 8496 220687
2543 9954 422770
8439 4022 889760
305 9403 1374487
3752 3829 1534279
483 6918 70886
9106 8741 1175864
9882 1725 930622
6014 1531 1062179
4359 4390 90598
4114 5362 341469
9443 9537 404018
2247 7539 867003
3391 6487 42590
1704 4685 982286
7014 2297 590714
314 1567 628335
2707 7851 3862309
7048 2147 546851
2531 8522 784370
9155 7531 2683745
3295 6635 620120
4685 2867 1202057
4745 6815 864191
3666 7607 1070105
8056 9547 935114
6090 9502 68486
9478 5944 864416
5765 9857 1420195
1882 4851 293291
2220 6728 306956
8738 8359 119680
7235 1308 1872660
8925 8617 205068
7859 8417 386429
722 714 1345597
9382 7442 898698
4025 5492 240712
348 2315 697753
2388 168 74380
3058 1826 516703
6086 6896 1291203
9320 475 3886904
9157 2761 48914
9514 9564 356673
792 1826 1396196
5150 2153 120971
8515 4370 354843
8873 8784 3666401
9534 3874 699001
544 767 176554
5644 8061 1967031
3516 9981 683649
9711 9908 315148
7627 9579 264923
5863 5604 274456
4021 3484 833260
2469 4889 266683
4933 8359 683901
2613 4865 149722
637 6833 1215500
9119 2616 207638
7728 5782 1308864
5613 26 967771
6255 3567 400916
606 8511 1330653
1397 1838 467835
5160 1615 1001069
6001 6910 272559
3103 9175 57550
7512 466 779886
6990 3328 607541
6671 4727 2470531
8488 7632 2822038
6863 8803 303054
6533 736 92251
1606 1764 565429
9766 9420 1340437
2258 4125 18184
4727 9948 1237885
989 4672 749085
