120
5881 2111 455594
3445 8617 200290
7684 285 1319255
1716 8530 17188
9040 7221 666192
7376 2166 533039
892 8377 1167493
6702 4974 88348
4934 1432 285478
9817 8344 2204190
3038 3789 409250
7798 1214 206416
4606 1343 784866
6243 636 35731
207 8676 1723910
2150 682 171051
2291 8339 622002
4388 1226 779489
4915 2037 676045
1101 2314 603270
8379 8121 373014
5094 3932 1304587
9592 9725 1391119
6879 390 691707
3940 1153 11631
9734 9299 530462
6503 3250 553324
9619 6952 676569
9243 148 502133
4829 4967 28939
5473 6633 4043962
4948 5970 1660243
9934 6199 239983
7187 8378 1860919
4757 7643 3460733
2482 597 77247
4352 2504 206544
7211 7730 1415678
1512 5960 540607
9155 6323 370027
4698 6534 423521
5097 4687 262239
8789 8260 170117
1440 1 617265
8443 7470 2668067
3706 2736 1029784
7772 798 395412
7925 2740 113439
517 1569 166607
1775 8534 793761
457 625 529196
4544 1216 1024078
9608 997 2223172
8133 3277 189441
8013 8214 350415
7583 574 1624768
600 8553 1569596
9005 8264 1863982
8710 6550 339036
1240 8830 279828
1365 1065 1049407
3247 1496 89953
2947 4415 627914
5590 4821 514790
5310 6420 813860
6485 8190 523519
7355 3218 933708
1684 7528 901919
3858 750 709824
8542 3217 348931
1378 933 1304832
161 8694 1042239
4875 1948 1932163
5524 1309 1523237
4096 1934 448432
6201 5332 53234
3838 3185 9720
1700 3759 1199904
6493 5850 1692156
723 1645 2851649
1386 3456 515337
678 8951 1814193
8748 6343 315225
1452 8128 739475
9630 7627 177975
1267 7266 295161
4404 2257 143030
4297 1136 446500
34 6913 274996
6450 7832 334532
4429 8370 2436134
1649 3076 779679
9118 7025 318144
7702 986 1636744
3411 8746 1301617
2644 3929 479986
6008 1366 351289
547 7276 425845
4560 9182 1834730
662 6861 601877
5373 2211 1274610
3937 8894 729210
5392 9548 2205582
7089 7668 1483313
7852 5927 132321
8908 3427 43834
436 4497 652241
5171 3265 1947342
6253 3576 1205408
1079 3115 1178737
6567 6950 928087
765 8024 768319
5249 8538 1768311
1008 6703 117616
2939 2275 256453
2882 7912 378925
740 8477 370924
8992 6638 730158
1026 6959 66697
4555 9582 445803
