50
1057 9841 3728128
6137 3030 804274
5679 4279 2196558
9793 9420 3846714
4394 5032 3083843
8780 5283 2015790
2453 1288 6365367
9263 4183 4279787
1683 278 5835044
7018 6193 3623732
2381 6034 2948502
1071 5904 1003923
7222 1221 1757837
4176 497 1629717
671 3027 3568119
7972 1813 2685973
7763 1212 3199860
275 1332 7649308
992 6334 903591
787 9175 300043
231 6355 1557921
557 8293 1232256
5426 5674 2584622
8682 1363 361298
1179 8664 96280
3515 8132 2664524
9036 7601 1752919
185 1887 178479
4220 8579 778723
9600 3 6407925
9073 8710 1741017
7807 7926 652232
2802 9868 437101
2691 9449 2412278
9344 7931 865962
3544 6836 1192930
2319 7730 3476088
7170 7556 1594247
7479 6781 736429
2986 4895 1890074
4034 2468 133603
5511 664 1471637
6921 1935 302312
7479 3081 662610
5370 3142 237057
9127 6706 2011531
4730 7673 521732
7042 2778 160971
871 929 37061
6378 8128 422071
