50
3084 6854 4042557
1740 9991 5452458
8811 8368 1219679
8471 3790 511200
5354 7004 3240248
3145 5600 1660824
4764 3860 6713337
7308 7296 517218
9733 7561 2865518
4892 1958 936898
8832 3417 342563
6537 9406 147491
6049 1624 1853413
9840 3655 359284
1947 5821 1966430
1815 2380 341844
9480 8730 647476
3569 2411 2172456
744 5827 4597437
9566 5432 4384272
7166 6486 2159415
9736 1961 1307130
1611 6810 3209741
7888 9180 2114243
4189 3463 1983071
5794 1112 3259510
5503 5192 150069
7517 5929 3288437
4076 8826 1540181
6754 1160 784699
9332 8092 1541193
6544 7188 1848249
8560 332 2240544
6090 5553 2434929
4330 3605 965984
8895 7804 1770989
8890 8032 3337259
9781 9646 5640519
4607 7083 56668
383 4661 666179
8733 296 569645
2020 1654 2749838
288 7736 1694977
545 4392 5520940
9902 2632 1755039
1331 3935 291674
9558 5341 357998
4942 8242 125037
43 7717 1452104
5949 6972 1211136
