50
8964 3165 5047509
4484 9954 5860716
1538 2600 1368285
4998 9275 2640031
7720 6322 1749811
9740 9877 2843192
3874 5490 2638145
6005 7670 4477147
4734 4418 2954281
8950 2930 906888
7155 1563 793477
9002 6646 2407714
3191 1739 875888
6318 3447 527895
7593 8485 6069489
4380 4015 86703
4727 6655 534451
733 5290 2214169
694 5447 2304207
9416 354 294575
4444 2062 1058507
9155 1753 230681
1743 8189 5085318
8403 552 2164001
7203 9634 1241473
8487 6559 983283
2212 7147 157478
7040 2379 1174454
6544 9640 1268439
3082 3881 356641
2024 9870 154847
383 2311 1989181
6683 372 2681327
6023 7230 6039758
5481 6513 93710
6932 389 1964072
7271 7140 1966853
4611 8756 966842
9472 7210 126094
1897 7635 1693579
4460 3101 540184
9627 6011 1363292
6804 3026 1396805
6250 4586 4583558
5406 9212 1190896
1306 3782 4889189
5432 3970 781513
7776 5918 1277240
5847 9034 148877
2142 5936 5837335
