222
6374 8 283643
6350 472 892781
6482 7468 423359
7778 8941 148839
9216 138 4215
5419 6497 122771
8226 6967 599604
7834 6304 828485
5477 731 165629
8148 2307 775667
9949 4395 46232
4932 7004 43291
7378 1880 436893
8118 8422 77953
1938 9939 231947
3577 7066 184194
9990 5191 210785
7929 2272 53901
6129 1762 647617
9598 915 260015
9663 5677 184139
8434 573 653304
1286 1765 623697
309 1476 2608
1999 1357 151204
429 8705 750079
6651 6861 22724
9217 4755 1127441
8568 617 358670
7646 3762 287825
3739 6463 78284
696 5919 39481
4807 9931 446656
3057 2290 157816
9154 4683 2366395
8539 5807 291074
6342 7506 1295874
6870 4885 674203
8724 8097 440755
4519 6687 90125
2467 9642 373992
7925 3109 112128
8210 3343 488926
3971 2759 197330
8372 3030 46575
998 5441 426168
765 4870 41365
8434 7833 603017
6985 8929 776816
5129 9908 460097
8290 9412 833913
6685 3237 870906
5694 3994 856635
1532 3998 302645
6672 4646 294712
8126 8667 564341
3909 8116 329009
5081 505 85166
9787 2194 754289
4910 6401 220259
2372 9969 185641
4197 5405 1457809
6646 9586 1498017
6646 3713 672588
3151 2450 961471
2244 5906 13144
9400 9740 31611
6822 94 249339
7550 8577 24933
6094 4623 483327
7611 2801 1025285
8315 1300 7394
136 3989 475642
2763 4952 380232
1682 3444 166022
4141 4008 155262
8337 6607 117990
9337 4004 533944
4594 9548 4723
6543 4148 390442
7904 3852 622388
2260 7872 1560632
4617 8127 524062
6126 5781 205641
4047 1948 321714
3621 5906 130152
886 5462 742248
4863 2724 933915
7282 2134 103152
242 9832 213387
5076 4941 258996
8579 6800 693404
9955 5580 556912
5697 5515 582075
9567 2334 617743
2772 3908 157765
8853 8861 389557
1004 5122 81631
7763 7623 425812
1028 7618 77162
336 1949 1731073
228 631 740802
8092 3815 660489
3773 9757 591874
7234 2200 367488
8597 549 287748
2236 339 38652
6521 5981 33705
2007 3989 331510
4601 9040 43830
9696 2662 363015
1216 5287 527516
8012 9586 561747
2225 2636 407458
1801 5956 441912
3654 6758 61139
3003 9058 798184
374 7014 89919
7035 2268 536072
1498 9346 948034
1552 3871 432749
5602 6577 260217
9842 4807 807548
1486 3695 48958
6537 9456 1854327
1953 402 263660
3908 7766 808837
7311 7401 144934
6371 5104 94769
2178 5153 42765
7664 8105 481121
1921 5765 612737
5699 4010 519772
9050 5221 452863
6209 5310 258850
3377 5763 778920
5268 4440 1300877
6107 6665 677149
3785 6469 378687
4307 5501 427667
2826 6935 357098
8085 6874 55694
2891 3239 353313
8359 9974 158458
7605 2300 8709
8750 2014 1175267
8502 3743 70183
4093 1158 6675
4230 2473 663236
8534 683 562030
7476 2285 47770
6825 7131 359292
8577 393 822515
6538 8019 82264
6672 638 578571
4435 7439 764096
1511 2922 1519067
5247 8433 45983
2384 3760 108141
4413 1034 1856884
9270 6358 786922
8045 7192 448540
8617 104 201206
1373 5035 1306190
341 6738 294209
9759 9847 211535
5826 4507 149470
8222 8594 27978
2836 9661 182367
8407 6105 1263363
8739 4701 220487
8787 2186 136705
8504 8372 278673
5021 3117 329735
3358 8737 567001
8538 635 1845884
2565 2038 88888
3108 6469 540358
1761 7070 104120
7612 2217 788121
2544 4913 30456
1889 8893 215085
28 2641 1023425
6316 9476 207649
5058 6549 672411
181 4108 478906
9370 8917 946037
1285 7836 272716
882 3362 414713
2600 2173 1361610
2842 2587 228981
3681 943 972713
6972 9708 8541
3557 1045 252385
7543 591 41264
407 9079 117153
109 1962 2080612
6761 2762 210542
7998 3690 344894
3139 5014 491455
3720 4904 105978
2889 817 383407
2709 2591 50430
5622 8044 219385
1746 2024 175473
5746 6271 446380
900 4220 125162
1501 7753 474135
543 8560 711601
2832 6536 54230
7153 6259 200435
6833 9985 378071
842 6809 639003
3317 4818 343942
8449 2622 368096
6324 5531 939717
4578 2121 249218
8524 9690 29121
2644 699 184459
9092 239 287511
109 5277 56346
3804 7263 478152
