222
6233 5694 338851
2524 5350 648371
355 9063 279328
4755 6701 658538
8654 458 1073690
3086 9913 359668
9867 9714 476771
2507 7566 1044259
1705 2407 691144
6374 1835 55208
4786 6122 86432
7070 625 731544
3180 4152 165581
6550 3640 284392
8520 16 1140567
4190 8202 1356150
9706 1578 576464
5089 7086 266698
637 3472 179200
7224 3649 84170
7163 6289 163623
7281 1497 342917
8499 8640 364650
7807 4052 108640
5316 2868 452709
8554 5021 1099311
6983 8022 100451
9431 2311 803133
3417 949 228092
7766 2347 1543636
2683 6397 739341
2409 7313 446180
440 4625 63902
3790 4063 96165
8890 8313 70614
6729 1485 205256
2998 2193 2053
4134 4011 78509
1553 3116 48380
7640 9202 1419525
6365 1401 12921
7118 5436 116883
8932 1909 124600
1769 8001 1461434
235 9226 191968
936 3136 41873
8546 7898 304151
728 6904 355786
2593 3140 188570
468 5179 54552
9136 3700 653927
3744 6865 236809
8240 7087 915506
4536 1354 1094452
9847 3147 96597
1988 7837 2349054
5211 9546 591237
632 3273 808812
925 2483 3642
9573 4585 262250
18 1696 21867
3268 5932 126402
6632 9217 1065
2083 9493 1090948
2025 3732 343280
400 419 323125
949 6248 383373
9888 1107 310736
4332 956 166257
6039 4327 633428
3924 11 221975
2885 7943 275288
7919 1098 232832
2103 600 225578
6395 1364 141138
1852 1290 608657
5176 3417 572923
2970 6939 128592
902 1451 925534
1111 9842 225671
1190 6604 699601
8064 6582 392491
930 9681 14940
9479 4990 331763
6876 2120 12655
3591 5133 190140
2460 9247 390396
9863 6770 825560
8977 3509 118433
3335 1991 1027627
6170 5734 885696
2516 2016 29599
132 5007 651830
5923 5653 373715
1808 389 196141
6603 8066 192152
199 725 980617
8125 3165 1321654
7920 8454 285950
8849 8751 26528
4101 3742 362630
3442 5432 193561
4081 8033 88755
5561 3314 966782
983 6752 1595122
2281 7377 493864
5765 4613 615587
5822 1950 117699
2568 7777 619673
8465 877 26636
5377 6713 450372
3145 789 224470
496 9864 984084
8414 6358 381442
6731 7612 600534
6337 4564 394004
5824 7743 796435
2058 21 522941
9892 5944 307739
629 7161 613998
852 8390 215073
7863 4238 439884
9364 5195 305282
3153 2830 300070
2745 7452 348794
8347 7614 12817
5327 8627 1031361
3735 5167 132969
5689 6348 440044
1098 7029 221914
5445 6765 1202202
6874 501 228253
7214 9561 53279
4083 3516 67341
1190 3360 293233
5017 5979 537592
5110 5955 65163
5573 2424 751692
7581 9730 75227
3711 2963 295603
2155 827 252117
874 5988 344192
1617 7635 425146
8016 9209 484588
5579 7059 442989
6613 7951 1176382
5329 7677 386211
5105 1832 493214
3333 4675 64237
4993 9724 528501
3096 8783 268261
3188 4272 327896
9563 1082 211380
6250 3248 1698722
3291 145 2022
6207 6393 536672
7998 1367 294104
5151 3287 69683
6679 9629 12754
5040 6679 269391
9138 5724 1000837
3396 5386 975702
943 3234 565182
1973 5957 268807
4153 9396 813292
8068 8577 501929
5979 5621 40509
4153 5892 290783
6162 3485 459828
6718 3384 803949
3827 2532 69129
5361 2586 134156
2923 2784 171101
1726 3357 31256
1788 2205 1406967
7017 2761 720705
7482 5796 766735
8550 8925 358800
2848 3152 403066
4725 8875 350839
4107 3222 560912
2853 6752 53178
7450 8379 83181
6917 1097 378385
973 5167 174196
1908 5155 604319
1037 8520 267771
2974 3942 475854
5820 1182 634751
2296 6718 1199873
39 4021 308084
1797 9610 82226
2045 941 1163880
3269 8328 43692
1893 6278 564757
4530 327 311660
4456 4435 116825
6207 4088 45244
1541 375 159351
6619 607 279911
4193 3902 231433
344 1591 487616
8722 2313 183938
3860 2206 180121
2335 3383 63683
3404 6231 470596
5 858 177770
3329 2452 170280
1036 6392 490349
1643 8875 212433
5846 7565 367218
1031 9113 1955846
3601 1358 746668
4534 2696 87921
4582 3518 709860
2057 6081 1782875
1837 1725 216177
6397 2331 717443
7652 3920 791039
6615 7905 504723
2427 6236 1032440
434 5570 470072
