222
9302 362 466925
2900 8676 96898
7810 4589 456985
5678 8817 1021572
6735 8303 1788691
574 7672 51345
5213 5239 200212
316 7643 108881
865 1487 311737
5811 8908 159728
1228 5965 1223804
2676 6258 536002
9431 1039 1241435
7583 6226 309968
9660 1050 1703311
6361 2402 447756
949 3041 474611
8024 9430 2313346
9767 1007 127215
5220 598 5594
2943 1914 197412
2201 7011 1731351
6912 611 487198
4580 1596 3885
5961 6019 56875
1787 3816 247243
1983 8990 292361
9091 8344 223723
6211 3418 113840
8838 3980 57523
9375 2239 436097
4338 401 402540
9274 983 1231170
6184 104 675617
3613 7217 1222222
7713 7469 453266
5980 1279 666102
9232 7483 18339
337 5417 1227
1913 5204 1573176
6899 3343 221012
2119 5447 432536
3917 3713 43246
8964 7679 52458
818 8729 568272
4617 3542 2278420
7524 4508 411010
9958 7543 69985
5153 2453 197613
2208 5312 275791
3919 6416 43384
2290 5345 347341
2232 2833 297272
4870 9299 146436
8882 59 746920
7772 3623 145656
6483 1250 800348
4506 4923 162671
1519 2062 12064
5167 7896 1794938
6998 5305 224709
490 7273 795477
8076 6773 611870
3754 9891 1660665
1046 9843 123877
4134 6004 578946
9271 1222 60396
5616 3909 1221732
8154 6430 266525
5768 5102 199949
46 3061 298666
4107 9086 566138
2176 2468 36785
6868 9577 233054
585 2501 145322
3221 9479 190458
131 6335 118152
1406 8122 227339
4486 467 1222041
7350 7681 80428
3501 9471 290766
1520 3934 636033
7061 8698 323454
2089 9152 307575
6821 9136 501374
1935 2841 51767
6629 7666 509650
1567 9903 592864
2949 5589 208899
4640 2816 361357
4621 1398 7574
6055 7427 320204
5855 410 67460
2917 347 325922
1165 4903 682713
7573 9825 849677
8989 744 232707
352 5502 787287
152 5177 327777
7476 3986 219273
3228 7344 337779
9154 3436 430299
3705 4966 471130
5056 5825 929646
441 8374 658464
5637 3728 369951
9146 2889 626494
7769 5903 133819
9068 4203 199791
8993 5884 319015
3016 9047 155618
8882 5039 40376
6062 4174 58017
6258 8658 25357
2268 6714 363315
8639 4517 33712
8388 8454 1150985
8005 4094 261068
56 897 499241
2949 2718 108565
1142 5384 1104590
1866 5940 1735701
224 3295 490781
7777 772 256729
9305 9299 252258
4291 9837 18169
8996 1419 207513
1127 6185 424028
8743 9123 212181
1719 4107 118532
3665 3274 127336
1427 26 498640
3646 8944 661135
3991 5459 907689
4651 6542 311186
2630 1025 2075797
5537 9886 371073
8933 5032 185006
8361 8572 293460
6249 7080 523598
6836 1108 251387
9768 9451 651716
7043 4681 163448
2834 512 1651243
5226 29 350753
9348 9088 383838
9992 3330 239969
6105 3634 690879
732 7299 99185
8026 3388 947216
4255 2328 413714
9237 8997 1074363
4618 1876 1106763
3856 7978 187675
2653 4252 231617
6908 3872 87885
6303 4318 413523
6621 5091 353539
4758 7203 125343
4923 3395 97980
6752 1529 144753
7604 5181 439340
2183 7315 473349
1883 5841 24617
6274 4589 238214
9954 3136 109591
7422 7877 1439254
5715 191 304307
6075 3590 278403
4798 4859 226850
6759 7035 209556
8958 3618 407007
387 9612 21941
5700 5968 840447
5974 7771 84054
8146 3764 123544
1548 3197 132520
5308 5932 370562
8640 2173 13333
144 6030 642778
7114 2874 48230
6836 4978 54490
1990 6808 138953
5881 8547 1437896
3795 1630 248813
3248 2282 388224
2907 6802 229050
2608 3141 416596
9476 6871 328809
733 6894 108463
1023 3457 32069
2856 6399 209886
2198 6478 291984
6709 2561 1189117
1753 8393 83988
1660 7409 67150
4159 8715 211178
4314 2193 1820007
9757 5953 261391
436 956 265130
8656 694 1001614
6334 3156 912242
2873 9981 586762
4575 9286 194160
9376 5808 99901
8254 9702 476266
8606 9542 161254
5472 9499 57254
1973 6275 153497
5269 8429 872954
1260 5771 760011
6234 3555 9900
899 585 36261
7985 882 102993
3318 6380 162780
6875 8315 204427
6329 9137 647915
4934 8272 521141
2379 5175 5352
1058 148 354677
9078 7531 1276259
9325 1923 925038
