222
374 7380 390718
2267 4563 639055
9189 1021 1027460
229 3738 119659
6636 8991 1319582
9038 7337 289114
1579 7691 375552
8864 5394 561526
7560 6479 1660
3757 1446 110620
4049 3165 398077
3700 2946 36616
6019 253 1592468
9643 9868 1064496
8432 3617 135314
6705 2794 520003
1205 2172 13248
8667 5981 19356
3862 7565 648383
4681 1412 201326
7991 7035 108337
7739 4832 354117
4906 691 94543
9957 2359 168228
6007 3369 559073
8582 7137 323340
7178 4488 94627
348 3344 75172
6204 6252 270372
8398 7488 919686
2751 6584 1006500
7025 6441 689602
3253 6413 402128
6128 2049 104977
5346 1308 239248
3872 5295 524227
9709 4888 261241
3946 6100 278381
9183 3712 967773
5472 7700 396832
6998 6436 1011199
3619 6651 472238
7319 4836 161299
3108 5649 493186
8365 2105 69510
7892 9581 397902
5255 5676 471815
700 1064 147707
9075 2543 170212
8584 9465 473201
2487 3085 315544
6095 459 410758
4329 5420 149402
8549 7214 843484
7873 2398 207478
5774 7270 9525
2332 1209 181283
1931 1902 331499
7638 5952 93335
7097 8587 65025
7031 9976 21311
1909 6944 565192
6546 2997 949063
2055 4791 123370
9656 2227 102889
395 991 329761
8954 9446 1040808
907 5094 352859
2020 1654 343590
3990 7388 287362
1134 3298 143618
5608 8554 7658
5298 2178 547175
7131 4986 16252
8683 5080 945489
611 6928 1030251
3674 4105 676764
141 6277 1074956
5656 2669 164573
3053 9749 1412624
3250 3769 2011213
2672 152 920782
5854 6414 1599412
2263 6734 1047079
7170 1352 431897
6088 9402 356180
5537 8382 875273
4305 7735 919342
6950 6704 111210
9403 5466 89406
9959 760 429666
9785 9468 242645
9747 8258 544107
7825 5914 469531
4569 6800 381906
8549 2199 901131
2480 7743 55196
5675 7510 352522
1145 9494 178642
8549 6444 259077
9582 8021 380158
5724 1099 1126807
4836 3762 42061
8423 4526 87751
5834 584 370083
6623 4140 27319
321 5808 941323
3642 7723 431843
9394 4984 413400
3601 1050 288545
5689 3108 615886
254 3682 359350
9594 5340 951958
6632 9724 435959
1493 531 1253623
3332 849 484076
2803 1148 373477
5432 3449 1557092
7024 1798 480369
327 8585 264887
2914 9310 255995
9604 3010 107157
3755 5735 1298096
1099 8813 376231
3723 7754 1249748
492 979 1797995
1854 1481 223905
4903 8707 292175
102 7858 103588
9743 628 512498
8023 8523 258871
7462 7468 148888
4370 8348 57008
2985 6665 1252252
7560 2946 1305415
6085 1722 38997
3974 6315 979399
590 2327 357618
628 2789 979988
5479 7347 59765
5008 6079 219636
4494 989 626084
7365 9458 556958
2006 6406 105485
4432 4663 208502
1787 913 158240
1722 6065 112919
1007 2981 375010
1873 7791 514250
1186 2410 686546
2447 2508 467569
7427 6914 111334
6466 5036 112366
1292 9033 365325
1358 2005 557788
713 7337 1019040
6477 2383 249623
1909 6854 321135
2702 7130 817544
8344 1936 262165
6803 9783 414445
765 703 253785
9325 949 266436
9651 7385 208142
514 3509 895980
1390 1330 74009
1141 1166 306443
8012 7130 30791
8658 1486 88528
434 9882 542921
6966 139 261396
6238 401 99042
8030 1349 485197
7593 3621 58887
8511 1713 126719
9453 4635 1114395
5169 8849 591682
6917 8820 1093659
6682 2980 303698
2089 397 11405
9436 5142 1542017
6569 5466 806630
1287 3250 31072
7801 1347 102161
5359 3704 3844
8821 8690 736448
7318 9864 109434
1161 754 319182
7702 1665 195474
44 1467 60158
3893 2656 123247
46 4372 259796
749 4866 250150
7267 4223 253461
3933 8289 760830
3330 409 168657
7786 7322 199948
5645 8999 239745
995 9529 472641
2797 8909 1073141
4355 6485 162232
3829 3123 355166
8964 1118 345665
2337 1081 394436
1102 6695 295190
1131 9060 728697
1854 8054 193978
5541 7514 161021
9426 179 184046
9777 4922 846016
4531 1186 329299
3595 5776 1354157
2022 5612 575560
125 3608 789459
7097 1081 60582
8184 4397 149369
5220 6280 25245
849 1329 21816
1044 4358 20911
7778 7930 492997
8577 7589 44844
5 108 1054622
