222
8918 7962 883256
1476 5670 387069
3868 1407 46880
5967 3335 121443
5472 8148 53509
637 1331 56692
5879 324 392807
4464 9172 38239
2941 1269 1466343
5320 9006 199082
2399 4920 641256
311 7967 85507
8359 9210 873900
2411 6229 247729
1895 9427 112107
4109 249 38045
1150 6647 344129
2107 9765 526372
5068 7126 951638
7582 6462 502405
9047 1977 632903
698 1459 470571
5556 2657 72947
8251 8443 346503
7889 5342 2037883
7259 7014 91901
8937 9341 6217
6999 7969 548642
141 2538 369021
6176 5109 158329
6746 3063 837610
127 1190 257830
9884 3104 952384
5878 4996 50517
9054 6492 535123
3777 7063 181185
9600 4294 69678
372 7099 423831
3134 7306 187694
2632 6193 144419
7069 8097 241132
7145 1610 445351
1711 8517 1453803
4917 9681 320644
5541 8336 128522
6359 2654 156022
9557 3226 524823
6197 3887 1039966
9148 3724 1390644
2776 7625 4833
5879 1568 722487
2853 5044 93851
5226 264 6447
627 5829 178634
4984 4334 403409
6879 1304 120244
5054 84 676716
34 7714 989779
6384 1696 1064276
3229 2313 1296793
4372 7820 1884943
3762 6575 384246
4521 1715 256203
1081 2787 393415
4091 3382 373344
3006 4478 24598
4501 6200 15444
301 3791 101757
3969 8289 645582
5883 5011 1055488
8815 8784 1054
5227 8556 1954663
5500 4386 31455
8344 1931 355237
4535 7563 383974
5398 6548 14853
6214 2639 517058
7715 6899 1363536
4392 8025 819190
3836 6709 231674
8698 1832 383415
2364 8197 352675
2678 4625 379274
860 9803 457832
7588 8107 175002
651 9544 302630
1353 1491 41307
7433 3854 354802
1962 7228 26512
3727 9257 786138
2301 1332 466848
7530 2030 203127
3450 8892 378254
134 3336 332583
6167 9109 608069
2180 9156 370022
6770 881 553007
6099 2693 722453
9832 3128 437266
3986 3257 40156
1262 2626 356830
3967 422 1319628
6035 9819 369075
2847 8247 247981
4050 6486 210872
4793 1810 569672
4918 1590 109023
4841 4357 1251926
6874 6821 333917
2351 3283 184554
3873 3446 35342
8089 5346 1089338
6242 1665 201193
8089 5431 1429310
6406 7665 576922
6746 3803 707608
6948 1456 335265
3204 3816 1053286
9591 7191 446511
1398 3580 6607
5051 9617 234023
8320 593 818861
4077 5908 51119
5805 1476 853899
6384 1588 399926
9323 158 1488207
3792 5340 229749
6616 1827 1031410
6443 9107 1280001
5191 1236 67126
7175 5744 305486
950 7923 622220
9114 1749 321669
9923 8417 897985
7819 6265 584202
1443 5883 764676
2597 4305 479112
4542 3584 37831
9860 4644 460312
5440 2119 198146
813 7747 910675
8519 916 200199
5481 8249 414469
441 458 26432
9539 1264 9062
3518 4814 22098
5509 8364 67906
5867 3684 725986
1942 1466 31243
6116 9013 71398
2977 4403 294786
1269 5231 794244
3242 2036 1835914
3288 9610 372628
8483 85 559704
1182 4271 55934
5863 6444 353195
2622 7702 38379
4632 8847 436382
529 8171 106284
9132 3013 2170767
1297 771 327082
1265 2300 1647598
3890 1613 144619
1393 3244 438524
7960 2390 393918
423 2272 464237
612 7950 30933
9727 2150 197115
4920 370 1034795
1608 1151 676205
7826 1167 19361
7328 1299 183531
1610 4244 15518
9401 4228 469155
8339 6776 843898
2276 9633 108143
9762 7659 518851
5647 2188 22248
4386 3793 278051
6596 6671 1015431
8262 1173 552575
6953 5172 1014379
7230 3435 53393
5591 5938 21285
6929 9273 269447
3784 2674 580730
1332 8680 279483
7081 6744 644990
7466 4503 318982
5969 7563 237095
6045 9927 179482
3868 259 296526
4330 6813 237656
9800 5386 284709
3254 8573 676251
2826 6423 104233
1468 1184 800112
4000 897 25435
7869 8569 599473
2111 332 775300
1129 3031 313340
1440 9616 59581
9467 4196 356078
1784 3956 190034
4674 7021 341825
7813 5271 208369
2504 3663 264045
7663 2683 546221
365 768 202320
2656 2144 133364
6624 9279 317660
7492 4300 779757
6205 3832 62417
7170 5327 290572
7229 8326 164477
6642 8141 637155
6595 9123 371162
384 9604 316723
6054 6346 144312
3977 493 114357
716 2538 165919
