63
4117 3408 2050841
1334 8519 3233644
3997 942 824711
7322 1823 619663
3980 8124 1959502
1461 402 1190695
149 8901 462277
4921 4239 56866
8131 7464 2784490
4578 4287 261748
6585 6877 2164463
4485 3326 620793
7476 2312 2269210
5566 3408 297916
2080 9322 183680
4412 9017 105749
2274 8946 267596
6051 6118 829898
49 795 5099718
2094 8547 605464
7085 895 1580384
8006 7611 2030115
7630 2926 5172972
9090 256 177983
4712 9523 254796
1603 4073 835321
1084 9776 5303751
1631 5267 265221
2355 3749 40768
4187 3402 649725
7740 7017 49842
7443 3389 2097259
1889 7296 1149296
9805 4583 1518617
58 2239 1218737
1483 4894 942872
1114 4103 1647900
3932 2580 147609
4437 111 543865
9915 4376 1101714
3564 7177 1586268
1381 8969 25586
7395 7618 6162616
6030 4102 2801429
9823 1277 2497863
2353 7483 3058686
2957 7965 515279
6699 6389 239544
7420 1043 11338453
5099 6448 48974
1299 7856 872731
7147 384 4653296
5622 334 258703
2161 5003 1139368
5847 4272 255262
2667 6773 510498
6689 7378 2443293
9882 5945 2461109
2241 1539 1385690
3664 334 1339979
9272 9342 2738303
9188 7828 145106
8871 2414 904293
