63
625 6743 2188386
7184 8313 4265930
466 3874 1277699
3853 8922 1703651
5475 870 705846
5979 3508 3375185
9031 8636 1648118
1988 3180 5976261
9993 6657 114590
180 6258 91929
7994 8292 423739
5495 5362 941179
7689 7400 2119083
6055 4532 6120291
9055 8911 119244
2151 8742 119526
5884 1311 201817
8881 291 673761
7601 475 807790
5401 2045 1206959
326 8801 141712
806 7677 285363
607 8684 686305
6990 7330 8273525
3962 7118 642215
5495 1387 2432519
8806 5772 429665
2330 9533 1178915
1467 1115 284597
7899 9419 4582855
5026 3482 26585
4770 3229 1417770
2940 5654 2771389
2786 6477 429780
8879 1769 429586
4840 7409 2295485
6808 3545 119446
5575 9226 388856
6595 8218 677735
8444 7424 597023
7206 6572 912043
1320 4305 4062794
1735 895 3676937
4129 7055 460738
6909 974 350714
9783 5522 579433
8708 8309 452130
6215 9104 390369
1537 2242 736313
4406 1716 1770700
8507 4897 2803966
529 8934 1638512
2350 6002 7079
5787 9762 2277748
2793 3607 2529487
2399 9232 1909228
2720 7112 5065283
1672 2528 285668
7789 406 1422395
125 1358 1002674
6759 5982 28137
3560 749 3088139
6385 5422 2377203
