57
2512 2003 2318072
2522 2211 1071
9019 8936 570787
8288 2179 1091433
11 8940 4009246
8270 6404 390446
8718 5563 2425398
513 8678 320114
1679 8332 1599524
41 1727 774657
866 3949 3517438
1560 990 315872
5634 948 2616459
8491 9255 262977
8243 9717 630561
8546 5632 119252
6795 2893 204312
8230 7143 1942499
1326 5062 2247690
6687 6128 10111336
3463 1627 3048807
2942 3143 431700
5615 3898 662663
1829 7036 43315
6349 2330 2384066
7818 1287 1962291
4051 8664 174945
9776 4338 1051406
3735 1076 4943148
797 5540 2662866
9031 4588 1208773
8498 119 3542955
9942 5462 1871809
5520 6888 1698046
6236 8371 1330427
124 1195 2270662
9902 419 885638
4627 9685 1426082
74 1555 244182
7573 347 898306
7275 6540 689398
1327 2872 18788
342 7196 3577476
5803 9223 689657
2947 8246 102864
3101 9750 2739234
7171 9790 9090154
3793 6969 2211741
5147 30 138804
8503 4026 3962257
8437 7629 1763618
1294 5393 1689409
5103 5278 1423356
7820 6423 97106
1303 6004 2746721
4914 4260 649575
1834 5121 198611
