234
2690 3718 455515
82 5826 65435
7888 7066 97694
5534 6032 449477
3780 8618 528479
9465 4911 495
1801 456 379824
5338 7759 97778
4103 391 167419
6543 1411 540842
6026 277 712182
5136 5275 49680
6285 4937 513700
2768 5207 40662
7914 8081 887833
2424 9598 1732190
8309 3062 378984
6793 4509 95980
6280 56 50235
4928 9414 12580
6099 6812 429735
6564 6851 158438
8377 952 259291
4723 3695 325093
9263 363 615917
5146 4457 2084098
1432 7636 463429
6639 6088 690984
4879 9458 68195
3358 4097 921425
6823 7698 301153
7036 5189 768557
6205 4900 92062
8671 5827 760727
9379 8463 2314537
7574 5990 396930
5280 7972 350460
5068 6365 90691
7105 7194 266832
9244 5343 897353
7016 1005 153012
7485 3481 138112
6911 6995 512195
5542 6500 83835
678 7876 1541261
1911 1820 342057
6879 7284 120627
2258 3054 619106
1393 2000 854546
3810 1162 148668
3937 9333 1590170
9325 4466 637269
3392 6043 265839
116 7784 490040
3031 9557 2030066
2198 9710 93006
3118 1680 189353
7082 7103 265171
6562 1748 675915
5536 306 94507
6650 1329 264953
9137 4574 37788
4968 9626 687292
6461 4217 658281
403 9863 2204
5167 9041 528837
4787 3632 411912
6533 5257 187365
2235 4239 252211
1210 934 238717
9964 2703 105211
1997 1492 232168
9767 5133 926922
45 5381 424495
7049 1967 25520
5746 6261 148217
6753 2903 316942
5793 3784 9186
3948 1097 123580
3911 1600 572032
9628 9656 12702
9834 2579 39269
5356 2177 375824
823 2033 15453
5998 3672 333418
2084 2322 196833
1617 82 5747
266 3543 206550
2098 4864 65394
2092 1711 29647
3524 3445 298606
4137 1090 194115
8599 3479 1187246
5486 9615 471341
4423 1332 638175
2374 1102 138031
6765 7817 5473
8547 8417 243785
9871 3108 899207
2241 6933 208397
9328 8528 482398
7824 1253 387465
8921 7613 274246
6656 9772 200573
9670 6080 27786
8702 2529 586672
8631 1705 486639
4541 7973 197577
8062 8752 20926
991 9378 162817
1384 1256 159880
6126 772 534836
6832 4418 2431176
4388 657 221329
3296 9350 67276
6949 2950 1681886
2790 3857 956002
6628 2646 388450
6964 6952 151796
57 2630 743650
5957 3219 595355
3601 8710 264621
78 9843 80675
9060 6186 23833
8836 256 25015
150 1882 753992
5425 2319 588364
7585 8009 260956
4332 9411 775696
6545 1141 103096
4672 3855 245300
1667 7223 522674
3195 9411 190501
7069 2609 626410
2048 2217 751671
1107 9348 332216
9402 5881 469803
9577 8027 290864
2827 9147 1275725
6962 920 108092
2371 6361 637096
9306 2622 395140
4153 2225 433860
2832 9960 86034
8715 1438 930802
6547 6483 367615
9596 7976 229109
4584 6910 356342
8721 9203 408272
5579 912 138127
467 3104 955862
2756 6829 173955
9070 5469 197867
9866 5531 177314
7500 500 1061968
9246 3716 474764
1925 6465 568725
4275 246 781547
4002 3630 454155
4836 5152 69059
4860 8806 513409
9897 184 1397462
3978 4261 91119
7137 2357 172197
4246 2583 176752
7462 4379 141509
5126 5290 74484
3024 5328 278053
1934 3551 648323
1196 8169 470859
3638 7310 2147566
3018 7794 11882
7341 6295 727636
6142 2552 417771
2245 677 155060
876 5273 88616
410 3204 1491713
533 7987 199836
5892 9539 134380
7203 8984 1012930
8012 5175 256620
3667 5216 114134
7078 3406 874084
9501 7437 1111818
8147 5245 306226
9506 8440 441476
167 4123 116382
2941 6814 619983
1816 1659 260103
2206 7763 388971
2743 171 162545
5189 6310 6803
8252 5305 336367
5523 3678 347664
8161 2261 184065
336 6592 799560
2660 2515 46394
9131 9266 454680
1628 8730 20344
9732 8663 342306
5082 7063 16840
2372 617 278452
6986 6341 1536569
1752 9850 794258
708 1406 54589
8775 5633 37080
2811 357 494589
2475 7596 138643
9322 7591 314982
8396 1784 119198
4582 4955 67393
1405 8792 276567
5602 5970 282591
8837 3506 225497
670 3108 440740
938 3862 35991
7850 4851 518977
141 2316 218900
6252 4002 197049
1636 393 904781
5039 5886 413573
4010 8753 666092
3497 5939 345790
6753 6907 839837
4048 4536 221520
2853 9369 225928
1844 6859 300732
9381 4319 45694
1937 2092 164344
2687 8391 1381806
2515 6599 640614
7413 1656 82676
5375 8009 695957
740 4864 57125
