234
6268 7597 849212
9902 5749 19287
3326 4066 230139
1808 5118 369780
3743 6322 784024
8624 3839 108213
8914 3133 289264
4456 6870 13481
6162 2715 326942
3498 7715 546888
5347 7675 701484
5107 9211 1060955
2698 3718 254014
9602 7597 559928
4519 9327 453932
3324 4724 144606
9750 9495 334152
9890 8219 233557
6319 8569 1189542
7549 4797 217392
7287 2943 220594
4892 8585 493782
528 1373 361269
3945 2095 144180
8004 79 277416
9406 6694 21065
2513 8067 1534372
4047 9874 390074
3515 3574 240271
918 1478 323701
3637 716 848151
836 7378 748255
4696 7087 242992
195 1342 31184
8108 3311 144892
4383 7001 89623
1622 4522 57978
6788 8188 714184
3263 5687 792808
6822 3095 48187
6625 18 826311
2561 337 707638
4347 6599 419904
3016 6439 1000912
4503 5682 857091
227 1899 279914
7421 746 773914
281 1436 187322
7578 6999 968486
438 7161 70893
2101 6132 176331
4694 5262 110950
5493 2263 472845
2912 4778 149789
1842 7211 48532
6476 7029 222648
4032 8060 574208
3895 2238 960940
5646 9370 706799
6536 3744 78599
5929 684 415065
8181 6266 133142
7274 411 522341
9204 7138 248022
478 2586 198497
5846 3685 705486
1818 9727 50555
6244 1529 192460
6229 1661 336831
3014 2438 256063
2477 8739 307115
1634 3241 209158
1045 1284 142018
1053 4401 210542
9057 9194 573414
150 3244 36902
8735 7982 416032
5695 8659 16592
3352 208 331573
1128 9706 558914
5402 8736 126386
9129 5169 317109
8983 3519 101957
899 6228 1101058
1737 7712 439042
959 6463 320197
3576 4281 11454
515 63 146644
4094 6304 103435
7298 2458 2068194
1982 9502 269535
805 5250 1352571
1379 4432 2048609
9595 3108 1655995
6715 5088 138031
5778 2968 704376
5315 4803 410562
1944 7883 349451
210 8870 119236
5646 8195 555178
8786 5374 256942
896 3180 183364
6261 9482 315566
5695 7291 157248
7263 9226 256138
8325 6442 170204
1890 9432 278043
1457 6384 682211
7516 3180 528050
9117 4794 293141
8107 5902 469042
8820 8558 434619
1374 2580 466314
3818 3480 315578
9440 7848 44866
2208 4413 694873
6617 8764 93248
9712 4552 1012505
4879 2326 798428
8950 9908 279563
5798 4230 452838
9339 7297 100446
6849 8653 106684
1449 7770 420411
1381 2744 257541
9311 4684 706503
1198 9677 33403
538 7427 64259
6669 7955 587750
6097 5718 140587
1174 8461 120598
2357 2953 169612
9673 5865 807044
4470 2238 131590
8764 566 1407230
8638 3546 1607609
6954 8595 470571
3586 5266 1445772
3207 3198 542321
4863 112 360609
8438 1330 507771
2526 3035 501846
3556 1925 236859
1463 2267 39513
8896 7808 233473
3391 878 224372
8494 4396 581832
5969 8125 246112
7213 7320 321030
7979 3856 166657
3780 9388 141511
3919 571 46007
1721 7633 315103
836 2944 211582
3074 6113 317021
1252 3450 255326
9141 9631 711395
7703 1071 376947
5349 7045 641248
912 3871 39475
7668 6041 343545
8042 5589 210871
9229 9909 388130
8472 7676 983161
7502 2659 221338
5589 8577 116621
765 5212 184654
4105 569 33031
1813 4265 33297
455 4201 793051
2985 2059 327641
1305 1354 596453
3425 4168 43262
9077 3849 227946
7665 7603 91446
1153 633 187642
4946 1592 16592
4636 4444 117776
8371 1478 61352
9981 7968 361661
6254 6322 525561
1789 1978 427850
9475 2899 613279
2760 8993 637483
9545 7379 432401
1276 6712 528707
55 9477 1024564
3677 8324 287143
8060 5637 167230
5406 9359 315929
3441 3604 235230
4521 5811 779230
5990 6478 215351
5700 4384 153002
4797 1725 319625
9658 155 454334
6021 8383 544444
9008 2876 369998
4977 7267 717394
838 7098 79524
6803 6223 836473
3554 2690 518556
1599 8371 141750
9884 8207 408441
6597 8916 389177
9487 9548 2876848
4066 4612 376555
4124 2889 1126101
5968 6629 298257
5057 3344 97469
490 9843 923
5557 9685 32963
4133 159 35740
2796 5558 816244
8880 8438 1070283
3980 786 402928
85 3251 228414
8482 5051 2999
2523 7954 49600
2921 6105 1101278
9693 9504 1048919
731 141 197495
6308 9014 1589699
2006 6265 222918
4535 4331 250325
3038 7746 317969
5925 9584 169035
5704 4261 202459
7144 2430 83124
9418 2371 84839
6681 1537 1345276
5973 7932 196513
8608 8012 387039
9491 1950 941703
