234
5920 3179 145524
9933 9421 22141
3061 6804 358760
420 657 136960
4217 5788 659791
1424 4647 23339
9430 6690 456425
8061 6094 17993
9348 6737 46415
4877 7045 588620
3865 7402 339867
144 1074 19180
5020 8732 353384
5136 2175 584356
5259 1162 243709
4804 9223 380653
4850 1387 100886
8690 9040 191404
1259 7310 2143135
620 2396 991553
6081 2388 814867
4823 4985 72106
9945 3769 1061305
1198 9515 188967
1046 9699 677172
6111 4468 968
3623 6259 112432
8852 6565 507447
4498 5585 626079
2642 6790 523506
9912 4899 61412
9888 7983 140745
8822 2619 389352
6425 3917 990806
4780 8092 677983
2748 8660 14632
1822 4204 474340
8300 1981 189496
2233 6494 857006
7174 6687 14885
2638 8463 154186
2468 5923 192422
8113 9589 32117
7940 4247 363288
181 2929 448902
6781 8296 794196
8928 3893 656556
9361 7038 688130
1680 4208 190499
3168 4208 764183
2805 6045 64729
6819 4681 2050439
9330 764 4226
6575 4210 612279
4478 2103 3197
9235 5839 228718
2827 4637 464230
5467 2995 111689
583 3078 178127
5733 8579 341120
8075 4928 265156
3561 885 354019
546 4578 612396
4701 5305 30995
7044 4015 1663
4749 1111 285218
3005 5638 362959
5087 7207 670440
7830 1950 351654
9883 80 843441
1255 6414 187747
7876 8724 185030
1709 7479 95492
4243 7103 140790
9964 5852 267874
85 6388 102836
3833 1305 36174
2372 4005 47012
7428 8232 185629
8014 4605 96826
9256 7507 550666
6051 4184 13882
1623 2064 1243266
3951 95 77793
8850 268 284411
3952 4677 431403
1032 4151 85759
1884 5677 645192
2008 2447 540083
7342 6492 663676
20 3547 210121
1729 4803 1042427
4624 4803 650603
7692 1520 883451
9951 7026 2886
5169 7977 78269
8016 4636 949233
8987 2500 303077
109 7625 403409
7032 7419 394749
5582 709 70128
8119 4489 955071
4745 5104 56159
1753 9201 173268
322 2141 491240
876 8701 401222
1663 7380 787789
4813 6511 159299
9307 1770 232535
3233 8801 880574
3840 9559 480702
5554 3541 327765
1106 185 56362
8600 3795 1096226
6474 2299 715570
2875 1563 269574
2127 4474 196525
4642 1699 188671
4376 751 164951
3507 8629 442328
5874 1993 213336
762 3429 685068
5164 6809 115691
5366 6802 278808
6024 1728 140628
7018 7392 767338
6340 8396 249792
1406 512 340906
8186 730 973771
5750 3864 114981
6983 5700 137279
6725 9251 15668
6577 7141 123231
107 2386 1396034
2553 4083 232798
9414 84 627840
9226 9245 123732
3233 4372 73868
9465 3840 514881
8186 7458 16284
4364 7882 94701
578 1289 343070
9444 6900 30188
4345 7673 345601
2073 6341 514764
7687 5780 73989
5945 4331 653998
6473 8317 398060
3927 8894 122027
7119 9244 357431
8137 5201 1740448
5258 7416 120543
9430 378 223004
5689 7200 392539
9344 3133 353064
1657 1266 593447
1880 8519 39779
2187 9275 1000029
6384 1410 65947
2202 7092 435083
3820 188 1255502
5237 332 1882398
1853 7100 434069
2818 1572 523805
9053 7169 80885
2172 4084 724858
3287 3106 472761
7819 7473 88968
3376 6022 161576
5781 2861 181347
5033 1010 839189
7329 9414 544911
158 3735 1004772
205 6356 614769
9618 1934 660567
9804 1317 404437
3405 4974 5004
8026 3468 168975
8486 96 269911
6203 6524 55829
3922 5898 33058
1781 1019 177940
3889 9052 263605
9783 1125 361596
6557 2915 202390
9812 4296 84768
9418 9244 12075
3528 572 1549221
489 8747 2442510
1304 938 519172
3129 8391 566266
5362 3945 30935
9791 2689 1259710
7662 8703 917826
1221 8587 261128
3463 2137 1389976
1709 5329 1252667
1023 7119 47370
8323 5041 500217
8509 4227 230325
8049 3039 256536
893 9982 391090
897 5797 1034746
5935 7523 439074
4319 7487 206913
2763 714 801940
8102 3605 71097
1168 6594 92076
5177 800 18989
5054 3477 460025
4250 212 144492
3595 1777 184167
6785 9864 236194
6062 9019 93785
3422 1862 450939
7308 8130 254688
2763 6671 231202
8899 9219 1156247
5916 966 279613
2702 2522 1880396
2521 9284 756419
9774 4907 803110
3826 1517 80563
4972 1193 1082440
4238 1299 754211
7346 6169 260010
7502 6397 178711
9810 3607 151712
8349 3559 579371
5669 4785 993306
7718 8030 282334
453 8994 128418
6311 864 194704
9531 9705 287048
