164
5866 4758 16331
7726 7183 1289372
3838 617 544809
4259 7850 1438069
3617 2761 315709
2886 9746 349052
6694 7070 939110
9854 7267 455560
2459 3389 22435
5367 2386 903995
8041 7176 136598
4066 2310 2019220
2175 8080 226208
7109 6120 79408
4321 7434 69272
1883 2401 444897
750 9716 587680
9115 7143 99799
3012 9315 57486
7074 4537 124692
5226 8372 825411
420 789 149111
1676 4785 119680
9561 1155 1324579
2083 9011 455034
6722 9027 153311
7508 1271 10835
5038 7952 1656250
8937 3848 11023
4230 8978 544393
2993 4139 61108
6365 2806 662867
6276 1608 1167180
5710 4902 939995
3580 6138 47299
1671 3125 69831
2956 8453 939874
7222 9477 223794
3795 3176 1051538
2853 4144 1489987
6215 8925 869889
5327 7162 1259715
5814 212 376472
1403 41 193768
6194 3057 248543
7085 8061 86612
9361 8763 144434
441 8979 427056
64 236 1386396
2296 8345 1730123
9251 5950 586656
6637 1798 1815588
7055 7732 24368
3286 3040 224574
331 4598 790188
2580 4569 114793
7743 1817 331553
9689 5762 33203
9820 1065 543001
2206 3772 77450
2638 1099 493609
4309 2700 1482008
247 2335 1358460
8980 7410 761909
461 6848 328614
4958 8470 372445
3107 2212 874538
2546 4028 65357
4565 6864 1704061
5724 4960 61949
4484 3653 1023154
4533 5916 193571
7998 1840 660784
4029 2630 171602
8131 4020 2367539
9541 2180 340427
4778 7722 445366
8179 9826 218891
9803 3256 586896
3641 1988 574822
8808 120 1061963
4288 7439 29825
3565 2871 850547
2622 62 1067417
1171 8622 1926987
4758 5016 325512
8007 8594 661565
8315 4267 218663
7958 7256 174036
1652 9408 606769
4109 2543 32749
9752 4439 2369773
6629 8099 191155
7394 2055 332795
9447 7710 1507166
3662 552 289294
979 6642 373195
9798 2400 417734
8054 3099 845574
3157 7497 195208
5558 5918 804092
548 8769 114215
756 5704 205100
8241 5739 1300511
2495 1428 1519294
7894 2722 551653
5331 3354 166213
6196 9857 4115311
4748 4798 841768
3601 9034 867696
8844 8356 15580
8600 2117 810301
7487 4292 545699
6183 8530 341491
619 7133 762748
539 645 341966
1250 3266 429556
3145 5608 57669
7035 4851 651263
2959 7051 238920
1061 3364 146454
3178 1851 326527
75 8309 4241
5892 1997 816474
6317 511 125302
1000 6786 1054452
8295 482 70793
9892 7478 13366
164 2033 763052
9944 4366 229817
6121 4229 160687
5315 839 1384443
2167 5412 264215
7644 5223 50378
7334 2387 716372
3708 5312 533113
3147 6913 73651
1048 7931 133450
8527 1148 585157
4943 8968 1007510
771 5219 2523591
8397 8887 284960
7742 5627 474340
9024 1126 1373802
3635 6513 51909
5208 2503 667772
948 1415 156166
2163 3086 4090019
5545 9638 39050
4105 9982 150465
1028 3412 109823
630 9792 322868
9497 8239 663356
7762 9489 712508
255 4814 972602
5275 7135 89565
5880 8496 236852
5539 8864 434426
8666 6770 1241746
8328 7525 15536
7295 6358 91719
9988 3810 481650
7379 7524 333939
9322 2488 489723
