96
6395 4393 3428230
4340 3411 257421
2713 476 204041
8673 1354 1501686
4896 1889 288609
1212 7663 379444
8192 2460 301529
6273 18 1463823
4333 7013 574294
8992 6964 3363885
4389 4220 1370188
6333 728 498485
1962 258 530132
7366 1226 965979
2797 1585 2130229
2879 9086 1219558
3487 1406 4383472
2409 9901 6031596
6832 194 281327
5517 7309 226466
8714 7471 873336
6879 5594 305807
8682 6006 43243
8314 9204 1066434
906 9531 156683
9975 4910 478004
2893 6995 526325
4055 4169 415024
3599 2848 2189598
4397 9634 1620650
7957 1260 408911
1068 1284 1201432
1651 3861 241364
5345 4383 955345
2131 1965 2476966
3633 2200 576051
5680 4659 1439536
9832 5929 191965
6211 2050 732843
347 9961 1188527
8143 9036 861887
2686 1914 1419743
5193 9826 2302085
416 1145 89841
399 2431 1990983
7886 3873 868454
949 1338 685986
6029 6969 375526
1766 7528 544231
9824 2979 2022798
9470 1942 1325482
2391 481 33900
261 6433 939985
6511 9292 1483549
6886 7002 1813189
9707 5145 195334
7935 555 936048
7697 8239 1091985
2471 8727 626286
6790 120 419552
563 5629 1126629
7754 267 737508
1753 7424 671476
7078 3039 136391
5734 9649 1555134
2920 8734 724892
3336 7629 2685066
8817 6799 786655
6707 8791 227922
186 2251 2042617
8434 3013 767588
6884 7958 191022
2964 3876 1139240
2500 6373 198648
9068 8194 155659
5571 1047 578951
7317 4641 286226
6216 5739 417518
9048 9379 610279
5396 9579 220315
7776 3630 2409566
6317 1947 1863279
6263 6364 408925
2121 9799 1670170
1452 6841 662049
584 3499 604523
7435 2314 2601995
7164 2354 222625
5245 554 1216309
9900 9701 359951
4792 2885 76750
9533 4657 722817
446 1451 2363607
2669 8288 2510977
7612 3743 19896
299 8643 511543
