96
3881 1627 1267106
9323 3847 589853
9781 1041 2027466
8433 3370 230584
4645 8937 391086
5843 6727 1577328
4796 7981 1245311
2079 4988 364211
7089 5827 1905625
248 9437 139377
3388 9119 1133037
4291 554 476830
7912 2167 425554
5388 7277 5292136
425 3693 1284076
7815 3279 1755680
3159 790 203138
2906 1196 463660
3523 7086 1459387
8944 8649 231457
2146 4420 3043607
2495 7985 1420221
6546 7415 129493
9864 6835 724739
2917 9056 3320959
7066 2233 80220
9208 2665 2175062
7739 9700 2495309
5992 4510 295069
3346 2132 325261
4124 1800 15987
6471 9907 1876775
7963 9641 247466
7067 3633 276069
9390 2793 392754
4628 198 1471131
8290 713 139976
1115 9373 610105
6109 4626 2365545
5806 4611 91559
4011 1539 1359576
4319 4025 733031
5830 2579 2289537
2657 4147 599184
8562 9723 239366
5604 8059 1692675
6852 937 863697
1314 6016 3577477
3696 3670 592003
4676 9477 2054294
310 5204 307846
3314 4789 958449
9444 8609 35583
6783 2179 252744
7581 5344 101075
4618 6544 337100
331 182 985705
692 9023 390703
8286 5472 232980
2961 8450 227183
6186 1919 111538
3944 4221 668089
7618 9131 1286284
9003 2222 402800
9973 663 424153
9174 2562 1102433
9197 3499 1123101
1492 2980 348358
9136 8949 645114
9891 5747 456230
6790 1019 260550
4634 8101 2053271
1199 6133 549370
2593 6257 2230171
802 7577 1041556
7428 7392 746752
61 5596 1378258
2384 655 354705
3480 6916 866873
5093 7290 479481
4600 248 927277
2210 4393 341198
2467 4268 3860030
196 4825 1521870
9913 8260 1562554
4481 2448 482717
3189 2358 556173
3687 8147 565269
8495 6758 393914
255 4257 1906879
5701 7517 2097116
7513 6714 832781
5698 3654 1268493
3366 6983 326548
3050 3014 3133545
9512 2392 1904132
