96
5931 5825 214097
9292 3406 646195
8710 6038 334718
6165 5440 1089777
4970 2470 494950
6689 1647 4412906
5509 3789 893961
2033 3492 321246
3363 4257 32326
7707 7762 2303885
9122 9920 661161
4743 5284 934572
6898 5305 2084688
1339 8975 4400351
1573 7349 1643420
8912 9413 1712549
8197 5314 137170
1179 9773 2108010
1445 1176 1771128
5502 1737 766539
9787 2470 1238727
7320 6054 1356990
3509 8595 408027
7600 7233 383391
1466 9459 1461604
2135 8324 1102074
2692 2456 1937775
8891 7698 2786629
4306 9540 260305
3385 3717 1494457
4836 2973 133554
3626 8467 1086325
4757 1280 1839426
5392 5558 346588
1736 7006 434389
1014 2516 200868
1579 962 1371641
5178 2393 1799943
8833 4785 449703
3029 7154 819497
5238 5500 326336
608 1545 114399
6409 4935 42118
3044 7405 407655
9309 2166 301019
820 5783 490440
17 2717 66242
6318 1607 124849
6627 3769 23304
8084 5131 284316
1966 8244 391375
2127 4835 1721160
3752 2414 134571
2309 4761 494468
867 6998 1388090
492 8881 279033
8137 6140 816818
5008 97 878764
4551 1205 810198
5681 807 523687
9322 5863 46328
9485 1502 30566
3796 5760 2838215
32 2661 6353239
4515 80 447139
8667 7806 865762
5210 1066 309871
2479 560 1253476
2298 4894 630250
7750 9483 166040
9612 5729 404605
6818 8496 622414
2928 8151 252688
870 2298 280095
1299 7426 230167
863 1301 2806497
4831 3174 1747524
5648 4729 1577458
1144 8517 525245
1135 6220 431557
1606 1285 548178
8234 5985 1156592
2950 916 255102
8415 2454 681481
3161 2284 7325258
5352 3816 736852
4958 9298 233591
1394 4327 2865717
1606 1900 59594
4865 7677 1057822
8055 9556 2153532
1697 5966 747371
6066 9039 950999
3337 2937 799991
1215 5001 651699
9304 1676 462681
