112
9462 9053 378892
8833 1166 2304171
2777 7287 132975
9896 4000 480604
4900 9052 1541721
5531 6104 898811
9049 6910 1110688
8500 2897 2886065
1385 7974 2793373
7047 2919 550116
8347 3773 3416285
1342 9240 509156
513 1022 137371
148 6774 22898
8582 7035 326481
2766 3819 508418
3104 2585 614818
6908 5676 418055
6617 5310 224673
2698 7954 1032348
8786 5067 684550
504 3532 712193
1913 673 240572
6359 6582 686384
255 7542 209403
8220 6459 317757
9059 5137 81016
6456 6513 352765
9077 6484 1259222
3213 9409 810344
7063 1284 441226
2940 3921 616234
5672 1355 833641
2863 1428 129722
9137 7423 542000
7580 7623 978290
3293 8566 813316
5556 9904 72137
3074 5922 425644
3788 7927 903557
8130 2012 2094524
8006 5595 562004
1476 4397 15692
8099 6858 214526
764 8079 1717632
3778 2681 749919
3903 8926 396677
330 3530 3552012
2847 2556 765293
1645 8734 1628956
4835 6146 210847
633 9993 264557
4244 5141 909820
3528 7567 637845
5810 3247 2077441
9184 6280 307
5447 1234 990106
370 4080 1018184
7772 6736 2361347
8286 3090 545342
3380 2312 151432
1110 2096 100567
743 1224 285638
1526 2083 821970
5698 8078 1876905
3938 4220 473838
8445 8703 457632
1888 2072 901948
9225 202 737285
5883 6570 175298
7433 6056 624845
7989 4877 2285646
6981 5642 382840
6220 7232 53864
8771 5566 2849673
5431 5608 1230641
4694 1854 2390484
3241 9932 1066735
1046 5928 1712279
3848 7995 1899640
3896 4177 500608
4067 7706 484578
4282 6679 517191
8368 8690 1452164
812 6694 13560
4232 405 405278
1271 2314 494661
8711 1447 192184
1013 5474 439086
5317 392 459359
4492 8609 2235438
7334 5920 2837132
3233 1679 538738
1656 4930 3234689
5649 1379 671060
5809 9011 2797094
2771 294 564313
7607 4031 169817
1407 5097 578309
5205 7686 2805443
2609 9238 615488
9586 185 379128
5566 870 78499
8070 7075 636724
9703 5472 381106
7438 5827 494097
3066 370 316675
2806 6092 768036
15 9328 1032419
8667 2938 387728
571 8905 876629
4677 8520 52686
