91
8830 8057 129946
8311 1847 933551
9250 791 119067
7622 4399 548947
9219 4321 3971240
7327 7443 2990076
2982 4462 538278
2177 1892 930070
3725 7506 1103695
4912 8267 338208
1872 2267 117625
4664 656 434113
2510 1052 2433186
3923 8669 1507604
8492 9512 492805
7961 3770 1176129
9422 1683 3011264
8868 2958 1665872
4235 9206 895070
5361 2026 349379
94 7229 244815
7091 5938 712584
1116 7074 2144231
2376 694 182699
5147 7887 90331
60 2086 66338
6478 4840 1543818
7180 555 2718275
6587 5432 388349
4536 1152 121791
5606 4372 113456
6911 3751 354315
4788 3645 1232631
2761 9484 542617
502 25 2211781
2382 1555 238997
199 8062 29599
7368 6471 74583
8335 3362 764997
9399 3393 16107
107 4041 632253
3168 6290 2548069
5590 4613 776485
3758 9100 419129
5518 7413 235721
5202 5691 38015
3595 7976 3011937
2717 6431 2855975
4481 2016 109767
3651 1744 820380
9676 4179 333465
7102 6025 468969
2201 2715 394124
2287 4007 3374699
8241 8868 3101362
496 7088 1684290
662 6265 361473
5609 9094 1527409
8980 1751 1490368
8542 3494 485627
3059 1906 83715
469 2071 3165149
3976 866 1442346
137 5464 2162837
5930 1172 242525
7312 5348 181847
170 7660 2328513
6871 2317 33755
8454 1337 206171
5637 1674 222083
5564 4530 152133
824 5986 4723481
7762 394 1577010
4694 1777 1816060
6136 6768 671364
7980 4585 119416
6465 4778 663041
4583 2994 924014
899 8501 2472362
354 1595 1600520
7857 6810 3436992
4076 9846 671565
6357 9300 1373182
2491 2234 3213581
4497 6677 246973
8961 6302 165408
3329 9820 486454
8111 7474 262616
2984 3855 104272
3995 1472 1995248
6735 45 1107411
