91
3669 614 1397543
4903 8343 68798
2591 8369 299730
7406 1759 190270
7808 8209 121106
7281 9604 535333
3616 4334 1903716
9608 3257 1540882
2938 5051 209947
6687 3612 1072024
3405 8088 350777
5739 3099 1494822
2513 2582 1838076
5118 9751 209497
1689 5280 233095
9482 1651 1764754
1020 8363 1853637
8075 8633 1301193
3910 7912 643032
8929 5754 162525
2229 6282 3531545
498 3103 342149
1275 967 1403923
5901 1219 3570558
3574 1416 478867
6 6005 152758
1676 4209 892932
5886 7459 9524
6920 486 167639
5236 8378 3637389
442 2511 319252
5634 7981 289943
9336 5119 1869063
4388 1258 508140
3427 8190 2129209
2237 8372 1070029
9501 4259 576944
4332 930 175267
3310 323 444000
1541 7725 284553
6842 5034 3486985
9395 9310 559656
2741 6990 956413
9313 8029 2577717
2157 7827 600817
4365 9825 1013944
7467 702 232004
1604 4088 4928664
5730 8262 258094
8756 8081 444932
9877 2975 224033
2976 9154 325828
8005 4117 2029642
2072 3056 3349290
7533 8095 487590
4537 2519 1109994
7008 242 183181
2039 5398 1465720
7060 8855 72339
324 9469 3566985
4164 533 3277743
3184 4958 974797
4508 4047 778499
9924 5457 662049
8818 2798 1263360
2122 1371 138091
6141 8976 42628
3379 6180 967606
4834 2690 114316
7882 4667 65854
4081 4934 4744064
1525 4557 847691
7967 2675 1135321
3021 1887 2872750
9059 8512 407837
2409 946 9370
5219 8769 1831033
7548 1174 616796
435 4301 320315
5867 4525 150150
2993 9116 575976
7355 3623 1723638
1687 7323 1056300
1407 9080 746749
296 8749 164
6898 6064 523160
6648 2609 815371
7895 9930 3697706
3296 8744 1465968
2928 1447 527803
6750 2880 728626
