73
5162 4360 315370
8023 5544 865239
109 8610 784464
7848 2820 519014
1744 4260 574130
95 3825 2395974
3442 5925 5107122
6569 4412 289201
2764 7083 15222
6880 8228 196044
5394 3244 527748
7547 4578 428287
9925 5150 806208
28 3765 1454114
9318 8926 267727
7423 2566 2143186
8569 6071 713980
7196 9761 196456
7279 4578 3661696
5589 3691 535944
4804 8228 1404888
771 6028 429364
9016 7554 1065076
7532 6198 2704173
1182 420 1030821
9812 8010 532162
3576 4748 214626
9214 1254 2214213
7639 1366 1276663
9643 5155 682969
7205 5280 127087
473 6144 1434836
5121 2423 259713
9634 1013 25903
2367 2790 1507530
8629 1088 844732
3457 1854 2614912
4758 401 6297543
2971 9679 1268975
7070 5853 5989845
4259 9753 2945928
7997 1005 385073
2617 2616 13082
4306 7389 82798
3034 5516 1761159
8308 3653 770638
6158 5133 1697053
9565 662 3737872
8457 8727 1073279
5232 173 3029167
9768 1994 1006143
9930 232 658247
5221 3418 6544740
6401 9713 987539
4174 4695 367787
3066 5592 49860
2810 7377 4397421
9069 3907 151871
1009 3664 21751
5297 684 1215574
2024 2548 282161
2979 2622 175180
9266 300 833701
3745 4906 111487
6622 7074 349308
7110 4021 1095612
5676 5939 1555256
7452 4582 1543251
9718 4504 980584
3052 8335 4563681
6338 1946 832727
9825 5734 613760
3151 3524 2443153
