203
8667 7507 179044
7169 8210 28791
8038 6426 2380975
9213 1534 166228
7098 5405 135093
9677 2682 4801
4566 5320 192358
1026 6992 254018
1262 1054 143886
2978 3731 127419
28 1512 943155
7647 8189 261007
964 3582 814377
1093 4951 469616
220 1375 91323
7406 2106 855855
8163 276 72776
8638 3679 397749
1078 6479 30785
7935 2095 832983
1499 9962 125160
7521 2736 235841
2270 4254 442500
4682 8756 140912
5064 9195 444600
372 1986 1343414
8256 5058 692186
6641 9781 229563
761 3634 656941
8298 5482 578248
25 4220 2330723
363 5920 738496
6310 148 225638
8066 3948 517980
2380 9248 309639
8976 3628 178307
7909 4022 451043
7972 8410 145033
4137 2451 148224
4423 9404 204218
8406 8425 293933
3252 5938 129096
2194 907 147568
9644 6152 33855
7779 68 32493
4644 6066 185425
9953 5394 295788
5658 5777 114667
5951 4036 31698
6067 9290 231467
3125 5373 37887
5042 7063 1125975
3714 19 58395
4786 7319 706402
1581 3734 383026
9008 9375 4745
9394 6312 1249907
7551 6520 169876
5802 215 61069
444 7312 166470
2147 9233 508458
3311 4215 34814
6626 8334 39910
3164 6237 269494
1930 5724 441173
8571 2010 1222824
4205 6995 342174
1849 8588 248984
4582 6048 1849467
3045 8876 698183
1923 3350 157105
4593 781 63309
5677 8402 115241
2304 8644 458103
8237 6573 220944
839 6663 1015748
9605 7943 9164
271 9414 2362562
3523 3856 760932
3208 4450 911594
1496 529 773614
8627 2612 267266
7364 2790 1581988
7891 3839 11513
339 7335 834887
3239 3559 362404
6642 7455 1015653
3552 328 36032
8987 2646 496958
4887 2989 463432
6447 7528 13368
6010 5190 317848
3024 4283 32584
2493 6975 604254
2 6610 107775
9599 6934 1474727
9083 7223 415042
9678 849 1944067
3716 1860 720210
7859 4637 515288
1469 5735 111295
4881 7172 2587004
9791 2429 463359
3690 6848 73031
9130 7388 82875
9008 8150 294623
6455 7072 564368
4212 4187 161436
60 2513 15242
2721 6379 312549
509 5592 55529
7326 2479 93545
6073 4570 81209
4620 2509 61868
4306 174 897616
8273 2577 175105
4252 5334 339287
735 2482 1372680
7325 3989 15911
2184 7743 1542828
4484 4654 135489
6370 6508 770366
4424 7862 545379
1362 5796 788412
1141 630 77763
4589 3903 475332
9439 4095 67126
3366 4394 1400218
6697 2886 312497
4109 2742 132241
3126 8293 585198
2006 6293 66277
7144 3607 13359
4278 1324 43333
7242 4960 738476
8643 7169 586301
8233 1739 376143
1682 3052 1162477
6785 4113 519948
5740 6062 166838
9308 9246 560551
538 5543 175226
7822 110 123026
523 1871 835532
5217 9560 295587
6766 7668 140710
7003 6562 587365
5639 3816 967999
669 1059 354213
7547 8814 1216195
7196 6532 55041
4231 4304 669344
9267 6257 722135
3202 475 191913
4414 272 528716
8919 6054 902857
5482 7347 29585
8970 6344 538137
2639 1692 1620102
872 8479 338836
7419 8030 707589
9940 9173 1993834
7416 296 198702
3676 7096 526083
1221 1592 66610
235 1965 564504
1086 4086 492409
3293 1995 2522044
214 655 452425
1808 8470 101289
5835 4238 226636
8039 1425 790725
9390 4641 560151
1786 7216 1147590
8044 5534 13193
3626 2803 701500
1202 7079 382946
8666 4429 602064
5370 7219 26668
1840 1644 52369
5100 3626 200355
3384 8614 203777
4233 3059 561031
1462 4263 2281592
2740 4605 124841
448 3423 541784
9671 5177 352600
4211 6026 543077
1566 9982 309003
1574 5137 350219
5844 8733 124185
2581 8705 119441
2268 3567 100430
4354 2195 217396
1246 9064 117758
3014 7026 776480
1901 9252 946470
5901 4644 648638
5365 8512 291347
3150 9757 331662
2959 3193 1614261
3487 2151 210736
6641 5836 86243
