203
6378 2575 475911
5940 2071 178705
2331 2376 276321
4827 7657 25651
6065 153 211328
4394 9994 344124
7125 1552 388415
1730 3201 146002
2685 2067 691449
8881 4216 300336
2965 4482 300481
494 5459 666232
9925 5355 117170
928 9782 108655
914 4155 820031
723 6780 206162
6803 1933 197012
4463 5523 477706
2913 130 1130035
3015 7621 847428
6601 1304 567822
1686 647 227667
5904 152 75723
9226 2968 857177
1396 5907 58515
6286 5527 85834
9797 9893 168554
9003 7310 61660
3957 2495 63235
2699 8022 195776
4178 7889 509350
8807 546 117562
4536 7366 400160
4829 4021 119694
4814 2681 1404441
4363 8884 74574
9488 4382 753537
6002 6561 1461752
5854 9649 709309
6653 877 550183
7821 4027 82726
2643 6697 242588
2920 2478 444573
6388 520 32924
5273 990 33797
9454 633 255548
2423 8036 416124
3988 3475 347934
2886 9336 9365
8620 8755 116552
2153 4954 306933
1615 3263 297323
788 1127 824721
6474 8935 873174
2540 8022 300112
768 262 262169
5 4059 137046
9047 6756 879511
211 6791 102421
9849 5001 1780777
890 4306 394102
9491 3947 345526
174 689 211424
6677 7880 140947
287 9831 82333
4024 8792 1421
4095 5672 525800
1728 7957 286758
9891 3936 569159
1534 5448 169804
9009 4682 410459
3554 5423 36382
623 6133 290546
643 4608 701467
9867 4938 1329838
8828 2066 2228724
6412 3749 132404
6152 2613 4642
3413 2685 1320330
9561 1930 275411
5234 2433 369565
5025 3706 391858
8511 488 75954
6881 732 1216599
9644 5958 447705
4216 9138 210743
5500 2619 115392
8357 8806 1329337
7174 4549 176231
3956 3881 662639
7477 8146 82362
2545 2505 8348
4428 1668 129056
9677 2788 13565
5613 8185 64962
2951 5450 880783
4915 3122 956606
4915 5039 832885
8012 7304 2360314
2714 5635 970487
7559 2977 432886
6966 8904 185376
4690 4598 1356436
7724 5984 62064
5331 7102 1779947
7558 2313 277173
3244 5384 3096
7170 3239 605338
3425 1481 19038
605 3718 448232
4952 5608 210533
4020 7498 420057
9214 8220 696083
4254 1510 146464
7603 8180 305905
5688 5963 654689
6499 400 631016
2025 6690 35128
2565 5060 1040760
2466 2284 311698
1211 1533 425345
6167 4551 974938
6573 1250 206426
8515 7532 35251
5374 5284 553321
2747 1142 1327559
212 578 1779899
5881 5528 769086
3107 6709 212129
2455 3464 410035
6050 8531 890180
4458 9741 69572
8328 5153 886723
8986 3624 992310
7153 1348 552601
6069 5153 365454
176 7577 93982
9958 5175 298284
9688 1074 201279
3524 5172 154076
9872 2413 211396
176 9793 127921
8448 992 239545
3323 2516 623405
5924 6452 115380
7273 3518 1830920
8119 8287 34798
6042 1911 114818
3915 8264 88675
8747 8918 770325
4346 8221 1692574
7569 5702 224022
1672 8132 324221
2227 603 1233
7757 471 462189
2288 2656 212607
1850 4769 1883701
5552 1177 284357
3467 6850 325588
3207 7747 3260434
47 8986 666843
9578 7554 279012
1394 9575 76920
1161 8807 625835
3931 997 223898
8546 4294 782750
2800 9595 341676
6169 1948 511529
2576 2129 177773
2336 9318 3057784
6978 9125 433439
5973 6753 534681
298 5475 101615
8424 3551 207568
5828 3485 44076
9703 947 65965
5243 3479 117937
6276 1434 558144
3109 6365 193985
6737 1576 1144588
9803 2017 311977
2981 5596 17958
6901 3777 1789397
6645 19 582760
7421 5757 902146
473 8420 77516
1226 6855 176400
9914 339 282402
106 6437 232246
899 7111 104052
3477 1070 467046
2222 2695 748237
1256 1099 11617
662 8871 6310
3544 9255 67835
4203 6646 160270
5596 7366 182731
1321 4121 514023
8126 4589 62687
9353 597 2410113
2647 7144 1105748
5060 1626 571873
2700 6592 549295
