203
8393 1761 464122
2174 1777 18397
4888 456 130214
9976 112 206216
8220 7582 255958
8567 6389 427681
6146 9839 57854
7098 3523 28021
4608 9829 1308975
6792 4264 57484
734 8170 836177
7773 2415 98318
4219 2004 2315325
8349 8175 439613
2900 117 88090
4092 4666 345111
8694 4788 154985
7809 7800 96189
2647 595 70107
3780 7457 400785
6997 9330 388542
2074 6183 1183581
5272 1633 63247
2127 9874 568084
6265 2521 265025
5028 3447 387875
6115 3964 147036
4830 7002 979235
8332 2547 690107
4675 2019 292366
8372 4253 124954
9378 4810 46132
3123 9958 9528
9854 846 607270
9672 8066 1751968
3045 8196 551551
4430 242 898893
5196 6797 1613113
6353 643 39750
5361 8260 29631
3168 3303 873532
5444 1431 474521
4176 5584 478100
1955 4822 425245
6854 7825 982406
6409 4330 1055849
8444 3041 4976
9020 5177 717096
4569 8843 434779
4909 7260 731063
3636 5188 603599
1430 1585 1779515
7674 8133 489353
2143 1576 114193
7281 1766 633236
864 4329 2136956
208 7470 149290
6498 7496 79470
2754 6234 52815
2955 1760 593832
1185 709 1072314
120 4895 263794
664 5658 194415
3190 1190 270674
1641 3066 66737
9284 2141 1206503
3766 2476 283935
3123 6644 240606
7160 1221 966441
724 3606 131572
6631 4597 1226661
6844 5080 252767
2647 7918 576627
30 2023 680255
1936 8407 1109689
5748 9150 789890
8106 7987 376407
1073 2093 507186
5591 7530 138370
600 8295 145697
155 1449 69012
962 6282 11936
1642 8633 34991
3806 4423 154320
8270 4639 294768
5394 4260 95390
4261 6901 1443878
8141 5183 244983
7756 8184 2020538
4053 3108 606551
8884 9733 261625
6648 3632 197999
4196 7887 23327
7853 6551 671707
7166 7338 75396
9512 515 711943
4033 8146 472503
3940 3999 308251
8992 1090 213435
8732 552 1021244
3887 8469 1244545
6427 351 250726
7920 709 375084
2410 5837 278351
176 7418 35921
9593 5120 39455
7974 3058 680879
3074 4931 55520
5164 2598 1798856
8564 7240 119991
6328 7031 113955
6700 5758 42883
7540 3399 259645
8296 4535 92802
9618 163 621521
4661 1884 335372
9296 5603 960418
6386 2262 485323
9214 157 461528
5284 5764 357019
3121 6936 310767
879 3869 738
3256 907 288025
4894 5263 665437
4431 8410 399016
9037 9740 450441
2380 2446 276426
2528 4335 1321561
7751 5915 579117
2827 3192 364004
1798 4329 473985
2418 6092 790232
5513 126 195495
645 1041 81851
3588 7850 665429
8951 947 54750
3602 9600 22057
3424 6660 1754390
8010 5564 182303
7654 5612 40731
7739 2479 949522
7558 6282 743273
1675 7865 64755
9636 8278 389953
4881 9665 282543
419 4160 385935
7536 7978 580782
277 5250 550500
4836 6401 858890
5342 9044 128544
8428 6536 510801
8445 4655 2079831
1555 3076 50400
523 6608 649301
3224 256 151097
6104 5829 163152
2110 1611 1130334
1195 3735 180603
5960 940 371822
1408 6293 1345831
4044 4526 949722
3677 1321 90917
5106 7436 419223
5383 20 13106
1146 329 660533
3502 2451 893304
1121 4173 217996
493 3324 1811807
1392 1391 379845
7281 6649 171424
5851 6320 570139
1140 7732 112261
3745 7232 355460
2044 6745 421885
3739 2290 226977
6098 8274 51125
5833 4354 2232913
2796 996 1816820
5525 3692 581919
5615 2630 482003
1299 1139 236442
2599 7251 501344
2139 8126 755160
5684 5650 31682
562 8330 2702
4948 9788 84904
1401 7619 65287
108 9229 31724
2667 7080 261719
4478 5183 316558
47 9137 168029
3876 7228 650002
8577 3901 273893
3947 3812 927133
8869 3938 1088486
1266 3795 219773
8438 8281 207825
5627 2202 54795
7234 2 353394
3182 6914 505138
3840 8944 845668
2127 830 34931
3812 2678 147941
