249
1609 115 811604
7568 6538 73239
596 8490 578420
1896 611 148910
622 2424 557215
8457 3154 46515
7976 5685 524641
5142 8179 663517
8966 178 914416
3289 9381 465116
907 8548 173683
3182 5309 11753
6638 2602 7554
824 7971 34900
3074 1828 1358655
5560 3339 102274
5956 3007 105991
5150 4672 85039
3104 3851 327024
6701 4232 1388157
6160 4013 754493
8086 4969 120769
3464 7173 531671
8176 5517 1413248
2863 5520 364745
1542 6808 796336
5265 623 986540
3754 8698 53514
518 100 1336718
1719 7365 120335
9321 9623 120914
1810 6273 768334
2760 4506 58793
5930 9970 128455
4751 1409 514591
8643 5510 28694
7434 8898 41946
4325 8472 685617
151 1558 286970
5845 9406 58018
7202 5185 108853
6105 1064 395910
7370 8750 130565
7820 5238 646903
690 449 1093284
1085 5633 154158
9596 6697 1029880
1730 1234 97234
4754 2369 143734
5495 3579 780401
9415 6555 52851
8706 7110 343722
782 3919 66033
9243 4985 431686
5460 1112 538985
4127 309 346150
3541 9679 102867
5975 2028 275872
6803 2139 97449
7255 4821 406975
8347 532 288113
4418 2187 485740
7540 5644 85873
9940 7839 601347
2911 7132 584871
1166 2094 355810
1593 44 382748
3212 1200 669066
2010 4361 18131
751 5849 134890
8089 2674 988525
7235 2973 1344016
3763 3462 224724
7359 8038 82715
3259 1631 530621
3392 77 127129
7713 6473 657066
6710 9540 147880
3049 8993 437760
6295 4031 199470
2992 2757 56569
8664 596 551703
297 5680 616683
7404 958 156593
9223 1857 1725197
5332 8220 428907
27 8117 169072
9228 5401 17070
3589 6031 574407
8045 4581 67755
9655 9924 96531
3648 5908 280545
5017 7832 58981
155 7928 247481
6675 9956 147990
7582 7391 465886
7595 492 33657
9898 340 312636
8782 5279 538086
3754 7497 799379
2806 785 65851
7425 3568 350291
337 5275 317255
7336 9247 701511
2384 7663 553106
7382 6733 204486
5478 4975 192282
4882 4313 186533
9351 9250 166880
6130 8580 295324
5718 2677 1578323
9964 2744 197767
6434 6622 530002
7377 4843 127112
9229 1454 266158
7493 1805 217407
7701 6774 1229732
5888 2326 124723
9368 6684 710235
215 83 230275
182 8210 471877
9002 2686 246144
9755 6803 173502
9033 1313 292018
6012 1012 1417303
1371 1692 45961
9740 8849 327866
1327 8457 111150
996 5452 68359
6324 7542 89438
4845 3740 44080
8799 5282 1531746
6641 9543 292501
5219 5249 399871
3139 1987 202545
8487 1778 76997
6584 8902 110718
6200 5742 383159
5460 9375 335673
6051 3902 365538
1755 660 757804
7195 948 819863
5045 8942 1320147
3641 8075 56639
1040 4599 169857
4779 9543 53763
2892 920 69781
1299 704 538771
2746 2183 501620
932 938 119677
2633 271 43794
7414 5961 296018
777 4920 462154
3614 497 475583
138 3219 531783
7908 2228 288233
9707 5210 247618
3046 2937 1053787
8241 1138 445414
4070 5314 122235
2066 4190 365831
3740 9468 341386
135 1206 15877
1292 1045 224024
541 6195 67464
7423 3471 307203
8354 5695 755582
9083 1435 243316
6745 6228 900352
1312 831 427023
2518 5581 106530
2764 3985 58300
7515 5894 351191
9609 7824 162512
2884 7071 617361
4088 5548 103442
8303 2289 89772
3396 9259 63470
7356 582 540895
6803 8215 1093905
4204 7852 282345
4617 2948 776522
7227 117 14187
1188 1322 172816
3365 7701 233147
7138 1025 245367
5850 3379 93196
5562 2791 14248
3607 799 372450
3727 5788 96987
9409 6606 129902
8555 8788 110936
395 906 258072
751 1954 3933
3933 3175 37579
1677 4958 185084
9901 1580 864886
7208 2320 8326
3675 6122 30610
2777 9705 295879
2995 3877 103362
4606 9474 163291
6749 613 309903
3827 9652 428662
4121 625 59882
6877 6769 971762
6397 7789 172903
4538 2139 950272
496 1064 999054
7706 838 527430
3304 6455 1411389
6750 5041 163260
8791 9253 531790
8257 8780 35186
7154 3793 165295
9493 6528 326250
2723 7677 206964
1539 5565 431770
709 6981 95004
2017 7891 1974145
7487 712 798820
6874 6822 570230
1595 4074 61976
5966 1994 1949187
1883 3209 336085
8108 4087 244014
3838 8185 15999
3526 4593 392259
7071 1133 1126900
6002 6348 517938
7925 4298 114068
324 5279 288609
2705 5177 460944
1903 585 694429
7044 1572 136237
3991 9151 119014
8920 3215 46053
7566 8934 355047
2058 1410 2876066
3149 9243 492105
2887 7068 416343
5822 8733 154514
2437 120 327108
3777 1898 92477
603 4846 387564
4836 5182 458603
7205 3933 220095
2932 7776 191380
6033 7517 975755
