128
6629 7006 191448
1396 3380 389227
7006 8723 810341
8874 177 1300906
194 5297 195529
5156 4112 164015
4490 266 21155
8659 705 953901
5574 7784 922170
1444 821 153558
4791 2990 1598375
4175 7386 141218
7081 270 1115329
4487 5581 1307095
3596 1219 900764
7701 6471 646343
7472 5054 398021
9114 1785 658396
5780 5411 1116944
5122 1711 859823
1416 6819 1521250
5506 1025 56160
1151 8904 2013902
9477 8241 847038
4287 782 933306
7371 4970 1074740
8110 5613 3205988
1828 4890 136561
5404 5806 767099
5826 7954 340654
5679 9266 189400
6351 1635 430238
7278 2144 3263072
8668 4244 1872371
8907 5057 579917
4571 9276 909981
9270 876 565890
5233 7527 787486
1495 5595 1139919
4349 5548 813218
3059 3811 126591
2392 796 2567266
7335 9041 411898
350 8828 266183
3666 3103 2244346
4421 1137 136095
4578 5820 778221
2707 2518 273201
7176 600 236461
209 8764 1280909
3121 1145 198765
5654 6651 687736
8740 2691 26808
8775 5606 210075
8522 6845 681639
4584 5826 4217422
2049 5841 61862
2003 2664 2135397
8692 9438 87871
1044 6670 324465
2011 3717 1759557
9087 6662 268739
2582 2671 1495983
191 9591 78362
9250 1259 819199
180 4646 269186
3373 7391 100880
2667 8376 313415
2313 6964 719856
2788 2006 155858
5867 519 408102
1662 5215 1726399
810 710 780920
3316 9398 414293
1219 6936 489740
4622 3663 1240097
5939 3217 1196352
7479 569 501290
3357 838 591843
3460 6315 2977500
7327 7677 156713
7449 7492 1756057
97 6883 249987
7505 2915 77138
5773 5830 1069021
2407 2758 179710
4361 2656 81798
4470 8143 77403
986 4052 688288
1905 5685 264460
6120 6831 310256
4228 9414 1352131
2605 7908 1918884
2012 6762 185639
6239 2012 913798
1617 1995 701830
1562 6421 145620
2997 6765 392511
5150 795 532859
6204 5812 182459
5276 7265 784073
416 3526 306226
7488 8763 919852
9629 2809 456722
3473 1603 1663862
5622 6447 391700
2804 6232 138362
8753 5448 83819
1035 83 1041856
7851 8877 950761
8543 4205 953495
2813 7915 762463
65 6133 269524
1667 7350 506207
8490 8612 1272977
4165 5460 24530
464 9926 75784
9855 3971 250408
311 9135 943671
5169 7568 677042
8509 9118 1124594
7372 7628 46642
1972 4821 1062795
9225 6328 1508593
5403 7780 613236
3272 3 473918
3863 672 178373
6561 5608 2728423
