128
7970 1183 935577
7811 3734 62443
596 3691 1050657
7051 2082 398747
1990 7411 1769019
4860 4955 1127160
7700 2131 1245590
8143 7126 1826139
5462 3967 193398
401 1750 103360
3132 1605 24706
936 6080 76988
3644 2891 1872611
4666 5531 109468
221 6685 520604
4102 4378 785339
2565 1821 1665632
7309 9790 21711
3217 9698 265811
2372 6683 228638
6950 2018 346883
3486 6486 190603
97 4180 1414104
2747 908 15616
6459 2399 22809
18 385 2118983
4359 6670 527633
2610 9885 145324
8494 3081 327864
7329 3926 44177
1529 7870 1839113
1830 276 921917
9947 4678 408193
8164 2924 587020
1468 4085 239246
1166 485 593808
2398 8291 381121
2475 9197 634189
7403 3521 404945
7736 7302 972295
8633 2683 173074
7819 9162 2076461
2349 1726 832457
8184 1062 848885
5523 5688 3166771
7202 5828 1445596
9219 5628 898719
835 1411 370194
8625 2666 456283
3647 6007 277319
3423 1990 669765
9528 4721 640069
1417 6048 785150
6709 7797 41973
7354 6642 338843
2525 8496 144697
707 2498 1165935
5269 6564 675478
2803 3276 1064040
2601 4251 18438
3446 2137 2092719
7902 183 1717567
9250 1953 1153481
6170 8365 1812945
4347 8555 130768
9362 8523 930529
6603 1763 22908
5318 3945 60990
3509 1250 687684
7806 6553 55593
1945 2584 1234448
1607 8993 1144791
1971 1195 127668
4806 7329 3621737
709 5635 170663
7481 9054 346963
1619 3166 190933
8743 3343 495597
799 6121 967723
572 6207 317645
9625 529 1372088
8124 8447 403431
8933 801 2218743
5350 3417 1199993
8347 7173 1333821
1970 3918 4369197
3816 4805 686886
5561 7385 362530
8333 3036 1219656
4463 8220 765012
2870 4875 514337
1322 2597 146720
2238 3528 1138032
8931 8415 1799288
7383 834 215920
5926 2999 64109
8519 2071 709369
1841 8410 258285
7290 9129 17368
9893 2030 1061944
7052 5 1196878
7054 7952 113345
1772 4744 498726
5894 9629 88182
5660 7554 517355
345 7926 199866
8127 5210 346294
3609 4551 428022
4337 3968 136567
7687 7599 325220
1235 8915 18293
7344 2004 1567848
7251 9713 591128
4028 5124 1723707
7927 8892 256310
4784 7219 1155011
8358 3262 908049
7126 8830 496213
9478 8112 1390990
9705 2711 541135
4252 9886 2586977
480 3186 659601
2504 9143 25664
7533 509 191794
7035 1976 162785
1408 2452 1303406
7789 5766 2088110
4337 4643 832855
