116
5215 3989 439618
2526 4976 123899
6853 861 1842412
6516 69 170459
5800 9465 355955
5019 5443 515701
9672 6776 1874848
3755 3999 328527
2497 7174 181304
466 5030 1349591
5133 5264 1876300
4749 7535 112115
9681 462 193243
1853 7334 1187126
3644 131 870464
7660 9177 1567665
2847 9282 170642
9676 2991 730774
493 8987 473703
4325 8735 661733
5480 6017 463477
8498 9958 105608
3657 4776 2537560
8875 3435 497262
6729 999 963515
7021 8644 775910
8563 1096 1113707
3098 9949 493084
137 3418 417149
6093 121 489554
6536 1241 332493
7877 4862 1445858
6418 10 621344
5643 1797 1557477
2765 6651 960954
6221 5784 570017
3984 1512 2089243
2393 8225 83875
5973 7529 502085
9688 2994 66341
6644 2352 1238409
7857 1659 384182
6652 5640 49833
1447 7894 119275
9411 6720 448794
435 9163 565592
7256 9269 609920
7079 3148 921107
1653 1648 887049
1192 3447 466332
6608 395 1834438
9241 2134 1170063
959 8673 142013
2949 3018 1942206
3587 2127 1180209
543 2239 217989
388 1759 107282
4707 3951 115754
4193 4394 992988
1567 288 546984
2915 7739 2018621
7723 7386 908263
4888 2655 633952
5487 7868 571926
5236 8720 941303
440 4925 1202850
4833 6432 523401
827 5935 471543
1734 9719 4750206
4672 4069 285077
1937 3032 1345572
3299 7225 176852
7368 9819 17192
5914 6136 1971689
5059 3480 1417498
7864 8671 197171
9661 701 684926
3745 4153 1011937
5719 4496 2315892
1709 5821 612417
6975 5243 301416
2903 8048 2255758
1901 1647 11965
9886 8170 155571
8067 6604 232272
3831 3104 2145400
2199 4459 96993
1088 2263 423285
5660 2556 2927260
341 7078 1224207
2300 4932 2016917
8747 5197 180646
675 2602 2518360
4292 3537 319699
5940 4519 329725
6760 6391 1823532
6904 9227 1513470
2758 8809 365683
3006 574 1705
5423 6794 494339
1149 8689 498494
5550 9170 1026168
6230 4220 4756
8902 6058 1257696
6755 3092 267367
6631 4860 798066
204 7721 938624
9370 9848 293300
2694 5982 1107369
3346 4985 1996910
9130 8172 1887613
4692 9366 487028
6423 5092 1956284
7031 718 286253
7472 5771 654962
4981 7812 89608
