116
3298 9818 954506
6753 9608 3413928
2845 7844 275755
9073 5316 78859
3380 7926 141060
5882 3912 911402
4623 5899 459400
2336 7739 208640
5642 8947 1967404
9486 9154 2058021
5551 575 93847
8553 2813 2235238
8243 6921 683951
971 9337 1088588
2295 514 1802515
572 6948 1009158
9288 3885 122987
7721 7379 169306
8430 2875 1414348
58 3940 273452
9586 4196 501032
5268 1753 1682549
2846 6985 2194098
3072 5440 793050
7643 8961 1200888
8028 9498 608044
7728 1120 1881500
6732 5108 234805
3806 8599 1940034
6456 1725 350537
2644 6317 1171090
1674 4190 665261
2131 7734 173494
4534 8459 55643
8587 3274 10670
4865 3849 758556
6769 3986 1007911
5365 8447 3589864
7485 4644 886976
6700 1371 992739
4488 1242 345277
3948 3196 1740913
6134 6848 300474
284 4089 689113
1103 9012 982795
2484 6148 1551315
1042 1239 140655
258 5172 213532
6376 2657 368170
4191 4907 131494
4732 2456 20981
8075 841 146364
5111 7173 498290
1399 1416 128088
5537 8595 3103882
201 532 443077
2495 9788 513449
4014 5168 728015
793 1240 6173671
8954 4537 1514647
1351 2298 352889
243 6590 272705
2453 3973 1925682
9740 2662 20908
6298 3342 642734
436 8882 2107857
7254 7156 861736
159 6362 174456
7190 501 65568
7289 4390 55860
2252 4506 163310
7071 9875 34692
1579 6563 431311
8522 9817 413996
6379 3394 359301
133 161 2438
8998 6043 328628
8928 894 1153730
6177 2330 801544
5549 3356 853388
3609 7064 1179713
7101 9581 305882
471 6266 242852
6134 8432 76227
3443 6751 722170
7185 8512 55196
5044 1391 277853
378 6783 1305353
5322 7251 93837
9628 9174 43041
2811 9672 475637
3763 5507 271704
2630 2768 1635436
621 1296 82091
2645 6349 308484
683 9236 1718313
2554 5254 840798
6596 5215 2057841
6785 270 2087378
1677 4567 796751
9566 3395 732018
5262 2224 727431
1859 522 2239098
8601 5554 1434991
7624 3175 1767145
3502 5103 174637
6181 5395 1100533
3763 6895 81276
1024 795 473665
1719 4986 601424
8282 2329 79588
9714 5285 876727
4524 7125 2203148
2719 1632 58070
9054 8629 1682208
6816 4285 373443
