77
8049 9547 43608
5715 8781 1197972
7075 1617 723515
2109 3981 1566715
7919 4097 1800700
7743 7041 131088
1257 3420 1116249
5653 6253 88798
6061 4640 1064161
7749 8554 1315432
4713 7371 47145
102 4221 248162
4947 3781 1411738
5189 1801 283268
1044 9800 32454
7985 8754 740499
4573 1248 3875117
5188 2351 1063087
5674 2910 434129
8924 9161 1612322
4556 9311 233413
7388 9960 1845573
9864 924 4128958
5347 6439 262126
5595 6147 324413
525 5920 81223
9672 2716 387459
6969 106 184008
4316 3578 2798401
831 9792 555917
4440 4250 639519
5889 5946 881027
3547 4840 1574753
8778 7901 2414406
5372 8415 433697
4858 5126 1031719
5315 7681 890400
7164 5280 3866145
313 252 3748271
948 6675 7002844
5861 993 471991
1727 1128 1157562
1575 8335 201413
865 4291 687976
2074 7955 3920705
1783 1060 1654051
7124 5918 356199
5695 9803 2123520
1525 6485 2027978
1016 321 167564
8306 9206 1867321
8001 7915 457142
6535 1592 954869
4735 9364 5553203
3483 2099 240389
7199 7819 235936
1033 7032 1898288
2819 9695 254198
7715 4309 1512435
2233 7012 484708
5054 8670 3336534
5003 2169 896842
3854 323 1799501
6584 4962 484346
8843 9136 829940
7643 7901 1305659
7185 1133 1874326
5423 4837 582641
8133 6124 489062
9534 5573 1548327
4290 4308 269672
6895 5093 2040963
1403 4490 1609360
6718 4809 484707
1871 4908 2046991
8981 2433 122705
4426 8527 1970545
