166
1878 7256 380022
2608 5505 138557
7354 3608 298261
89 2194 245345
6748 9752 136161
8585 3002 619220
615 9573 1207634
8092 2316 165761
1224 4614 26660
8460 6336 372319
4427 7238 1413814
1195 8040 1041494
3112 5276 468871
4392 7408 166616
3576 4733 95378
9257 6579 796810
9380 8345 823646
2460 4795 1080187
9271 146 11994
5061 5549 746700
581 4837 194526
2634 4978 386699
8742 5220 1720103
339 3596 508355
8242 9192 1904770
6209 4122 656327
1060 1604 1223395
9403 2489 50314
2329 489 364437
2520 2283 1267579
5358 1884 865191
7469 604 62377
9583 3408 442856
1791 9882 419639
9883 998 73419
3952 1707 218722
7738 4247 435085
9271 355 636036
2638 6189 19499
43 9429 159610
3562 1151 1042864
4181 4488 1228464
7242 4357 486952
4622 226 447231
1101 9098 306624
8102 5499 149542
3498 5063 1453124
7337 7092 55890
4218 5140 54564
980 5056 943665
3132 6350 504086
6445 778 229294
2152 9278 449018
4240 3172 204818
866 7498 752063
2926 5366 320709
3922 188 1037673
1767 4084 119137
874 6079 1462
762 948 2259440
2654 5958 168074
9556 1715 816863
1579 7998 700412
2326 6698 1987562
9309 7209 220088
2836 1187 69229
22 6898 107649
3948 6426 309550
2989 5775 1324192
8792 9881 150543
8321 6152 1595348
3522 4091 705271
5099 8611 608917
433 9129 1251321
523 5778 222123
3618 2980 1083523
6587 6506 1077745
4459 294 15057
7841 1753 450919
4388 1444 1349552
3676 6383 445887
978 9728 153514
1318 6033 280609
7245 4666 552036
9564 3636 864434
9272 9110 98237
5761 4993 297663
2198 1785 710873
5006 826 116552
343 6786 522214
6785 5802 1483282
9072 662 1051040
927 5091 576090
618 7458 458484
2492 5147 264288
7489 2143 792803
9952 6736 416193
4246 3050 186241
9407 4293 211502
1164 6849 974374
2193 9947 307981
6973 9571 574907
1884 8656 373572
5572 2878 715744
6804 8169 155441
9103 9801 416340
3679 6084 226128
2079 1619 139100
442 7989 583092
3403 3478 1620904
6324 7059 838792
1205 9786 226191
9408 6005 1137448
762 9158 130709
2699 9281 256319
5767 8436 439446
7185 4821 1062217
3442 2453 1157237
9135 5448 345262
3206 8473 284714
2093 301 356003
5639 2364 74144
4281 8305 136999
1451 623 2449415
4326 3441 343982
9832 3876 1204132
6302 2782 1840910
6996 3263 3022514
4617 3615 45266
9397 5289 206985
4349 7336 23039
8670 5050 391983
3459 8062 737113
5423 8089 173280
995 235 1335251
1102 2287 1872817
3331 4924 153816
6241 5460 486637
9930 6111 327498
5156 2583 462573
1326 4054 97574
4234 5341 468361
3801 2611 91121
731 3986 376391
1181 3981 532939
1351 8031 1103722
4349 3522 3032582
9284 6548 46338
9026 9217 797559
7734 5225 666685
9678 291 67141
488 9634 428685
8547 4318 512821
9125 3588 843
7502 7311 68879
223 2961 620477
9570 5450 1174658
7124 9636 526830
5716 2691 1595509
4935 2826 152190
4554 9020 34121
6111 8851 39632
4964 6177 303879
4339 6313 495063
1238 2359 822049
2838 6302 746787
