100
4863 2200 868606
1153 1800 931503
6648 8223 1303215
7471 3875 1099284
614 6390 401930
8866 8402 639480
9603 8621 4634392
4036 5389 124528
8290 7887 301804
3910 4492 1077413
4487 4508 352913
8562 2089 16271
3740 9490 1463805
3980 1590 811371
856 143 487685
5325 5162 89072
6942 4684 2428205
1421 2662 642487
728 9213 781482
4618 7950 769632
7341 4606 1425533
7778 828 36020
260 5237 107985
5630 3027 840210
2110 7630 597065
4819 375 997166
5963 8153 1515639
3335 3009 129111
8793 8380 1572732
8888 3733 110829
9250 3295 1408791
6374 9539 1163546
2468 3953 164273
5002 2976 130054
1402 6692 133024
3091 1340 1073040
5304 4947 47625
8349 5977 847986
1879 2390 215469
4269 1258 1221876
8548 9079 1275987
8416 2046 836376
1860 689 1133776
7113 9364 617307
1710 5822 675046
1340 7541 1764357
4229 9299 2332038
9559 4107 5378306
3040 4499 5871027
1031 1058 1889184
3676 6181 271721
2012 5593 942621
2656 7960 1266311
3657 5047 80208
6085 5881 2544198
8450 8490 128700
3660 8066 2132531
4990 7208 1548340
2716 1292 2530762
3172 7435 442254
4990 8749 330842
2763 7948 364136
9216 8722 887547
7449 5070 671877
8822 5540 258369
9817 9747 844595
8404 9750 88359
3472 3447 243181
5159 5849 672409
3831 2418 1309004
7261 1441 91933
9791 847 111389
1468 1020 1775713
5044 8371 388699
4910 9137 390179
613 5341 260370
922 7715 2442194
7676 611 1149227
4713 8558 521575
6828 1563 162513
321 2895 1500516
3225 5142 2153105
7766 6406 992216
4277 5476 324257
1724 8676 1569481
5152 9221 12035
6825 9243 51097
5607 2305 1995513
3688 6350 1443695
3350 1957 2258367
6532 7323 457297
1407 6207 666348
6285 3752 186044
2342 4242 95315
686 1771 2601035
157 9803 264611
2557 3529 322065
2495 901 669340
8465 859 1991238
8985 6218 858212
