100
7443 5336 176233
439 6697 1112573
3865 8201 1300720
3013 5840 1324727
326 1844 1236990
432 2330 93586
9035 3284 1618132
7377 5677 811062
9240 4201 911839
3982 7779 221767
7281 6215 83477
2357 2365 1892277
7133 7149 1099039
385 6086 395817
6708 4427 437953
2503 273 76662
8821 5346 1607599
202 7580 1198597
4855 5445 344059
5359 159 1348662
8083 228 1073725
9561 6682 280798
2815 4938 968548
8802 954 1311515
1847 2830 595125
6605 5938 249482
8372 9174 347951
954 8903 1359991
4693 7956 2760920
8251 4772 853200
5873 8298 225227
4284 1228 431905
9121 1528 1500318
6238 8393 89108
6810 8213 409488
6741 5070 2388142
1324 1168 260024
6680 2006 3121831
8212 748 4082838
8587 3298 2167838
1178 389 368617
2448 5646 402964
1693 3036 102514
6577 9581 136628
9118 8460 1963146
8113 930 1652919
9345 2513 1329134
5339 7698 44361
9897 1611 848127
9211 7996 305604
304 3980 3619718
3039 8392 101844
9150 3714 1490025
8389 5298 118774
9681 9008 151586
6281 15 1709164
4710 5203 957975
6936 5733 181630
7506 1306 305971
1863 9362 19937
170 4733 226519
9666 4606 1697634
8326 9275 796221
7229 6756 1870981
9666 8041 246042
7523 9633 74667
4597 3453 682370
7031 6648 1124894
7682 6656 722063
5814 6144 593743
3629 2658 1495634
9047 9635 369276
3483 8802 1097030
5422 2703 2119180
3078 9703 1197026
5576 8921 43473
610 2638 1803295
7386 2306 4606087
2258 4725 272030
7555 9248 1886396
6158 8841 1218914
7398 8533 2893417
7461 865 777234
7149 4207 144304
6844 3902 765204
8610 2940 682026
2300 2929 61143
4186 8081 859262
5133 4106 635462
6677 568 1461312
4457 1855 1153146
6451 3112 825277
7949 5873 313152
4656 9850 1245176
3482 7056 560238
1265 4690 4231453
4602 4647 456817
4809 4750 104475
5221 9221 974201
7871 4368 132843
