100
9899 6487 674364
6749 4987 1153933
943 2390 425211
3858 5914 955278
7249 4979 195224
5118 5332 59149
6925 7009 676666
4523 1553 741010
8650 6210 235444
3032 434 790280
7175 5644 2204703
821 3927 4255
775 6707 452406
3728 5677 2182952
5119 2270 569040
6908 1216 283063
7514 8131 990961
3733 9854 970878
7412 6865 1263024
2283 7676 1294024
2539 8487 76785
9838 6650 326884
3526 4225 2610580
1310 1615 2982916
9595 1383 1476218
659 9914 38367
6795 4216 2257830
6211 3188 3436187
344 6948 368180
7750 8281 903393
3416 5429 22646
1601 7076 1005439
5474 9977 366410
1505 2568 387004
4007 972 1010586
6876 9402 548568
8577 3535 2393321
3103 7145 969462
8129 6078 222853
7338 1276 4302538
5705 9960 746538
1548 9053 224088
9767 7639 256377
3543 5920 693428
784 1653 1362978
6631 9390 727884
1399 6878 1260734
307 3166 987740
4152 2645 2524172
6789 5784 73197
4253 4372 309012
3070 8991 1569719
6144 9690 1622068
4447 8596 499421
298 1772 1498945
8397 4286 1164640
8484 4174 632122
4603 6146 2478606
8857 1200 2466925
6641 6080 409354
4739 294 837242
5293 9154 73509
3930 1385 1728053
7710 5787 252249
4906 4240 2062708
8584 3644 4113111
6297 5960 50001
6501 3805 1234025
4225 1623 1391580
9456 2778 1142325
1569 179 1114883
5171 8389 692723
2669 3493 653514
9840 255 548191
4996 4216 1169495
3911 9218 1126798
1511 4020 345208
1304 5473 319977
3453 4419 456907
477 3036 292804
4293 6734 332865
3253 4707 1229955
948 6776 916065
3301 1586 929022
1117 4165 358022
4069 5621 179068
783 8268 2918781
8933 7844 89422
4000 1759 570426
8272 5869 1188186
9269 6956 308337
5256 6992 1473128
9680 4753 2193773
180 199 387393
2673 8215 915750
3712 7446 1464434
2512 66 28374
7877 8193 551929
9096 9464 16367
3930 943 1007420
