213
4815 8866 54855
6104 3247 311891
8494 3027 557360
252 3947 905411
2346 6238 1084954
7701 8652 41142
7803 9185 466748
718 4871 941601
2888 4626 105515
5707 9918 294866
8550 5176 311274
8106 8189 733366
5414 6010 17406
464 2785 384755
9407 5750 1863464
6977 1411 277046
7685 3982 394990
6214 1324 549297
8002 2080 1557000
9465 364 72055
4337 9865 278927
7744 1704 383513
597 5635 448883
6570 8431 299958
5590 1921 383163
500 6969 308596
8439 1960 599697
9751 4917 169489
4697 5724 735278
6932 9687 181341
9754 9856 449016
7090 5290 176233
3501 6196 40337
6357 8042 201429
2605 5618 522166
7343 6623 417166
7987 5133 115483
516 9423 303961
1791 6989 611212
468 5279 870869
4401 7138 167694
2429 9593 130701
8446 7772 226661
8797 6762 79756
7734 3940 479622
9893 541 109176
612 6782 104153
4989 4907 214162
5911 3531 212729
6108 8721 707861
8572 7773 390983
571 4515 64520
895 9622 762209
4134 8513 187238
9556 9185 191920
7634 1256 175610
238 8249 1673847
1400 353 16818
2066 2168 326882
8930 9743 462423
1181 6591 506605
348 1961 767961
104 1604 409956
3792 3666 1800725
9508 1176 29746
3387 4601 1137946
692 959 1153779
4064 8926 358703
1404 5287 211021
1545 5075 362890
8483 5722 303273
8581 995 1939049
9039 9845 33068
2988 7582 872140
5259 4302 198762
6913 2080 88691
1350 7823 578120
1322 7550 647849
246 2455 244008
9090 8468 93028
6264 6082 308877
5798 141 284976
7085 5221 143542
4502 7882 1955947
5420 4870 120699
5901 761 301928
9702 8654 619608
8085 4152 961294
3103 5481 159519
6225 8437 64952
7503 9255 147012
5587 3760 882891
7130 1718 671553
2029 737 170799
4212 8123 1486581
1196 5404 65132
2089 2337 518940
6620 4155 3056
4558 5958 136015
8604 5252 361911
7710 5259 217005
2695 818 137926
476 8006 1262545
9339 6759 41280
3965 3460 376246
9525 4459 415036
2216 4464 1882855
7441 3143 274621
284 4475 245922
6383 4347 928157
3161 3258 599110
2703 910 1052383
1864 4769 465788
5716 5873 1940695
9005 8921 866391
3486 9719 208358
8710 6750 593340
7140 3824 231257
8834 9175 590938
9386 7810 600473
5531 6490 761567
7401 5992 835011
6782 183 542686
7392 2916 5996
9564 9051 905304
6899 343 286117
2018 480 855912
6700 5576 1011876
6189 2752 714373
4939 6668 321389
4631 1007 412975
8970 8080 476764
1262 2719 90201
957 9552 290728
1017 4543 15155
2195 3881 739718
6169 8388 57886
3640 6151 174118
6960 3359 83844
3754 7172 293
6350 7176 707853
4443 8368 125785
3613 6965 255848
9169 6769 129007
4534 1609 360903
2149 8933 473358
2646 5569 265777
3426 9325 116312
5630 8238 262468
5532 6226 451428
1783 1540 116815
8142 2408 229936
1344 3533 608324
7743 7605 303522
9100 6296 90448
1118 886 1229156
8233 1004 28144
9864 521 2189472
4544 6096 346491
3399 685 373370
8542 7121 702684
5770 7024 267446
7130 9989 181846
7724 2661 1328145
7735 2024 504302
7208 2836 867429
1889 2892 324742
9213 890 255293
7935 2491 381442
3145 2399 228802
955 4105 7484
9189 6390 627659
8497 5267 10303
4212 3065 103186
7458 4583 314950
5740 3522 85067
2687 5910 312453
3008 5416 234091
6132 3608 239453
8805 4581 516034
7857 5018 112595
671 2918 654084
4834 8912 78587
3203 6807 444958
1884 5012 504110
9241 195 522165
4622 6066 990910
7327 961 505081
7744 8923 150373
4214 3325 576492
3176 2002 17890
2331 4131 450338
4304 8277 714753
9826 757 510914
5729 3590 983554
2962 4214 359632
9093 9114 920971
2081 7772 8748
566 4392 98882
8463 944 117330
9981 1389 699987
9125 884 183449
1708 5484 486186
8817 3921 1881578
2164 342 256854
386 3835 115535
5676 182 46328
4446 6273 527824
9243 7872 538123
7645 3598 799777
5286 5350 938474
2994 2570 49171
8048 6509 875650
