213
6784 1895 389844
3392 7938 240052
4928 5535 365108
7794 7822 179493
3600 7216 300934
864 8372 937174
6743 5073 41974
3957 4925 361256
88 7465 74197
5445 9414 311687
7916 4713 522636
2706 2564 208980
2505 2874 356406
1460 2763 847055
933 1835 214057
7510 551 380556
500 3649 932395
9903 3472 278201
3083 8406 189144
317 2861 306882
7044 1181 661229
4438 7205 417025
3889 7526 208440
9950 3071 13959
5503 2588 131279
6841 8126 753829
6899 2498 136220
3874 8408 329468
2631 99 623167
5145 7739 204465
7020 3034 920374
8103 4679 503139
280 5583 596003
4325 5982 301475
2398 4877 96434
8276 75 450349
865 7033 831009
1737 9668 1006309
1694 1283 584754
847 1217 220684
6567 5998 65488
5538 4315 520089
1304 2364 1116799
711 5066 580475
9841 1272 435418
6374 3729 747017
4775 7096 236298
7459 4738 566370
7779 4770 367359
6978 1301 459507
9891 4330 45559
1647 6456 229818
8962 1914 1342305
9298 7112 1115814
1699 3021 493404
1062 6482 579303
4379 1010 130931
219 5435 208722
3513 1948 471695
845 3707 2606380
4413 551 300401
7526 9170 162580
7410 243 77052
5907 3231 911758
165 6705 342425
1039 9164 77242
4542 7524 1577671
1948 483 493377
2150 7362 824832
7490 8781 868823
161 9253 643362
5496 1735 71654
1044 5155 2213272
3750 3534 29562
514 3180 766958
9460 9392 10175
2673 9935 39020
3482 2204 131218
2405 4913 497872
412 4700 2040415
3039 1797 199700
3779 8100 195325
9452 7307 1621767
2712 2746 1074672
8922 2440 664013
9028 1109 149887
8398 839 277444
4439 6034 699365
1626 3776 1032034
1923 7497 802799
4788 9415 36378
6833 6823 174217
554 9210 23290
1854 3019 640800
8641 8137 43422
8424 9298 1300321
8328 5294 770136
9585 4625 272787
5971 1072 383226
2869 6833 10330
1919 548 692677
3514 8062 636007
5 6309 43023
510 9400 399810
8606 2093 62289
9530 3069 1157495
9119 1247 2019272
4207 3689 553327
3467 6917 221273
5758 6891 1038327
4697 302 591093
3147 8607 584777
9058 8186 337342
2992 9625 121402
9005 3622 35105
2320 2703 1950359
205 7340 175856
6958 2607 714114
6315 2180 112779
3328 2302 836222
6446 8098 122198
5017 1706 278919
4843 8846 958519
2136 1380 26165
4224 2570 605990
1224 1000 398415
5625 2889 18321
8097 4045 143614
9077 1308 723037
4976 5188 131735
4595 9156 146333
1568 8684 1224061
6650 1570 938604
7261 3478 339279
1909 3258 701601
5489 2220 195508
6616 6817 364506
6203 6800 538240
410 2313 44734
5312 4220 571781
900 6292 130455
9925 6495 99856
7322 2745 109568
7575 2647 13126
8644 579 202512
8920 212 1168656
2025 9812 688856
9987 9948 355572
3387 8448 82257
6597 1884 146568
1349 3006 316784
6247 5104 331482
4977 6626 218188
2579 5072 435069
134 4978 432277
5709 6072 43437
4582 246 477772
7385 8186 121641
6085 425 99711
7513 2789 392416
9842 6002 1671103
6771 9233 203635
5238 6919 244802
1359 6817 867127
4853 5406 702499
4947 7380 137520
8510 4169 112897
7153 3701 233756
1567 4518 248413
8147 8074 693129
9845 3363 116726
3137 2380 442859
1368 5237 58035
4799 259 164026
169 6906 105239
874 5965 209207
5659 7513 209860
4453 327 936090
6436 8920 2002039
4158 4633 341643
6953 3813 44159
211 5033 1022615
8915 9435 53662
3683 1772 181535
1844 2603 1222673
9358 3273 280408
220 289 443132
1545 138 59263
5609 558 947352
3911 4992 707124
1068 1975 1315315
9764 2655 56921
7884 8874 569322
9393 8749 291593
2597 3603 529604
5588 5118 597876
7832 5571 211609
1621 5371 222986
1119 8785 72769
1428 9246 305217
4976 7020 354782
7777 7027 329135
4042 7615 294785
7342 7853 470388
5138 6756 219219
6088 2104 132055
376 7340 688315
4750 7414 177740
6087 3491 305490
677 5711 27717
3146 4591 103286
413 9583 146280
5911 9135 96781
