101
4726 5020 2028297
3014 3894 3479973
7655 5478 25349
2487 5865 1751111
4142 1389 562345
195 8548 887402
2135 392 1898641
3192 2773 554606
2813 3040 183360
4057 2528 112859
1380 402 484172
7966 3892 381684
360 8320 364502
8074 9021 1136114
1325 5995 2595609
84 5683 1017152
9894 3950 571176
3284 4097 1026868
30 3787 324133
4768 6074 350673
824 913 1093529
6210 934 370754
8016 2033 1834766
1037 9985 275359
7611 9090 739618
5882 4762 832461
6011 1262 477262
571 9179 1800588
2587 3084 439928
5994 8608 1599650
2352 8580 317948
410 188 343521
4309 1774 293905
9633 5436 34046
3430 1183 126910
5365 5777 147273
1392 7317 3306530
3978 2697 97436
4524 6597 535993
7151 2836 1228492
812 1039 1211201
8520 5712 1119856
1639 1718 439505
5773 1242 2053226
8584 4825 558138
7235 5465 724846
6719 2297 252383
6904 1669 1129921
2298 1907 1491363
7023 8431 45865
6686 57 555898
8395 9937 134812
6528 9177 1669730
7763 9032 326172
5179 692 492640
9589 8754 285208
1897 5569 310325
2897 4989 1130041
5065 1893 86046
5562 2926 743311
3216 2051 2671469
7685 1082 521308
4970 4761 631350
1607 866 470605
868 9256 1576098
1689 7557 3212355
9791 3504 1375692
8621 359 2870638
9052 1894 2625312
7438 7382 738241
1191 4655 331852
6463 7090 910882
8300 1750 120820
3925 8677 1009174
1827 2191 722008
4516 5672 1040707
9299 5194 1478768
5678 6160 2157364
3322 3037 575189
8496 3157 859465
9906 4217 249015
5646 1334 2647834
3555 9831 873006
8310 27 685320
197 8617 225440
8729 155 1283901
6879 4809 127219
2775 4064 238655
235 2239 443305
4183 1021 498759
4438 9080 1145318
6131 5894 165053
1508 8298 895213
1723 4077 1826407
2563 1151 151273
8745 508 479055
647 3030 252511
9665 4569 3704371
4423 1918 3083725
4220 6355 2892826
7355 3436 1840015
