178
959 3667 321711
1368 5738 88582
8455 3316 703162
898 4841 634744
6562 5745 12496
9160 6962 413760
7555 5693 496125
7765 5848 615027
2746 8698 1308234
1626 9502 849160
4795 2874 1274638
2883 7080 908678
7083 1680 126989
8103 7687 8794
7686 2976 680493
132 4155 1018661
2605 9523 875822
1943 2151 493062
8222 9701 19031
1492 9986 2753
9890 940 171419
8452 3011 267374
6200 7645 579063
6107 6193 418810
5561 119 807555
6597 4951 1170525
9668 6611 435423
5691 1010 666172
1686 1170 375545
1571 8191 894490
2532 1144 434039
9113 7308 1164079
5043 2238 850838
2864 996 40179
8559 3714 154783
2147 89 41044
8604 2146 24371
801 609 903494
3873 1141 157641
8019 2678 190675
5412 3384 1032787
2399 5671 2224533
8874 2923 68632
6279 1806 293852
1012 6907 1649258
7981 5968 397743
6871 5604 4458
2082 5933 1365390
2754 2929 305145
3210 1585 776704
9224 5150 5100
6628 8963 1691819
7905 9800 400910
3973 6434 223510
8895 9550 96470
1473 3597 88644
7561 3895 1336097
9397 3253 230740
6801 7741 346583
7958 1993 364793
1905 1740 2111465
5719 1812 257881
5090 1009 303602
8687 1420 714385
9344 4496 305567
1798 3668 1150219
6984 108 796945
2749 4794 443117
1867 3867 918699
3614 4023 788131
5560 7212 1002981
7587 4105 365069
1472 2499 15676
7467 7228 196072
4766 856 159313
834 5570 1310644
4991 8147 21
7848 3744 101513
6343 6764 36256
7806 2571 174588
7461 7863 52818
7392 3708 25976
8791 9249 36901
8453 1358 535191
9902 8432 1958494
5764 5214 68571
6066 4166 186369
3489 9039 1074624
3928 3211 1346921
5434 1096 110709
6888 7168 867495
2143 8201 942908
1779 5137 564222
9908 7392 813724
3659 4956 761126
5776 8061 202980
8330 7727 1106123
5366 6203 512645
6440 9717 634139
8107 1851 330674
2648 3532 451735
2303 8805 9544
1264 2595 767724
8434 2201 1390203
9183 6969 644320
5686 8988 433923
8432 9185 410184
871 9463 3311273
972 6249 1037029
3444 2470 100497
4513 5480 272067
233 7998 30544
4073 4805 132483
6617 6365 602626
136 3460 485955
7766 7786 264497
1534 532 947794
4616 7475 183383
2793 757 64106
6613 4730 591257
5165 6542 792802
3405 2835 560396
8921 2174 839826
9668 1183 108792
6648 9733 72266
7379 2826 30807
6858 9187 554788
540 4707 275528
6336 3029 509878
6073 8735 1464153
8842 8083 143854
8628 892 581119
2269 6957 459542
9583 7414 571236
7357 7951 1536591
8017 185 1011245
5410 2013 285361
7566 9667 515870
6590 38 601298
1658 4385 102671
9817 1599 1631590
140 9568 1673274
9919 4201 636976
9295 8037 88918
3286 2135 308655
8424 2393 155402
5433 3166 764363
4444 5387 92962
3675 2246 158471
4518 6095 79268
6217 9314 176242
2643 2873 659625
9309 8227 1427186
9880 4624 210002
6506 2009 241268
4506 1480 219510
6102 8329 807982
514 9363 202489
64 3499 182822
424 3269 115814
2035 6155 550237
565 6742 52822
5171 3840 645064
9035 4990 333867
7548 9939 834090
2722 3620 457796
5236 4116 499051
9900 3195 311474
3298 1056 1023805
6313 4028 166298
7443 52 277779
7721 6653 453578
1386 9880 860607
7869 9076 1681738
4945 7597 252234
1188 2512 990021
7200 574 521112
3155 838 319078
