178
5399 7511 250267
6134 2026 197473
6852 1812 9093
5062 105 1121249
5337 3491 212624
3313 6161 689652
540 2661 304196
6165 1116 1115202
2327 7698 145578
9340 1415 42340
8757 271 229360
8164 1347 2595368
1785 5825 336405
5827 1540 2788846
6764 1780 233631
4654 3345 412855
2507 6013 15459
7717 4745 145474
9478 1152 532457
6563 534 40281
742 6781 400047
9455 2745 774788
9594 6050 1160255
4977 5036 7104
3557 8800 36078
8278 5024 92522
8683 414 1193896
2387 635 306724
2373 3816 279165
1190 8455 434193
1072 7451 1047674
3502 7756 16045
5818 7451 240901
6459 2817 532266
2587 9877 227010
9739 3324 487392
5901 2830 1911905
3212 844 358492
4156 3982 28581
1150 5714 450481
1317 4143 612419
6585 4216 404881
4690 3490 607169
2805 4803 585973
9279 7028 74803
7453 7644 538142
2086 4563 384068
8452 7599 353083
5847 3569 23560
7677 4466 548817
2452 7982 658872
4061 8786 980744
3479 9292 1812849
5335 7044 663940
3530 7315 1044599
7454 7183 40986
2188 4284 46999
3193 7069 365601
7042 2831 384826
3328 7023 705458
1858 8942 861665
2164 3185 536965
6340 8173 544057
3279 9413 28902
6954 2271 1199583
7172 8243 317170
992 442 824248
5527 8778 522928
2474 6416 993783
8656 8055 90414
474 4351 45630
5361 6088 343916
2703 6315 1191581
9381 5996 119341
9593 4306 860695
3285 3941 441714
7323 6415 85029
5137 9041 705508
4727 6617 731943
3439 8998 104022
4873 210 35786
8805 4208 81075
3039 1530 487043
1776 4110 1292683
8716 9042 285379
3361 7984 54465
9064 8707 924795
6216 7372 54374
8396 5436 912411
2740 5228 158896
5545 7298 158849
7243 6063 887632
9199 3333 937731
794 1896 335244
1359 1091 582959
7101 5631 2520687
446 1906 1499350
2360 7239 1050020
6343 9227 80103
4217 2527 98438
6577 839 87778
9713 2775 92433
2229 3807 895077
5492 4220 514389
3176 3083 467746
3170 1625 944078
1860 9616 227185
3957 816 69381
7556 4427 380944
4610 4992 93728
5516 8259 88611
1744 3363 2813201
9286 7910 387165
3671 1742 680769
3678 2781 93891
8336 3901 302400
195 9682 409587
2314 9792 515893
6812 9356 83685
2698 7738 265761
3561 7272 389932
9228 429 664542
1502 444 1692646
5723 4363 254345
4473 6706 161807
8725 7190 47574
4655 8633 191885
3235 7607 445275
6127 8404 384467
2361 5715 79230
7123 319 528559
4793 6251 1551056
5100 3853 903287
5221 7784 425256
2533 2397 1157704
5885 3163 620472
4426 832 234833
5158 5873 531045
3178 6435 911913
8476 1950 69497
9812 9530 805946
9364 4017 150518
5970 7088 388448
8530 5273 48533
9533 9655 1027113
752 5553 753370
8690 3302 1581098
6525 2852 147059
2803 9336 2200731
1850 6867 203416
2585 2069 210600
1514 2562 347484
3304 5228 1383631
4860 5527 162576
70 5822 712619
2646 4903 740064
1607 2902 111670
6914 9821 566603
2087 694 181661
6401 2736 1614850
3009 630 1456965
104 8280 1433511
6086 9339 256864
4723 7672 220283
3322 7853 420131
804 331 180715
624 9078 115868
5137 3086 553147
2655 2136 76602
2846 6097 187255
3808 6543 1132076
5418 8383 886266
8406 9719 713945
2009 3408 315994
966 5735 829224
4721 3113 1653610
867 4495 148329
1398 7043 194066
