158
3105 2609 470517
7350 6365 2383774
2548 4164 285930
7427 8021 351454
2060 9159 152025
3369 3266 79934
7462 5816 408903
8797 3908 81057
8812 4121 1644746
6103 7449 2212887
3431 9239 1068479
427 3987 2522719
288 2967 1177521
5588 9245 1603311
3165 8915 481275
3675 5914 888986
9088 8022 473856
1523 7946 158575
2927 7785 786525
7971 5137 222676
9996 72 2163
3241 8290 109628
7328 6622 131557
4087 7043 135395
6600 3735 734482
2207 3598 1078625
9229 9038 185923
5012 9068 126605
2737 4419 247889
9586 2948 1243241
2052 4189 594621
7573 2575 1203772
180 7227 146103
1015 8178 491820
2248 7664 814468
7213 8972 452992
3413 22 7970
786 798 735462
7278 601 226036
7891 8871 677101
5330 6565 521467
4168 9506 733906
1310 6347 524069
8105 9528 238260
3909 8995 354945
10 4515 25801
8625 9382 723263
4688 6546 449184
7335 5056 29401
3845 8765 752666
223 169 194887
550 4580 3121
5540 4524 313635
5753 4871 506766
147 1708 847412
7184 7018 635297
3250 6938 561427
1525 5227 244081
2740 8385 509968
558 5314 23939
2946 8200 569855
709 1659 75712
4685 5849 132365
5784 6967 373304
5655 4348 108594
6167 8823 2637352
481 9259 376550
4533 6232 1268309
9890 8076 67454
9058 685 178736
3246 5639 98050
7327 7048 1277807
9317 3578 1318387
7922 3332 459905
7897 3256 229451
9832 3276 614554
9922 5461 1073553
196 6721 1966901
2222 8421 135797
5003 1673 1631130
3663 9980 565811
324 3254 10468
6101 312 819836
1312 6219 1159141
5919 1054 83041
7352 1598 793657
1659 6313 1329269
4964 5988 189236
1651 2066 164309
5005 2801 616544
5571 6014 351894
911 8458 1863620
9136 707 874768
3564 4158 1051875
7166 4392 141157
1629 6655 585955
1640 974 27390
366 8857 1027305
8499 810 836350
1092 3891 118014
1325 6042 931908
7979 9264 461648
3314 2082 2601462
1503 5544 649761
4829 5987 11365
341 6552 85173
396 8422 376336
2933 6511 549851
8234 8044 1305791
4594 7265 300362
48 8644 1090281
2650 6056 72944
9047 5893 365190
9604 4522 1209757
6488 2136 1008272
4028 8200 920259
1494 3185 310258
1703 693 813540
7346 3479 44803
2925 6687 35068
7121 3097 276768
7873 2251 1319366
964 700 391217
9109 4063 203099
7437 2886 200504
1186 2598 1464127
6513 7794 332934
6422 3571 860959
8418 3551 184611
8712 5304 1128650
6168 7915 894393
9865 4398 279123
8757 7891 470919
6928 5383 1744519
6835 7425 1246952
6152 7215 167814
2135 3817 295642
5981 8989 80396
1544 7529 143080
1358 8254 1151657
1188 2170 120826
9430 2559 178618
1474 1061 288262
7136 8836 205187
910 1569 434913
9105 1928 199531
8254 6415 781681
9040 2945 587261
4932 1295 96980
6151 2911 633666
1558 8093 392787
9770 5468 468724
3213 6999 1423197
7651 6857 754164
4693 956 457686
1513 9890 1136300
3231 8604 949175
8796 7625 2712379
