158
3131 3266 1030441
7320 7786 1677547
4877 2423 575983
7264 1797 593247
7886 1779 941709
7777 1704 251846
9096 3464 26000
9963 9503 78416
7992 1267 1032947
5810 7356 65138
4339 6246 963154
8991 3017 359147
4693 160 1509228
8477 5090 275355
2150 9170 176510
5481 1674 449028
8164 3696 970485
1624 9728 514395
3432 9255 1620196
2098 6313 2080220
2188 6922 1260925
3960 6178 146230
6825 216 71466
2039 7812 294746
3976 7408 1771103
9846 3255 694269
2760 6353 1563547
5364 9433 318212
1965 9420 208817
9339 2328 293842
5940 7432 578070
2123 4710 312834
1764 955 541804
7847 4749 1820724
7783 7115 834512
1344 5996 13965
6490 5761 344237
5765 5343 355673
955 2831 116270
9158 2084 849519
9008 3432 426728
1973 1198 10560
6398 6162 279333
7079 223 28371
7822 9483 306424
6021 7683 510019
205 3580 456373
7916 3024 792624
779 4229 64671
386 4980 1066834
9092 5417 492891
4259 7477 94957
5351 2432 648208
9279 331 1092119
8207 2657 416024
991 6615 66215
5029 4813 526035
3488 2058 137669
8574 1105 444830
1802 8248 20811
4151 5179 1416641
5671 1910 618479
6555 4699 699935
7074 2821 253490
4470 1396 171570
6406 7898 233950
9064 1533 661778
3454 6985 569366
8145 1766 980582
8631 299 547250
3995 5648 204313
2817 7718 10750
8001 7669 5722
4958 4548 1004036
9561 4341 605957
6821 6537 474462
2083 1086 75653
500 1311 49639
7508 9357 692762
8407 1423 754115
5796 1800 459066
1522 284 960116
7294 5060 123566
6140 7999 49218
7916 1818 556484
4210 484 499197
6946 9884 124177
6357 7618 3132498
1383 9879 410478
2591 7725 42949
8163 9345 1191673
4884 3518 2705839
8401 6974 772285
7254 8598 536551
8899 7637 161533
1034 230 175702
4748 8205 874519
3546 3553 533312
7721 4321 62590
5691 8686 619774
7045 7676 275211
723 5137 452185
2627 6180 99982
1663 7299 529953
2454 3205 29654
878 36 1505856
957 8250 98082
7309 1859 1295558
1958 9772 1548204
1569 7974 1225493
2828 4830 67478
1622 8123 3993
1488 5981 862995
8935 7489 245081
9690 2331 641038
1012 3649 539980
6666 9861 628747
6657 7695 1271354
8603 9430 415860
7169 6466 1094059
9084 738 817344
5444 6964 616681
7088 5518 2141669
8778 5271 584492
7650 5268 911515
4546 3550 86761
2400 8111 2626150
515 4900 1087
3439 8024 198172
9580 6161 23580
7396 1977 12287
8916 2576 1637003
4698 7550 1727515
6208 3333 33493
5820 2043 2214545
265 3661 621477
4877 9316 511307
5098 469 187678
1562 3809 1267144
1739 784 279502
5516 4004 52222
2929 7855 37416
6745 752 636768
1154 4488 235620
2792 5142 2471724
7603 7555 647250
786 2199 2237681
1589 5102 399317
7902 9347 51531
1265 3724 317930
7702 4072 377147
2322 2679 606759
1278 9810 1015318
2925 8417 576281
7613 8275 192382
3623 1482 112571
8851 6359 503289
5779 7624 713199
