205
7903 7536 360152
2851 1232 416460
8191 5365 296874
610 4757 840615
921 3144 144000
5916 6265 1263380
3076 457 61170
4321 6887 429329
9945 3296 201371
2721 9246 7658
4678 2467 574272
2931 3123 725999
3703 3986 576524
6192 7795 257287
9993 6066 1153175
714 5176 764997
7319 6477 2016958
2322 4821 1023974
5907 2835 382159
5134 6114 774001
6195 329 62947
2415 1432 434309
275 4798 1207536
3926 7143 214755
196 2773 371566
2425 247 614531
14 2923 185130
195 4614 216407
2968 2161 283172
2894 6044 443058
38 794 271645
1045 3886 196992
1497 3389 10927
9413 1706 189964
3683 530 623897
5680 6512 633403
8615 1276 2532224
9985 1684 158565
7244 8987 1860942
9292 8111 210467
5305 620 109077
7194 8477 137642
1856 5841 160598
1783 9812 100405
576 7807 251744
9147 6194 107549
3945 4343 284379
2258 7072 803448
9025 2572 963734
3768 8492 1500287
3241 7218 5471
8761 6119 8628
6196 8749 1319372
9156 3598 457717
1329 3253 557415
1454 5638 444998
5913 2704 184281
4034 5005 599828
3182 1956 17814
6223 6220 774186
5184 4974 192560
2120 3343 95151
6354 1062 669009
439 2633 93864
2056 2778 70067
6608 8536 406401
3541 2156 366941
9362 52 560284
7825 3340 66064
3386 8935 703365
6366 942 512916
3207 4187 2744872
9610 502 353033
3888 2114 2075073
6073 9463 518414
3622 5341 13349
3737 5860 317122
5264 7623 111075
1179 2398 10630
5874 6598 1853463
3594 8885 587812
483 983 22204
2552 4431 431071
1728 3218 1155431
1466 2580 566412
3991 9605 377039
9313 830 84471
2935 3622 485855
5393 8383 265343
9740 2289 109777
2940 1956 467516
9302 8825 467439
1341 8837 130689
9809 3159 68096
4458 8621 5388
7960 4625 425505
152 2494 55227
110 9161 167763
2222 5376 448899
6619 1004 155230
9718 5474 1005644
8920 3045 159395
6234 7608 5318
8628 9859 1330897
7684 9883 252767
3928 1557 511298
5685 7580 254082
1367 3911 253617
999 5495 499237
2169 6935 354330
9876 4827 167839
3115 6010 327217
2653 8424 23904
731 7937 153514
1098 9711 44079
7008 9337 54573
4950 4007 321893
7238 7050 1382466
3424 283 1372448
69 8132 171209
5546 5659 229294
4444 7209 574743
3948 8528 102866
1760 2017 1235347
9691 1059 86597
4337 5950 362697
321 7385 567390
2433 429 127445
6374 2790 383197
6981 4499 1285095
6010 1720 452206
8300 5057 167415
6646 5745 283708
6996 6974 1029615
7016 5284 158799
6769 3807 392196
672 9404 312016
1183 7169 757
1158 555 1314629
2529 2158 590819
8759 229 1644663
1432 2316 188663
5330 3074 409196
333 2966 174016
9440 4838 969529
5449 9863 7249
4992 7232 248913
8583 9623 79279
2501 8939 113636
5959 6235 242458
1272 5620 1014346
488 2070 288936
6059 7037 179553
4245 5219 954889
9167 4574 906061
487 7988 140800
6753 6267 285620
5742 7187 882824
6759 1125 466192
9358 7676 403549
6203 9588 456355
5702 4775 118074
2439 3019 713160
689 4741 53261
1198 8304 534688
9759 3867 184541
880 7854 167649
5993 2780 786475
2297 4340 161086
1775 3530 511537
3933 3758 1292692
4821 4785 109786
1271 9865 1148120
4941 1727 120400
4516 8775 1502606
3453 6673 258298
9226 9326 1541851
8623 6249 26979
5305 9141 9411
8840 7621 511874
7309 8608 565398
512 1606 18209
1467 4410 593596
3594 8598 135206
6787 1441 316406
3614 7190 100962
8058 8846 425774
4593 7956 462264
150 3563 1128054
2912 3070 284723
8151 5161 683386
1016 7425 1091067
648 6251 248422
5949 3657 581418
7564 4278 220083
3695 5509 560786
3543 576 226569
6337 4816 29663
3909 7702 450768
2877 5724 978555
2261 2398 21413
6871 3100 1575697
799 4091 270972
9340 157 494201
9291 5894 432450
