205
9297 9537 173059
485 3504 135785
8007 1102 1493404
3770 650 35605
2859 1478 762269
3035 1963 638328
7676 9656 725696
1349 6095 668878
3069 3290 257898
9242 4481 532429
7537 2127 459624
8028 5164 155080
5576 6383 612151
4131 3930 239290
917 6543 786842
5490 5207 64726
4577 4354 183509
4647 388 398316
604 2645 406677
5790 9364 1175073
7331 4057 214021
8995 3396 909988
9824 7684 120296
4905 1808 128366
4702 1609 1171257
7843 3771 94321
6542 3317 326137
2641 9243 196556
8243 9088 814695
3928 467 760267
9431 4997 64226
4924 3546 516807
7999 5967 214560
7806 296 343566
7167 4781 99838
4593 1075 222961
3848 9789 106537
5418 7374 81399
3916 2467 1601815
7415 9978 22855
1977 6420 710981
1579 3839 256638
6198 6400 835502
1909 1325 256686
235 1821 61637
5021 4399 443910
1113 9678 454585
299 101 169250
3321 1951 658292
4913 9341 1229624
4050 5181 10219
5887 3831 32812
8772 7814 180831
6757 2072 75515
5282 9991 189854
6028 3330 984980
2952 3891 665488
2405 697 1358937
4027 3834 151079
8762 5043 293820
6615 5994 235648
3073 8842 71678
7774 7129 898625
1157 3374 340245
9355 6130 2123644
9215 164 64816
313 3708 472669
1769 9208 236202
1282 6820 36510
2225 5812 59101
7377 7470 427538
8285 5231 283854
1856 7877 887155
6533 6506 312414
3958 9937 5988
206 6708 1129561
8834 8805 336884
5447 2254 725088
1591 936 54440
512 2146 1394
8967 3822 162256
6719 2031 267339
1196 3176 41233
2539 1114 926873
4219 8596 688753
3426 450 492783
5494 7192 80778
7732 96 607857
8729 3424 348849
9247 4681 1002525
7258 5888 152044
8785 2244 14180
9385 8294 47068
682 4239 584709
6952 6056 577024
5293 9404 12465
1523 6761 73754
3950 6747 453907
6562 2120 129676
2393 5648 591358
4092 3225 878696
4930 3254 230518
3535 8412 49916
4325 3920 85442
5905 5689 861203
2703 9063 559603
173 6948 517443
8665 4846 377984
5384 8315 952384
8721 7106 1179624
5694 4591 33447
8789 9105 18685
4527 5424 214604
9641 3147 912097
3379 9601 247312
2067 2842 701596
4432 8139 476931
9526 6344 353533
1594 2233 638145
5966 1002 1444726
7319 883 1562454
6239 4393 201564
3055 2224 659435
6128 3597 1489121
9340 740 315984
7382 677 648246
450 9047 278806
9719 9175 316677
5975 5027 205125
3447 2636 190532
3689 4746 337072
8840 8979 298865
3846 7473 749898
8109 1053 339025
3099 3457 768488
5597 9486 193588
6007 8756 1596100
9390 668 134814
2812 5191 127479
1759 6753 383916
7378 5603 186427
4928 2733 861118
8802 4507 409087
1253 7937 18818
4819 4630 1722795
8717 5819 320185
4426 5987 474323
4898 2841 173210
454 6107 143105
7013 3361 66051
3685 7378 12601
1588 8243 1322066
6378 8389 17794
9154 6833 709920
2486 4562 21891
1517 737 735608
2645 1584 14675
5273 5512 413481
7782 3885 530014
2094 9873 197060
6681 3541 792743
4928 567 462267
3066 1969 666619
5073 1623 174299
5312 6833 1130957
7677 2882 421419
2158 7024 562874
5981 3977 159517
9544 8137 124226
8809 3563 765529
4312 783 1986034
7542 4906 1145898
9382 5368 209034
2140 234 398393
7776 7224 3612517
6524 4637 1354190
5490 8943 86694
8718 4505 102939
9598 8250 438397
9762 663 255801
2159 1117 153123
3036 8160 467480
7526 6421 304301
8799 2550 679258
8142 4518 354558
3676 7024 197181
276 7332 25395
4058 533 685630
1351 7240 315995
357 755 1016937
1397 4500 443465
6690 670 40530
9698 7707 1266548
2839 893 689509
4456 55 581473
9643 3042 772983
9595 5912 494747
8948 9788 287707
9921 2287 97786
8834 4662 13763
8173 1174 1063071
9482 4960 153353
3950 2568 515705
4889 6683 841833
5430 6831 911383
