205
5141 4916 1341945
9992 1998 237450
9643 4758 574825
5623 8540 150983
4571 2612 1425961
9775 4339 1023593
5086 506 1132645
6002 9108 358090
6138 7206 779836
4768 494 366112
3934 3861 206967
1519 8835 1568118
2793 4792 560186
198 616 664734
1148 5369 135592
5302 3303 238693
3263 6951 121386
2927 1786 470120
1751 179 368077
8691 9012 325734
4529 2559 177314
8830 3221 1056603
1144 2013 216753
3668 296 264214
6941 2050 765941
7993 3770 151784
4961 3670 629047
8702 4780 1028607
424 2872 553198
9665 7213 170410
9145 9290 400726
7054 7402 247016
7718 3956 83851
9544 1661 522524
2734 4815 171213
3850 7391 394520
5507 8423 958940
3336 4501 180987
3250 5329 354780
3122 9457 412617
3804 259 1108667
5797 1749 257627
6687 1988 175729
209 7965 1181811
1894 6775 433523
7078 2624 159432
347 4971 30171
3887 9404 107947
2709 6822 642155
9434 3180 120742
9421 568 624492
8331 1851 128190
5495 6933 295343
4139 2866 29445
2924 1962 59522
1813 5977 641016
3806 1976 2136784
9618 239 706077
315 1290 2410709
4172 4640 46877
8714 5577 35676
88 3258 774675
166 9256 82604
4629 8525 265096
7488 1156 300805
7998 4523 288273
6933 8523 192578
3026 808 529463
6127 2061 542363
6833 9832 354964
13 7572 409901
5076 9374 477016
1495 9452 159667
3896 8840 409597
6506 8455 172033
4500 8903 242400
5299 9930 1559525
9475 6480 25445
2523 2223 945330
8071 1855 101052
2119 2497 460994
6864 5226 274266
6824 3431 945644
2286 3721 431425
5072 3885 351689
8241 2805 581282
1987 4684 461277
1826 7920 1077007
4999 9703 293136
7716 2436 1074269
2773 921 150872
3641 889 61540
9928 5881 87510
8862 6571 94870
7043 3992 636133
8789 5840 2591427
1928 7010 502969
8316 9649 397358
8744 3316 347172
6913 7209 314648
177 9928 267908
2807 1221 154660
33 30 336521
3152 6198 445360
2019 9798 905437
1335 505 144208
641 409 268882
2975 5559 370433
6581 2127 1464388
1075 353 6405
4167 1708 528223
1539 1381 320738
7822 2576 309794
4836 2212 233986
8202 1088 17030
4785 2077 430576
5864 2125 688267
6075 5977 458191
9251 3818 226782
9536 3680 594678
9541 6423 11452
7719 1969 640004
7423 9002 370593
8251 1377 781086
1434 2722 1232384
1363 7525 128876
9923 1150 995666
7700 3476 168801
5460 2261 478076
4900 2389 1023241
8083 9582 789378
5705 7161 973158
7743 7399 11623
7281 7706 270561
9772 5817 673189
3721 9564 280342
8213 7019 457236
6702 9878 339192
7115 7711 2037218
1588 3496 1619111
2267 9574 6126
4642 8823 572964
6120 7097 2290951
963 4771 312012
2450 5027 82763
878 6725 515975
3487 130 424625
3728 2535 130633
9443 4611 139683
5600 2204 2057
273 2098 305614
4432 2285 69078
1808 4929 73104
7469 7151 1557855
2080 3892 840273
3119 5718 287577
9411 4372 181183
8172 6626 122391
9405 5060 298841
9943 2528 887607
4438 5933 190287
1895 9802 490649
8452 8261 17262
7156 4071 393953
9366 1868 18327
1552 2212 164951
480 2312 390474
1762 9226 196900
1964 3257 246811
2404 6517 379999
423 9815 110108
2482 2710 7485
7680 4935 233812
1260 7062 331819
2438 2445 923834
997 5122 196681
1077 4166 33767
3661 3788 332250
1455 2898 206742
2548 6046 858126
3171 9060 184785
7557 5918 564892
9192 112 1693082
9097 4641 752105
4998 6070 157151
4391 958 345660
8396 4042 246699
796 5433 1796632
3609 60 211583
5697 1958 106415
229 6019 565145
9630 3446 518031
5359 5610 118227
133 8535 42174
7089 1242 42854
6973 8937 884574
2536 8425 23335
2265 9987 166387
2603 168 487636
2332 3643 14806
372 2864 375162
4745 494 1118857
853 8431 593751
7281 1682 299070
5994 6266 1319482
