53
6898 8204 3234934
9276 6007 1206368
238 1549 3560071
794 7014 95630
1492 5681 3136154
5575 448 590943
463 3705 647963
6522 8994 595540
668 4914 3003273
1123 8814 1433040
8138 8541 1105286
4569 3890 1656292
866 2049 4845021
8434 1073 2414878
3427 5578 2964004
2151 5273 992568
7072 4807 5747836
6667 4584 136907
2844 6192 1415722
3031 157 7690245
4020 4145 3865010
1615 5678 937096
1711 7358 3052349
2608 9065 986384
2618 4539 600641
1739 2137 3815056
1338 3139 549417
1764 3199 389862
2262 8048 2528108
8677 626 2324753
3711 1264 1998885
9997 6347 1885926
8579 6914 3139359
2628 2666 1705272
4059 2766 814992
1775 3545 58566
2405 153 753149
4627 3960 3049153
1025 3880 98836
7579 5510 180894
299 593 1557108
3424 8275 818727
4897 5295 133633
3309 3444 2535213
8323 409 474915
9528 8349 2806742
2294 4742 3091472
3082 6333 3366902
6904 3388 578152
6619 3686 1505427
3318 4732 942817
8 7380 2310997
8481 4763 671512
