53
1015 6120 1867579
8236 6231 4343352
7402 3038 1400423
860 8066 18973
3541 515 955122
9864 5873 310248
8358 1035 960536
9989 506 7794591
8636 6711 284999
1843 4701 879781
5985 291 377461
1503 889 4486382
8161 8735 1715745
4644 813 366749
5891 5352 395943
4124 6833 1455453
3875 3053 3890936
4642 6047 1292539
9827 8136 107388
7081 9769 1619201
1198 5962 1062478
9447 7096 1289035
3830 8280 28210
1329 6792 1378941
8826 5667 665471
7126 5645 7941013
7169 3595 1089593
4314 3399 932149
2665 3784 1021076
287 416 2528890
5784 7364 4391109
7502 4384 3489547
6699 8997 3940650
1490 8593 2296334
6811 4685 189816
1407 8263 210430
1328 1004 787834
8947 884 3479814
3214 4046 1584879
8738 7783 1109247
9438 6360 69538
2630 6724 4650369
4038 2829 571657
7692 8810 1891994
6302 3745 1772456
8609 8011 247911
8216 3429 2806713
8324 7038 5303943
9094 5060 2032554
5023 2158 3461484
8041 5672 614502
8032 1024 1856682
2366 8726 780280
