197
9592 9245 267125
2770 3103 12345
8475 8181 486071
5074 7302 486477
748 6216 4893
150 7647 224157
9515 5360 497793
3674 9944 402444
575 7761 1293529
4594 1913 321374
9795 9401 1183180
4546 8569 269826
3899 1708 951784
6832 436 1204631
3385 6952 226570
2783 6382 551411
8890 6004 675771
7005 8979 292264
2010 769 72955
9175 845 385769
2611 8033 745587
4250 4657 687502
8049 7928 948410
1529 3854 95648
2665 3255 306037
6307 1388 165244
3827 7873 1426542
1036 4734 115204
8227 3450 891924
2742 7375 648263
9080 5085 233156
4409 8864 416874
7607 3837 203309
7498 3958 851991
7098 2446 203665
6128 6973 435826
7213 9741 231095
3819 8912 254436
9603 6196 169258
6630 9465 634478
2230 526 1902771
6960 7791 1350306
8774 9826 97215
2395 8073 339153
4502 2798 1258236
9241 6907 440340
7963 7679 970776
2024 5200 471921
8391 5137 108934
2655 2842 529650
6874 6826 212342
4757 1219 1281070
161 7150 1137364
2211 8272 759820
2542 1035 180350
2134 305 432800
8079 7324 1083972
9003 5285 1290303
1184 8620 194968
1284 6811 362617
9488 7039 1385046
1642 6339 570389
6020 7745 659373
720 5033 123298
861 4865 2154
1238 4811 437768
5948 1781 124878
4905 601 420153
8467 6988 76770
6792 1098 62731
2254 5040 105949
2178 3613 212077
9796 6148 15581
7515 4444 346243
5545 469 329693
8593 9858 403612
7377 4192 105934
2910 4905 220396
123 7615 879208
1500 3413 880836
9192 4758 1799924
3301 6419 860651
1961 9827 1086778
5304 1952 472038
945 2441 430673
9565 7282 91203
8715 2568 1551131
1683 3268 177535
7165 8552 292125
223 3261 1316657
8168 562 150240
6849 1829 559758
3042 2497 318704
8630 8562 20249
8567 9363 209128
6034 1040 494724
2536 4312 51747
5535 1490 477684
5830 5312 685779
3560 3960 219137
7984 4489 679586
8955 1003 1101235
8616 9929 863782
3502 9941 35171
9959 7291 479717
4837 1330 638231
7508 4073 1073121
7303 4425 70103
9722 3421 35184
4176 2476 1979349
7815 7928 3276
9779 2090 356077
8263 997 76119
3904 396 952357
5826 8526 204886
6751 7048 675452
4443 6252 909490
1069 4700 971648
4776 7505 3261
3299 1041 233496
6328 8264 69925
4243 946 302424
8569 9390 1286484
8273 4698 1701858
3552 2213 312924
7734 3956 6884
1751 7508 61606
4880 6506 282011
7414 8293 466127
8687 1714 58282
9824 4229 1174013
5636 1681 512469
5821 1986 253029
5824 4340 333579
2967 5747 180148
1331 2006 103497
8101 5336 507619
5667 1096 253941
2446 5598 587641
4280 6376 743536
2545 7944 126063
2010 3507 94771
4617 7970 295078
1251 6251 301854
2068 4108 269000
4512 4877 1085258
4188 2175 295570
1868 6048 76378
313 1663 478317
6496 8185 267172
9575 4664 256346
4105 7850 923275
4797 2310 7992
5165 1833 440054
7466 7665 7619
2868 2064 130546
2412 3632 256772
355 6730 1170586
4792 1780 16923
9208 327 158160
7569 545 457216
7868 3738 359197
3425 9319 1670692
529 5928 369602
3618 3239 493097
1230 3644 153630
4191 5518 66146
1644 835 220144
2605 5784 52671
4980 139 402349
4199 6471 1026641
7499 2013 1554464
3851 2963 1151850
4791 3854 466155
598 6549 250494
6429 2866 75596
6608 7672 278905
3789 1782 105473
3502 6292 74053
9129 9204 349794
7715 5680 330892
9936 8925 1906756
524 5909 1409695
1857 6917 168457
4678 9803 173377
3059 176 1911668
6039 5700 337113
6834 7695 102016
197 324 24099
1384 9119 163381
6995 2592 198446
1907 755 45495
5136 6183 1265949
9200 2972 1098996
5798 5909 913085
954 3820 238305
353 9923 429149
