197
311 2090 1505007
3671 8308 869993
9640 2615 1146071
30 4054 1064706
2338 7715 284538
2886 7333 160867
2537 5880 1580638
7112 5900 7729
3956 4568 304337
8457 7567 483249
8853 9979 269908
8369 5270 308871
1911 8125 100731
6565 6841 270233
2481 734 559682
1679 2797 438474
7800 2539 143158
4155 8744 158469
9408 4682 55462
4057 8708 38977
229 8329 167700
4302 5762 19942
5348 2026 1158979
6809 3000 480189
7976 1574 796700
5183 2535 1416426
323 1015 99584
5101 2249 677645
2646 8670 43653
94 5622 153722
9388 6771 357943
4522 3761 10903
9197 9282 856654
4918 8751 746629
4945 2930 220013
2762 1234 74731
8990 3808 1020574
8759 8850 173982
6311 418 1042498
3836 6851 912348
1049 4884 101541
476 2652 500973
6627 5588 394691
7659 3815 29014
9763 895 588634
5844 3341 80303
1905 2347 572300
7768 1790 1886657
5657 1151 677474
3440 9554 624720
6148 915 478500
965 1970 30407
2206 6466 778620
7442 585 93493
1294 6406 89511
7773 4285 496894
3258 2366 244388
1235 410 593778
8820 5727 72469
1094 3645 373634
8377 3366 222660
4893 6015 48363
2518 230 718014
3471 3895 283430
4163 4514 1024811
1571 9928 915950
2797 3169 749485
9160 2157 688578
3452 8467 50732
4934 1916 174998
5890 5873 503394
4444 9058 373534
7317 665 795992
3183 2950 4529
3336 979 93202
8840 2385 771841
1717 9061 88732
5597 9832 98913
5962 6320 37478
5522 3346 47883
5885 502 52951
61 8630 281375
3749 1835 281339
2418 9095 816933
6773 7619 114405
2088 5230 571281
4581 8210 55554
8359 5677 361046
7147 7072 765351
8314 6479 234504
6245 582 1096399
6906 4993 6841
7527 3605 379605
1267 526 689620
4686 6974 161615
4502 3079 125384
3296 1611 181562
30 9824 532584
1320 3760 99021
2970 1696 899373
4554 8514 161454
8777 4884 5363023
6741 2036 714573
254 7331 202038
9082 6752 343221
9777 2074 642630
502 3629 259323
6631 6943 426063
6572 7423 66141
8784 3295 1563156
934 9486 119822
5516 4028 99327
2859 1820 307746
7147 8394 169086
3323 1063 18562
3436 2280 723303
5534 5134 294767
5281 738 55227
632 7336 32919
2905 4526 1761068
2266 2755 267591
8396 7039 263646
1134 775 259192
8198 6159 123085
5483 835 414629
515 8279 1097216
641 6344 379625
8641 5593 1320263
2268 2296 18371
3656 2457 2458668
7632 1303 465553
5515 4881 714719
7336 4854 1373653
3764 5787 376939
319 5194 107854
6750 2478 799691
8538 2222 507544
7690 5377 147378
8460 613 46544
4930 3302 481416
9185 4000 474236
914 5996 78316
4342 9565 486802
2551 9688 498116
9537 7765 1460947
8907 5388 428140
5111 5550 69928
6577 46 385217
1838 8779 503911
8915 1996 202247
9808 7856 1022798
9132 3771 615715
4991 9926 278075
681 1951 742898
3823 913 98260
6241 6965 693141
5565 7439 848911
4311 9201 224541
357 5829 1424151
2408 3524 393261
1268 6481 94201
3413 6898 191574
4952 4273 252299
3864 127 401664
239 3142 296098
1541 7481 762290
8872 4856 978623
6034 6838 388483
793 8313 233250
5849 5729 313854
8080 5216 876081
2212 6959 269659
1859 3137 1388857
43 8012 145814
4170 6189 1131085
2385 161 355743
7743 4554 1039253
3364 7594 35769
6404 9811 429516
4397 7176 78132
7908 1117 197297
6917 2540 122178
2012 6049 332193
7655 7353 1846386
1291 4825 790116
8451 5207 443644
1832 7575 619309
508 8395 124130
8430 6369 51709
688 2879 217352
1147 4202 241270
6628 4909 1964876
4488 9735 1188821
1864 9420 401007
7288 543 180482
8045 3670 1310877
678 9629 140293
