197
479 9032 30868
6083 1414 763889
936 9172 870749
6788 9389 1275944
6138 1400 497264
4628 6259 846745
941 8449 1162915
6354 4181 78542
8364 9094 146943
6914 7790 541936
7805 1628 188990
9266 2768 835546
268 7670 91707
5495 5496 490579
4696 8 422102
3828 7044 1852913
797 9696 917035
6166 483 538120
9231 9353 853188
3087 7543 888093
849 3404 104810
916 8649 189300
1328 2405 12955
3876 7684 43838
2490 470 780369
8428 4500 1480013
5109 4762 350869
4894 8525 286670
6843 6466 1108154
799 3079 857807
2085 7276 747724
7306 1538 771446
4479 648 645034
2879 1691 391855
2795 1737 418807
378 5841 782017
5886 4186 168590
7170 2399 387322
6877 2123 548933
5174 4798 325764
6646 714 350235
8476 4628 375690
4404 70 2652867
5728 1413 140618
7632 3678 959467
9018 3231 165472
6334 2319 259867
7793 434 1011999
644 9005 440337
3127 6800 1003116
1777 5972 311802
2194 1185 171340
2082 3608 65595
1287 7872 250696
7252 6617 1121559
1838 483 116812
2835 3551 590811
2972 9301 652802
7979 8361 54618
3739 5601 72925
6549 5730 37914
2654 4500 379790
1327 4798 835389
5656 4537 211124
2263 37 517856
2358 4611 773863
8938 2473 1554486
8424 7937 191668
26 2320 498718
255 2093 493591
7437 2175 1006
673 9555 216042
5000 5794 128950
349 3885 56400
1078 4554 656233
4969 5692 48105
8829 5683 118605
3571 4805 470891
4004 5035 34623
3055 9498 109044
8277 7931 1257084
1454 8820 128297
9318 7676 473515
6785 7542 2182936
7561 8788 2087067
2684 9509 310517
5612 3555 622229
1352 8131 55751
3783 753 896566
5519 6171 762251
9259 6352 456294
9677 8530 1090893
616 2222 2021825
846 3254 402727
3053 9134 475117
7686 3918 11394
3644 6217 258177
4767 1715 78857
6309 9804 641332
4035 2432 343749
9097 2906 912236
8792 6678 70704
5614 7426 591178
6230 1840 548269
1877 4757 74627
5312 3983 267632
9127 8518 575143
9469 3884 37678
9961 2955 6449
5207 3142 20181
5833 1690 194021
3555 9707 2182770
6935 3666 730058
4238 1296 1217697
2846 3419 117421
7500 7180 42618
598 8439 116160
7484 527 138186
2557 7250 504659
1861 7264 176758
464 2924 865159
8949 5481 502038
6978 3706 848489
2761 5152 94100
9058 6371 222331
7881 4422 144709
7876 978 371031
3420 7440 1280433
3108 803 364304
9065 4553 1129332
230 8285 200835
1160 8947 212067
9768 7581 187477
495 7641 99980
4953 7815 239
2424 6060 790757
5484 8981 1578231
1344 1017 166566
1823 2041 711685
9490 2767 2110025
1552 8287 353057
1212 5450 769694
695 3992 93106
5968 8588 245275
8161 9244 570120
3898 3606 231311
698 9792 204101
2741 1304 198851
8506 2397 703050
3096 9825 16976
2949 8511 1102127
6279 707 296388
924 4755 448446
4004 7481 577257
6472 1758 370223
5366 6287 78010
8216 1639 795624
969 898 87919
9159 1315 122892
9198 5539 571166
9794 2935 59394
5311 1380 274916
3495 2384 30653
3129 6210 332627
3636 8173 515648
5228 7363 114744
6747 8583 399064
2538 4868 621711
3736 855 265644
3759 113 65469
6767 5565 631051
3035 2497 18277
3942 7908 802552
2383 3284 105378
2702 5926 219734
1797 1845 359608
7761 282 28398
6042 521 745228
9850 8480 528006
527 4173 135901
1897 7883 125555
2494 3661 436351
7494 6370 3175813
5887 8693 181283
3065 3994 68368
5742 8338 1070462
8301 8895 206911
8006 4819 111638
4002 4301 93188
2495 8243 452459
2944 4781 706708
6882 6209 360388
666 2038 190859
7435 4957 713492
1630 7868 220471
7889 7197 78427
2 5432 957949
