197
3858 6813 50423
7072 5227 23067
7587 622 178868
1623 8991 677632
9811 9908 222822
4671 9440 303883
74 9567 307195
5579 8648 21653
2928 576 83453
7481 2192 146739
2796 8836 686551
5026 5772 211024
5674 897 905477
8799 9073 400741
5832 8303 253661
3717 5021 296745
5156 6990 47747
1333 5663 159791
1004 5644 353754
70 9002 205378
1849 4195 47644
289 6614 235891
7065 8923 1051660
6661 5930 179471
4340 1470 439618
2239 7593 212337
3252 4352 697654
4596 9742 871756
7125 8992 1705950
6802 8563 417135
403 1991 26360
4136 5028 556303
9341 4644 215761
2437 2366 18664
6876 7516 31852
1386 4552 482727
7479 1245 1348353
884 779 323428
3715 6485 23190
3431 1499 1204386
1476 7756 1017543
7918 7174 414245
4288 3508 63082
5903 1166 406859
7114 1532 239229
7362 3900 80953
1298 3910 46911
1438 1430 690505
8097 9000 421962
4189 2161 108100
9312 9958 258306
367 8693 62787
2551 9365 538617
7278 2658 183292
2617 7056 34792
9792 9174 2020645
4048 8658 196599
3550 4811 110069
8780 5149 248745
3775 9498 54643
1518 3486 122582
1086 9 1017107
3771 7176 381815
4112 5758 112407
7264 4156 385446
3326 2581 487262
3238 4207 181567
5203 2137 248792
2142 9540 188099
2954 2361 829625
6930 2232 211228
2554 2398 1254123
9139 2855 145403
3334 1818 245557
763 4914 394393
546 450 636107
6648 6592 166290
9591 6149 749808
1975 9062 1028744
9056 9793 451580
2534 5227 1070703
502 2814 1160662
5492 1132 612073
7507 3524 352238
8804 4392 1298355
6495 3973 553982
77 3596 269696
4896 4792 435968
2705 8758 407448
7857 4738 1759170
5065 7987 560123
6492 8715 672630
1198 2229 316889
2804 6542 2658600
9092 9942 123185
6837 2393 2591150
9649 1042 790616
284 9091 7954
1010 7904 358543
8666 1345 65393
16 7552 199882
485 9350 544318
54 9452 130082
6291 9095 1539861
9291 700 366177
5848 9834 128228
6869 3829 302390
90 1561 105717
9729 1322 170861
4820 8685 466387
3600 8334 2105439
1455 9753 366096
3105 411 298274
2223 2884 487020
2096 3356 65276
3444 9151 821956
1634 6874 739672
8513 7169 500368
1813 4315 179118
634 6547 2460130
5066 4636 522309
6123 9193 220480
9101 5131 722322
1871 2258 166276
245 5751 526808
6320 4035 258814
9452 2014 669019
3658 4530 169720
414 2318 58528
2018 5896 1369195
9698 5366 172941
5936 1907 801994
7300 2280 564998
3663 1052 60192
2881 4175 262265
7624 6367 124065
3828 6531 24165
5822 7800 1145026
8657 7240 1467855
435 8382 281664
4436 3891 113147
2075 1877 209301
9582 2537 410996
9039 562 647740
1643 7351 731621
6519 6505 201046
8284 4225 697576
9004 4218 366028
8155 2129 291560
2839 2362 612500
2251 589 103486
3388 9936 312099
5767 7258 186538
9122 9724 137067
7798 4312 1185657
653 7953 1091060
4683 9614 767779
6048 7737 359708
817 9208 326499
8277 4002 35116
2153 7810 30237
7461 3367 114933
6491 1205 2142395
654 5024 534117
7199 1948 116305
8742 8249 1114764
9859 2337 43699
6658 300 612925
5691 9391 18041
8915 6354 460346
3139 7505 492323
399 2361 148729
1230 5728 772471
6095 9504 542384
8727 6742 8078
225 765 74579
5416 2463 834720
1166 4636 121130
7017 6354 271465
8262 3910 214291
3836 7467 558072
619 405 165415
4938 7549 640856
6767 6506 311755
5369 2152 791701
9909 1085 203816
710 3183 827028
6651 2817 2911115
3236 8588 278307
9480 7082 89525
7408 9030 1121095
2885 8868 850511
2814 916 1075017
7755 9907 2070942
7134 1965 248235
9897 6766 601601
1271 1521 106724
