233
6844 1660 288810
3714 6084 685439
3914 9311 571478
6453 5634 148213
5553 2295 8119
5750 6026 684484
9123 6967 136200
9849 147 9212
622 8956 369533
2184 7812 639302
3633 9980 489060
7989 1067 641854
7570 6442 1951664
7186 3217 389826
8523 5449 81978
8658 4 36996
6259 4816 611263
2158 8 120518
8659 2603 260976
6299 8202 707005
781 3803 86550
3236 5795 29811
3875 3696 121146
7000 7150 103275
779 5886 759762
7784 5302 98011
4092 2476 450188
9952 3422 51740
2194 2354 497921
2235 700 509497
5479 3586 305281
2835 7440 84731
8454 9577 106350
8102 693 606884
8943 3020 110989
3517 9018 19313
6553 8838 1171941
1485 3043 185512
5483 6461 579655
4291 8615 1306697
7924 2017 1350805
7494 1408 223655
9690 8471 429411
2887 5201 55574
994 2191 1042611
3586 9746 547507
8981 65 541464
2834 7274 36355
2221 2 1084090
7269 5806 4981
5685 7667 40747
4360 8241 303049
4775 7668 1600163
8969 707 34236
8672 435 171576
5253 7235 385799
2206 1792 166900
676 2057 259178
9840 7922 77757
813 6741 1141598
5332 5828 351022
6853 8468 195924
573 5002 135893
8833 7431 152422
8291 809 151440
1912 4776 175577
3761 5824 93574
1260 6889 170477
8666 759 481063
2284 4400 152329
2381 5317 373404
6710 9437 96938
5411 7498 819858
7955 9667 1539067
3612 3851 791420
1738 8286 12317
9661 9306 655439
8798 1252 236390
1044 5742 22766
6558 5185 738254
519 5558 411112
4892 4563 31311
4616 1652 285035
5678 6790 368495
3523 81 123387
9367 6767 250643
8912 8408 315919
9326 3498 1032979
5325 9407 82014
6933 2361 138695
3594 9697 47565
1062 727 1158612
4896 457 7744
6208 5776 58678
5171 9217 78869
5413 7769 336950
4314 3936 837678
1535 368 735916
9421 6410 479083
4215 4254 1156290
6502 7583 319050
207 2089 122317
9553 2002 75146
3090 3025 186662
7952 3121 350993
314 3037 154402
2281 1863 1144977
7695 2310 94234
4552 216 443483
4044 6767 8826
2179 2052 408323
7794 309 711097
2108 2037 664454
8331 3439 605672
5806 8299 16867
6158 9124 60653
2737 485 229022
9294 4176 1051472
9305 3152 987848
7810 3148 294175
7178 9657 495493
6743 9247 431729
9499 6244 468192
426 4748 427965
9811 4372 40456
4365 4561 10978
2435 2595 118608
9711 8577 728809
9510 1250 860403
6324 8058 614031
1611 8755 918746
7072 7017 420854
1975 8007 680502
7906 2654 431855
572 2550 443477
4324 32 365849
3405 6090 773569
3149 8216 597705
835 4759 175373
1818 9162 123505
5997 321 2220315
9284 5191 542086
2560 3825 55729
3605 277 111385
4450 1387 109021
9750 7896 350969
8640 3805 821892
2560 6002 14490
1417 4515 147141
6167 4028 596177
7866 8271 12955
6999 4161 166023
4398 3790 50075
3539 1935 358674
9667 9654 268145
9682 5891 241360
2823 2454 1401524
4575 3716 355368
901 3863 279737
842 6419 518877
287 5192 280306
7391 3474 426044
9746 3632 187184
8999 3422 164810
9643 5540 611533
5060 8664 572523
8563 695 447216
1288 2607 215510
3058 5433 67936
4425 1646 221017
2828 415 832624
4867 5380 1207371
7115 8959 2279
9227 6636 370993
1055 1331 418998
6942 2132 244435
2167 8731 179867
3594 1546 126297
9845 7130 821882
7763 1482 35433
2621 6132 423913
871 3699 276607
2743 1633 396168
4054 4619 603538
4700 1898 168401
2624 8854 370614
9007 6744 16191
343 6569 1136994
5943 819 421763
3394 1257 53961
1865 7772 27175
5415 9371 296014
7105 1968 26773
3666 3737 429773
1661 9789 315494
3649 4335 68622
8062 6873 224946
7364 4799 1326730
3986 5012 79264
4937 7807 127475
3448 2299 283958
8265 1572 69010
2279 6791 684828
6720 9196 1491847
3257 1107 391954
5049 1969 91273
9819 3732 601106
5375 7004 17491
4587 2909 532716
9354 319 1086267
896 5613 602647
7896 7621 782847
1869 5858 127071
6903 2860 142547
9563 3885 192631
8042 1464 596396
3572 5197 79606
551 4475 1170978
7401 897 681669
1818 4323 741514
6400 2183 118568
4406 2084 452
1915 5654 1303197
5077 3988 655449
3692 291 2598837
60 530 388576
6295 9560 1941841
7947 4318 39165
2491 9469 244391
8387 3630 390119
5644 759 120827
8392 6791 194943
6288 571 933701
