233
9778 9170 20280
9871 1830 79242
4783 2382 586088
1473 7843 413903
9500 6400 779288
2870 9098 91362
6322 229 127683
6927 271 314858
5371 6640 65036
1196 7939 190320
2324 2887 1334471
4560 923 36410
9291 9215 406484
5596 6911 969430
7757 4065 32468
883 1782 536613
3263 1991 91218
5389 7516 687969
7516 7711 164013
1493 3331 217243
5694 5588 155977
3764 9580 470925
8510 2042 529547
554 8077 257704
1348 4776 61971
4612 7664 1574448
5892 5223 68502
8708 6970 508665
1746 5620 43197
6320 5473 311005
641 9235 305011
7880 7938 256345
4176 6572 78011
8014 4874 183723
4927 2962 278190
2713 1461 38694
9432 2089 402451
9578 696 571824
1093 1411 193550
1225 9296 178425
7239 129 308012
5882 2787 5292
7166 6081 286511
7175 5989 94486
2890 1481 141453
8382 6279 293083
7199 639 162811
8310 6129 120503
9286 8801 38773
2118 1126 231002
2819 8336 149789
8121 9699 68531
3836 6123 162325
347 9995 186944
1073 9201 420345
8712 4021 65755
9342 9354 1049012
2923 9766 200931
8007 8197 638730
8175 4498 186282
7632 7173 319100
8736 9814 222428
9380 1495 926190
8768 7132 268202
7629 6135 111241
9684 6607 58466
5938 8796 180084
3695 2442 304935
5582 3281 788703
832 3032 10665
7163 1966 341196
3058 7370 896390
1079 6090 876540
7122 8147 58102
1250 3229 9567
2924 2911 1710916
6181 9830 521754
4841 5330 936739
3432 5823 139497
4685 6383 74034
5884 2647 99221
1106 6004 48000
8353 3035 418784
2473 1807 382560
3187 3263 1001426
8746 8663 12367
3163 4542 118857
3711 3931 41879
3744 6840 378072
7295 9317 283490
1305 5998 332487
4118 8442 233946
6266 323 702028
8274 4519 221961
7097 8251 155194
2014 4161 545138
2406 7264 267099
5755 3052 176794
1176 8790 468847
6469 1199 212909
3027 9368 694266
269 7208 114703
3151 2402 184743
608 4549 299593
6253 5073 377629
9167 8925 891199
7190 4632 17864
4175 2423 142908
4471 5337 121775
9028 7459 157503
201 2844 9572
2703 2452 1201166
9874 2110 830741
3610 777 611993
5718 8699 122860
9796 266 143942
1895 1329 471241
5021 5557 154025
466 6667 569608
601 4874 313476
6850 6180 1043715
5095 5299 550201
6518 33 1789928
1175 5533 1026966
9060 9863 2665761
1144 8462 735555
5853 8405 464711
7819 4654 633749
803 2105 314177
6691 4486 61708
5625 8878 47416
5666 4464 516282
5506 3735 531738
5380 7973 4678
1182 6486 316816
8339 3922 203098
6005 9645 45093
3494 5704 368248
4360 7160 1143479
7415 5417 2403321
5303 1753 231471
167 234 385593
151 9606 598597
7871 7891 128540
161 5223 769439
816 9638 303170
5334 2810 449345
8953 5832 147819
8640 2066 334285
5964 2043 117444
1769 732 108491
7315 1882 1214457
7980 3895 145786
2700 3463 205382
9720 5646 68255
3046 47 1249177
7726 2839 359998
6195 6959 180752
5759 9884 1572785
4952 120 561899
4456 1140 727242
6194 1643 108757
9422 4630 9521
1129 8797 648124
3948 9033 536719
3762 5613 155727
7358 3650 19391
6350 8499 192232
1055 1605 1321945
233 2911 652499
2014 726 247039
5304 7040 968892
7393 7195 773421
7590 443 802074
7880 7721 1132561
7986 9084 845789
2886 4681 185123
2645 9217 105755
4638 2520 80978
3006 3246 509493
1255 4057 75174
7045 2267 157363
361 5636 614053
637 6391 382649
3620 8715 586857
2496 1985 99417
3194 2730 403040
3559 5240 814150
3229 2187 443268
9306 2579 43090
8990 5652 94719
9721 9030 226936
6517 4903 412568
6360 5174 608076
3003 4149 2879518
9567 1392 290956
4687 3205 793624
1809 9999 456942
1020 1698 242770
5720 7944 878118
1696 3457 8864
7124 8518 158672
1741 1940 321416
4795 9144 350423
6015 6607 598658
3927 4835 60463
7827 1423 1135116
2806 392 161677
3265 3741 757317
85 8647 482444
967 4029 107614
6438 5689 695431
1903 8029 174923
3477 106 610017
3091 9039 87102
8531 5984 17530
1787 4 580864
328 7736 1061551
2621 3002 479782
8643 9660 713036
3940 7077 485597
5043 6205 963507
6149 4915 95143
6055 932 85981
1119 9634 108121
2015 4893 619707
7993 409 983392
6 1182 795715
256 6011 181445
2868 60 341687
9442 1734 841899
9257 4703 211628
249 2583 487654
