233
7477 2846 108583
463 7316 53672
6366 5860 64905
4218 6174 257771
6101 6251 352022
8555 1966 1092795
98 782 273
9318 9980 418664
8404 6166 403105
2765 1641 7236
9469 388 326334
4428 5391 199174
5725 8444 344489
2411 9531 702538
350 3034 73995
1494 3161 381563
174 2597 21478
3293 8456 1317
8526 1837 565442
9499 8747 454348
4639 7919 35235
4097 9451 511667
2931 3128 675308
825 3287 1564560
3964 971 857073
3870 1892 572348
9467 6985 582594
7760 3676 497736
3920 1882 1065933
2187 2468 678524
3389 3416 128048
7216 1339 989653
2560 6720 346431
6665 2160 648947
6638 6561 826832
8111 8610 42888
6572 2266 533515
6200 958 117696
9512 6881 291176
9727 8382 63776
4251 4461 42393
2806 9061 342048
639 3914 129952
54 6625 222526
6452 65 44911
9730 4238 378435
4079 5037 69921
8430 3142 607123
7172 724 1086536
3856 4052 552658
6320 1359 31200
3517 3363 469402
1318 9348 237655
6750 2863 251905
7715 4875 239483
6397 6116 284868
9197 6393 987329
1317 4906 715393
2123 3742 375730
4563 13 204726
9043 9117 1159084
1750 8145 70972
1712 1136 73227
1720 9765 421171
1158 6888 822430
5870 6329 1401724
8248 1260 835272
5273 7227 71144
1255 2123 135642
6423 7146 732355
9676 734 53638
7907 2383 66851
2348 5540 287834
538 6261 257304
9618 5757 167337
5131 9532 8274
5037 1364 244885
1555 9766 817346
8080 6140 61637
9317 1633 735589
9496 3324 82376
6297 1552 458329
5430 6618 458684
358 5760 315971
7465 127 555021
2768 9016 1596919
103 5973 51561
2616 3020 628231
9084 6412 204719
6428 1384 1572598
173 3624 126965
5553 6252 1338449
8982 5021 399601
8098 4529 982939
7546 2494 117852
2551 9142 237669
5491 6351 20550
132 4066 95004
1834 380 776348
5995 3456 714367
8817 8178 605844
3790 6082 348169
7105 8398 1026155
108 2785 204022
4161 5247 183339
1197 1041 1526903
9620 2288 38263
6008 7201 45199
6768 271 175384
8842 9680 654347
902 6739 261605
6408 4736 480330
1432 1277 6647
2890 662 46294
5833 6357 137695
3110 1620 295579
6118 5948 188951
9275 5588 969869
9898 1560 265861
1778 9079 670938
8197 8279 117828
6467 6959 270773
6491 6560 64047
5075 7208 404013
8295 9962 1630183
1495 4104 1764301
4505 8018 651030
1809 4569 1930552
5819 9946 855866
9525 8724 400213
7627 5612 978144
277 6357 544951
947 6217 1390079
9915 8826 85792
7568 1655 939415
6131 2867 644798
126 8413 214591
4181 9083 885709
42 2021 199072
5948 6869 349336
5949 6466 130219
6857 611 392810
852 3886 168958
9915 5228 346491
4957 6044 271805
6542 3351 520080
8045 9136 296024
337 6274 106602
4011 5579 245639
4941 8953 709205
6824 4168 255981
2885 5138 198633
3683 16 728215
5944 253 154086
6848 3967 74659
8635 5451 344004
7085 4694 631496
4552 4465 154660
5031 2433 520801
427 803 422785
2318 2755 191635
8936 5201 441872
9036 6753 552744
1690 8590 114626
2923 4669 849181
1378 9819 656979
167 3722 71015
3329 7234 172283
2889 1330 34649
7607 318 97139
5580 5216 97637
2435 5545 760423
0 5759 146258
6351 584 344141
7388 8814 228628
5873 2185 29042
7484 7723 314180
432 1104 366561
9595 4305 68542
5069 7609 38876
7527 7163 21593
7827 3211 153015
1131 7115 769829
1753 6450 98908
1875 6449 466984
476 5168 764945
2840 9830 47462
1817 4554 3871
4025 8978 428166
254 9262 30017
8845 4343 116116
9754 8510 610494
8141 5791 74909
7592 9382 315101
2547 4698 429331
7468 6183 455028
2597 5518 635124
1213 781 530981
8619 6855 991545
1847 6158 179
4909 7055 798169
1851 7428 398499
5139 2892 250045
92 6071 100348
1059 8509 1031812
9097 6364 513026
8170 2591 531413
3308 3057 721088
3773 2592 291037
3437 3178 567992
2910 1157 612838
5427 8486 523373
6734 779 185405
8452 8699 205282
5668 5623 364549
6426 1363 508123
180 3543 687700
3497 3078 138528
8696 9806 519577
8009 7184 345155
9616 9548 91067
1585 1228 333434
9708 3249 225888
8935 616 1293593
9236 2340 325443
2461 9556 167017
7266 1391 521668
1928 6662 501361
1452 696 12150
8397 3766 682721
4172 1704 124867
6024 2334 1084039
6040 39 405837
