233
7020 1994 362616
2894 5385 529438
7677 2489 164628
3301 5551 77308
7009 4990 635174
4257 4716 223609
7920 6959 462178
9264 3543 497296
3312 189 200351
3177 64 1642643
5127 2124 728
7499 2715 21817
8663 7911 1285735
9232 9240 222580
2916 3198 717969
193 7017 1143255
2381 9297 17628
8615 510 828460
9893 5476 2143120
7032 5881 602511
2248 6344 1089999
3695 1098 234548
3012 3070 70661
9661 4595 253918
6768 1755 824686
6228 1842 418109
2086 3577 116870
8431 4334 162995
4800 9820 54057
6854 5009 272366
9049 2750 100989
5967 1275 6850
7424 2607 115927
8372 108 318488
5689 3211 504263
7918 7750 130255
7529 3984 36851
3926 9234 102138
5371 4444 1040151
5200 4166 1563152
141 4761 453461
9117 5647 80461
384 8208 154096
5714 2260 235350
1326 6449 337732
3459 8340 1066950
7636 6952 376630
6173 9719 297903
8584 8908 35473
9051 947 58424
8508 2794 914608
9930 1661 24641
3528 6257 400786
6902 8625 148299
8553 5190 360750
3270 2277 608496
5304 2437 422684
1385 9965 628907
7669 6701 831911
6665 6877 426107
1311 8391 312354
5048 8478 1033928
1222 7353 33050
7000 5720 258853
3231 1503 411470
4456 6425 278728
2001 8870 268724
9302 7554 514792
1150 3341 72293
2421 6699 16007
6036 680 198923
943 4704 19747
1407 7911 14319
1698 9930 455825
8861 2072 1941904
5021 706 12238
9602 6586 516925
5628 4877 416621
1396 4802 443805
8765 4868 109389
2242 2790 631294
5513 6364 441480
3758 5415 41806
3339 1577 571930
2948 4168 261865
9243 3356 736110
5066 7049 292502
329 6259 132536
6172 9897 1013287
6050 9897 410595
6102 8163 80525
4243 698 158785
140 1251 30813
9811 7499 89047
1048 9740 237824
5506 779 84487
7159 6226 70286
7974 8186 346207
5456 4222 155835
2387 9505 900147
7971 9705 924935
7322 9867 75446
3971 1040 281397
2446 3715 557128
9677 7836 225275
5069 9071 1846803
8118 3374 261356
7171 9329 307414
776 7429 472176
1614 6403 567861
7974 1229 199266
7119 5333 726491
597 6959 1115846
8282 4369 538953
2789 108 832701
6722 7551 264336
5540 4094 321790
4302 5749 819889
6979 3962 596816
184 2006 1395879
9983 3162 439527
9955 3273 505439
8884 1530 98847
4724 1249 317781
3793 9692 695546
2762 939 105754
7533 342 1691730
1422 2991 597284
5311 1599 425221
6137 8328 239536
6520 5875 1100
3759 789 491521
253 5581 394298
4434 4879 252457
7973 343 41469
7236 896 35377
3324 6534 807917
2612 3209 819599
6170 7597 520021
2164 1842 642421
423 9414 134291
4291 6447 182686
4143 7110 297094
4266 716 633638
9712 4247 387716
8169 7701 166558
4392 5577 439354
585 1251 81704
1272 936 605693
3931 9541 921841
1244 7429 102134
4173 1337 133509
5166 8586 132890
877 6348 138551
2478 4634 51163
1009 318 9634
5650 7095 18838
9245 1882 1040106
4045 620 1153025
1396 482 68177
7204 8472 410500
7269 2692 197894
4413 5430 113985
4208 5330 1112125
9277 9841 43381
2800 8729 37615
9415 1909 640502
2559 1900 6731
1009 8417 218281
4138 4150 70252
761 7728 149749
4872 523 712943
7997 8417 233472
1303 2748 443175
5708 2518 431857
8441 8677 1455302
7763 2033 10349
215 6013 69151
584 9024 213615
8522 313 398617
7202 4663 321606
7683 9730 262058
2514 7975 214582
6906 8002 384941
8067 7704 96791
5372 7795 956412
3668 5791 228123
6480 106 334773
8801 148 744648
2953 43 493770
1555 3889 144785
3836 5824 253393
8760 9051 297200
2845 9474 213641
2052 9326 319642
6640 6781 2500
129 1021 202034
3952 504 1224505
4865 4600 182154
7378 5639 174895
839 8567 94059
510 9703 1377824
90 6761 26212
9572 9106 526135
633 256 572222
1916 8971 1113791
4845 8562 101355
4891 5429 580933
5074 736 202663
4547 7341 1358681
1828 9704 260025
8479 5 12609
222 2826 312356
2311 1719 1120422
3387 6576 2612503
829 9472 866572
6919 4728 120259
6985 6468 18720
1740 8732 389825
2782 3542 1080354
3626 507 370915
6842 2284 258883
2763 7582 178576
1482 80 224697
7205 8798 62308
4710 1672 609333
9309 9294 218899
7346 6992 169406
2359 6483 814688
8353 1289 460892
7244 1355 225719
5747 9771 291073
5833 8759 114695
