233
9932 8548 611427
9839 8225 383419
3664 8025 46471
5357 9966 439334
9636 4949 190411
8303 2259 1131424
17 8777 1090988
109 6914 290960
179 4048 89307
2831 1391 422495
1934 1673 578412
8214 3565 142275
1040 5209 660928
3499 4054 154499
743 1871 614337
9419 8758 60135
4916 8601 131917
9282 7080 169690
5743 8597 20367
2201 4934 170307
3770 7062 392428
5215 6411 150314
5785 8037 61330
7749 8313 615822
842 6322 801509
3515 7960 370041
6883 7422 206979
7732 8118 203381
3333 1502 267620
3168 5638 15765
6821 2425 686486
7087 8558 2025216
1313 4479 403295
2272 3066 649004
8273 2780 68005
6835 2458 212958
4942 126 594157
1096 6065 289600
4637 2681 54879
8290 2432 1336476
7330 2325 129055
2356 8486 451620
9000 7114 1032767
5093 7672 1083980
2650 8888 311296
8654 7419 274692
8077 6320 16755
3794 6271 200417
3532 3917 370810
6492 370 32580
1292 6891 273567
9847 9460 1630621
8507 4229 197654
349 584 366724
8719 5438 214773
5322 300 223299
3690 8915 25418
4547 3837 601526
882 9255 171337
9954 235 161090
6071 9354 577993
5450 4160 849463
944 6900 702438
41 8737 2002694
7118 4929 467332
3562 8493 41678
3980 1785 280377
5273 8218 464622
5327 587 274270
8007 9683 493556
8777 9640 11834
2447 1355 23402
7569 9921 376959
5059 8125 640164
5374 3380 264941
7454 8991 53358
8125 6502 741024
2643 4574 14874
2009 9847 402965
4636 1118 118875
5584 4092 771662
4632 8833 245644
8334 2048 535081
1403 3924 78791
3897 3821 46999
8757 9809 29670
8057 8355 198632
2665 1661 237336
1944 7110 620410
3588 1855 293280
8590 9924 82522
1556 7725 190428
2506 5888 460521
5734 9491 296132
9683 4271 2130103
7657 4401 1620796
5883 6308 89079
7447 6308 420643
745 1714 381772
1692 1351 200926
455 5493 717765
5017 3848 31803
9544 6355 1475803
2642 9533 426263
270 5498 1071381
9858 8535 1212450
3051 1532 57089
4191 4630 691846
6701 6288 469458
5021 3852 596204
849 671 378431
7961 6146 2410868
509 3452 387940
9500 9351 177520
1363 8664 450311
1171 9303 957033
2557 9393 141962
3892 1805 326737
5858 6790 171038
411 3137 314475
2100 6302 32961
9157 5131 494833
7111 4564 229663
5561 9942 931130
386 387 451984
5204 1008 143834
2280 6262 1341043
1222 9789 245677
158 395 276670
7827 2746 252449
1836 3040 661082
4580 8633 300919
5624 4492 79517
6463 3179 638729
9250 8841 64434
2190 26 43452
3167 1077 165189
8060 2468 205308
5381 4329 244408
8863 5592 522025
2755 4701 1014939
8204 9821 695263
6226 4832 1733866
7644 3073 212353
2947 3686 320316
2345 5783 553984
6731 7826 128621
8689 7116 40392
9028 6451 104419
9679 8137 367712
5811 4716 351189
2083 7831 416569
1993 3298 9467
6164 4513 244457
4204 4626 113465
1025 4454 388823
524 7735 308802
8192 7780 80500
809 2534 482439
91 2188 72485
9581 2741 393855
7217 3007 253394
1908 9361 456970
1952 2691 227119
9986 2803 405693
7931 7655 228608
1435 7643 752036
4341 1103 1112199
8155 5865 165643
206 5859 1369534
3351 8684 1218464
7186 1307 356293
3761 1862 68270
6069 7338 214909
4457 6882 302812
7282 5903 284221
8982 1374 129962
5375 4514 512082
8540 5689 95949
138 670 460130
3752 7419 1001827
9875 3292 168234
7391 8784 313775
6331 6554 57340
2620 1053 442079
4218 8304 1719956
5847 663 257053
8777 4535 590234
8818 4239 51888
7734 5988 68721
7702 9791 122460
9787 2646 81276
7540 9167 164884
3282 2465 448357
9289 7516 10376
6827 2925 41016
5670 1600 571696
7468 4190 259666
3404 6190 1932573
2142 8873 343203
2765 1373 337689
4416 9483 22112
1367 3394 194857
3834 3802 286294
3969 8737 545126
5378 2688 52909
967 7457 287502
1287 1365 39253
7021 7834 260358
580 4047 806469
3250 2829 875743
2894 4664 508945
3507 3334 346604
6992 365 313230
1344 994 278516
1948 2888 675386
2551 4342 60895
3683 9310 353159
5820 6778 2172868
3835 2190 440922
8797 2136 276395
9340 8748 172956
3280 3570 483683
3093 3963 38309
1922 9780 49448
1432 149 526863
2988 4835 918332
8341 4694 162983
4296 5496 165195
3272 1090 336187
1982 5390 137642
1632 3844 378412
7714 1627 100661
