107
9001 8407 1044599
8746 4080 1476731
4520 2506 898002
6861 8837 612169
6738 610 110115
2081 4735 1071478
7113 8016 163470
5135 8401 449220
2781 9404 43145
5688 6393 340120
3656 5719 339626
1157 9248 84520
9583 1563 33373
767 7291 45815
7985 9475 97414
3695 5215 998362
8143 7165 776552
4426 6167 374829
3596 9122 503678
5342 9165 993403
1716 3034 441828
7348 5080 441408
7402 7647 397651
3561 8241 4552035
594 7886 226744
4878 9163 848585
7239 8989 169527
2310 6570 601808
8938 3463 1113786
9084 1328 704491
9383 3138 2981357
6478 8895 171043
391 8846 918613
2973 7254 3229814
4767 4414 923421
5541 814 144498
5595 4528 295960
6127 8247 223608
1763 6871 346999
8078 8881 920782
1932 3936 1077308
1305 1549 278669
9606 4463 320053
4660 8973 1109818
5249 1681 101347
1091 6461 355263
6785 4225 2376063
9906 551 1128262
7677 2893 7624555
66 3298 1710707
815 166 1676850
3055 1715 642796
230 517 987030
9434 9656 140118
6602 7706 931557
651 7117 849593
5970 90 81534
8955 7271 698184
4878 3125 2116425
6455 6423 907435
4915 2154 687298
1570 2773 1105758
3968 5081 1676519
7739 9601 1208297
4735 5374 1128626
3461 1786 369529
775 4055 127851
5905 1653 630366
5510 8308 1467217
6628 574 684900
8924 2344 134518
7376 54 393306
2619 2466 137673
215 4841 807106
6095 2681 2479029
3351 5270 2732208
2143 5985 5046024
2102 7934 569224
5274 7433 1126377
5385 3292 639346
9955 1138 3257213
8388 6726 985899
5640 2057 1001450
5151 2102 236860
6519 1378 34799
6820 609 267215
433 6605 429222
3742 2453 96995
8873 3626 1030821
5843 8818 881747
4256 3689 1298342
692 9565 640436
4692 871 668992
6608 5199 2325740
9445 7354 2019959
7310 9933 1176942
2679 8233 113232
160 72 1775437
8962 4833 711575
5430 7132 32579
9208 9943 532308
5592 5971 344680
8677 5233 5654
2319 5756 341743
421 3644 656205
4688 5979 158667
4984 8893 599970
