107
5397 2520 1145475
5372 6628 184022
2740 5519 891605
1756 1573 972410
7745 3742 695211
5770 2142 422414
3048 5290 321066
4915 7513 1998672
4768 6706 1724351
2377 9793 3677946
1612 5128 1033870
252 2738 913186
2340 4231 472740
1755 4848 219461
8368 1877 721606
9771 1988 1400027
2284 7206 790627
9358 3327 551552
1846 1484 2406276
7658 2595 1349584
375 5176 171654
2667 3100 355936
3185 2675 96775
786 870 2563369
8867 4502 255351
4988 4042 1357611
2714 2672 536988
9540 3066 658797
2199 3121 411199
3284 608 621562
3270 2493 225379
2971 1882 383291
1497 1755 999806
7009 9074 414991
9372 9026 173883
4298 9654 1246842
5100 1663 1013648
7214 8017 3752779
4884 5573 155030
4888 3946 20813
6995 9927 1403897
1409 8109 545187
2116 4881 1959885
2403 5176 1436565
7278 9135 1557052
4872 3639 332679
1229 9323 700247
2281 1382 66215
8470 4237 3539421
3649 7981 1479555
1202 4251 21025
22 624 1233157
9020 9223 361606
291 4134 299303
2782 5587 4517332
4405 6741 842999
6073 5000 461772
6054 3497 152430
9444 8212 209652
1380 6899 428667
2033 348 1020474
8222 7138 290184
7511 5367 2174
1971 6498 366659
4159 2653 744857
340 9822 322537
9954 4389 1799400
8538 9181 776458
7624 860 146010
9381 9245 1195539
9425 4310 3053686
3947 4355 1392268
9036 643 1136703
430 5504 660928
9891 3610 92242
6134 3824 339511
564 9870 1054955
8534 5922 154830
9033 2420 660578
3146 3431 226569
5991 9132 2487771
571 1530 2676933
3252 100 47385
9419 1658 194704
9956 6775 194712
5004 904 1661324
8410 1540 1100531
9576 3719 60752
7074 15 2382807
5759 3415 1516931
9117 2768 143308
3129 1269 1085947
134 1898 1565581
9676 7856 2300054
2833 4492 934120
3579 5586 89254
4621 7404 57539
4691 2930 693429
462 4164 853081
1515 2963 216162
2704 9163 1367368
8471 5982 144172
2104 9281 815549
4532 3193 1944590
7135 8979 19258
3298 5138 365787
4609 5384 787938
