107
2506 6677 327126
6648 3986 463845
5019 9070 167027
8919 4013 1695344
8678 4519 229130
1463 319 1321555
2670 1357 119472
1416 621 1559188
7826 9413 910681
7436 20 1899346
225 3923 94063
2497 8395 843397
6934 8832 229271
2880 7426 114831
8170 9240 4226401
9796 1259 865538
4847 6244 232690
1076 422 748414
5846 3115 2856577
4219 4099 812251
1713 8566 131650
4979 6031 409578
2414 5161 2704426
9828 2700 178675
8454 5945 188509
2298 974 379087
1811 3299 383011
2416 6034 541158
4492 8654 1747051
53 3595 2401362
9680 5125 1210428
2707 8679 1171727
9329 6520 151305
27 3951 346746
7454 9318 2865235
2519 2839 336735
1514 3994 584488
5132 4839 556921
5038 4334 797549
7640 3107 469089
1997 8829 810571
1925 748 629784
9418 1476 385272
639 6176 555677
9540 1620 734602
6555 713 531847
8711 2210 1024793
1337 8003 237444
7816 4967 3056557
2983 9247 1609693
4931 9574 418054
288 893 106520
767 5572 1505802
2244 9325 170883
6000 4756 394902
4397 8117 187532
647 4991 146944
8356 7716 1484901
1255 7087 95131
9219 3117 2793943
6181 1400 466129
212 8033 303260
1352 5684 716501
58 4989 1501338
2118 9447 44646
9033 205 1059606
4217 8517 837623
445 8763 316068
8788 2933 506081
1862 5916 188993
6669 3629 1647624
926 2156 22908
141 308 784085
5092 5639 2162990
4962 926 151518
8116 7170 2445492
7740 8604 3031449
7777 1221 1432868
443 620 483102
6870 5468 1015593
6035 5123 706471
2007 4163 3323865
5362 2171 1190279
2684 4231 308472
5689 1532 573284
6887 7858 341529
1182 402 578464
6683 815 4603792
4939 8084 1388494
191 1309 448471
5790 2365 604476
9627 122 802040
2439 4291 745516
4553 6216 1345913
8988 2825 144894
5441 4428 143142
3268 1538 676730
1680 4269 11005
9580 3649 3043428
4467 3974 881156
1532 8988 941222
7471 5815 1752601
1489 9433 3472
7156 1004 517874
9941 7821 427748
3470 8065 222638
2570 1710 1003421
