107
3773 8719 597452
4107 2184 19844
7233 1787 879741
2823 4156 280747
9812 7060 1183031
8516 1274 121508
2080 4656 41480
3939 1017 924428
500 3887 507597
6381 7915 78780
261 5104 592500
9730 6346 458895
5793 2499 711019
4335 3063 3577468
837 4681 249226
3002 2951 845923
5675 1477 2275837
609 1007 1361563
8669 4797 69838
7279 8546 1011377
563 881 141758
6492 9846 35940
5616 1024 499507
4826 8675 538288
6890 6971 761934
2943 5832 1847948
1158 6645 1205868
4637 1767 1238589
9308 2668 459018
816 9766 141653
6377 6138 113994
8613 7952 241343
4487 9699 2817170
2049 1936 150415
4040 3845 393173
2345 1869 824441
6837 6745 272113
3826 5280 1520737
4322 908 821503
9358 8673 984709
5137 5436 1509005
9170 7340 1360981
8974 855 1004200
2580 8065 368934
290 8382 131394
7841 8201 50512
6048 8110 1038068
7928 2320 3644599
87 6574 835181
5129 6843 315138
9123 1802 1330771
8494 6419 546602
703 9109 937013
7056 7206 1190841
2044 5794 109535
8531 6126 1083084
73 4420 1576453
2578 2612 1199502
9900 8382 2101269
4233 7662 1175164
5916 6880 212773
5605 6851 3185912
2071 3771 203618
5672 7566 1192629
480 3214 141759
4582 4711 4093775
3033 6630 839988
8759 5955 670581
7005 8573 695939
3484 5948 798143
4034 9621 736003
7596 9534 56616
9225 469 834033
1751 2748 1499198
2815 2116 1434528
2912 3027 496416
7968 6563 945862
4821 8974 1190222
270 1206 72067
5664 8187 570845
9907 4484 1712730
994 1842 1383241
7217 8278 396978
8847 544 1200317
244 7214 1389309
2415 5142 106867
4061 9716 728217
7916 1797 56389
7822 678 173286
3139 9249 1726377
9223 3955 455081
6305 2488 5366442
1312 9182 466786
696 125 22317
3302 5166 1046042
527 6136 500556
5139 9829 719405
6749 8459 528708
3462 7774 285853
1715 5478 1474513
6872 7504 1516192
2693 2465 293071
4391 3084 3504947
82 9038 462140
813 8063 776456
1325 5124 1406751
1866 4296 123521
