107
7642 5992 2149822
1919 9719 149172
8998 6960 654978
5861 2214 298268
2148 9113 431714
8510 9304 808457
2452 2736 462467
2331 2080 1629765
7798 3181 401397
7973 8441 2435513
7890 3431 629860
3971 4406 131110
5237 381 68780
2673 6638 743920
6457 5491 1127993
7437 7004 2611291
7132 5866 175841
4531 1471 987996
8013 1359 264070
7481 2284 251843
7306 5294 1645022
7620 1807 220544
4701 1169 105080
6816 36 195180
5902 9639 1939556
5626 3934 204056
7561 4856 195333
8903 7492 390448
3614 6913 1634035
7164 8203 775299
8353 7677 394657
4823 920 1396813
3041 4402 118995
9923 8457 64447
1108 6900 2021471
564 4199 178164
4283 7217 17227
5354 9540 752164
4507 9445 523993
4741 9114 183437
2751 925 277418
2943 935 1010491
1925 8972 411324
4328 8278 1509490
1382 9362 561362
2993 5810 731089
5387 5306 175137
5173 5567 3038934
2184 2976 290316
6790 4439 235986
5310 30 12907
9267 5793 1237667
5229 2597 1166465
8543 1408 1163181
7100 4009 1582308
4203 4531 1330630
7400 3470 1173745
9265 2910 334166
1390 8417 850918
1715 322 3224211
8654 121 784775
7197 2042 184194
2926 7688 3017306
8262 8038 317321
5036 1481 1191156
6561 707 3913399
5066 160 207723
6047 1330 2327791
2572 1187 430496
8276 241 1604031
5846 2933 692142
7674 2531 596748
6985 7356 2255208
6292 4016 1277827
4230 3978 2596109
3944 8629 790108
9751 1784 230444
7129 1648 51892
1615 1362 1045867
2799 9911 58133
3795 4522 336646
4817 323 292030
4170 6715 1418622
1384 5398 458008
8783 8332 1088778
2293 1505 508691
7895 6549 1333528
8864 3907 246226
7461 665 1752975
3399 428 2557235
5816 2228 558091
1018 8331 584410
1698 2650 29620
2454 1219 770296
1591 6536 2704163
6330 7881 2604187
9706 1135 242566
6401 9166 1282383
4618 2418 462961
3428 4497 1825373
9069 4623 1587718
2053 5328 1996039
8402 6956 276781
4864 7746 457826
4201 7982 281404
450 4520 144757
8118 7936 938093
