107
3656 2180 984992
185 658 222418
1487 8634 597783
9770 8132 3688306
3325 6873 43243
4794 2736 2069514
1045 7426 325670
807 4242 4730387
2243 8609 74254
8407 2693 586464
9661 131 689319
8772 8686 1383968
8755 8328 109752
3458 1017 1007531
8786 6226 2170303
4207 3772 615090
5823 138 294623
8920 3732 206934
9245 2055 203260
2121 6327 1462496
4540 9790 817945
9349 8157 1541659
9623 153 18686
8524 9368 825845
3348 7011 3920965
6839 48 761142
6112 2330 399590
7977 8257 848671
3093 1141 1056944
8762 7610 484385
3506 32 1200930
4039 6802 1901092
3022 9723 644380
3220 7152 263596
7538 7224 3023239
1596 8963 19352
5946 4428 125149
6420 3408 148070
248 5747 463326
9612 8121 766244
8159 4221 539605
3218 6428 60847
2485 2127 129527
863 6373 368286
6120 8928 261945
5244 2701 2188264
7436 6486 1161261
6629 3097 581866
4539 1094 435001
7648 7376 1931344
8038 9659 10068
5887 7753 447226
1559 5435 1006070
5010 3040 478377
6252 533 170299
5054 6500 633559
1094 5380 1889439
8352 168 1405289
2469 9225 2603391
8366 5436 1355918
5898 4668 47003
7416 5421 1658022
5312 993 1253958
9172 8051 466469
6395 1291 1172705
198 5442 1064
5581 7121 884128
7333 6146 1661054
2140 571 78465
433 7666 1858318
7593 5827 1253960
7093 3458 2097428
9819 4398 211210
1191 9725 331063
3705 3026 993172
7994 7412 80312
7771 7508 1736732
8193 7280 152077
5715 4525 222068
3316 7684 1063
9494 7363 1014166
3159 4415 154691
9508 451 1648800
6995 4062 60857
6892 1646 397241
4314 129 650982
1667 2787 360605
7344 4617 323319
6912 2351 1496552
8055 219 533230
120 3418 623425
858 8163 2050868
3501 706 896762
5959 4206 1936650
7549 8855 4791693
5956 8542 1010318
7425 8964 320997
2008 4038 141834
3248 6536 537421
4523 1707 206814
9931 5854 846891
8767 9098 44787
7767 2160 724036
7949 1932 1758361
8802 5074 2429990
7693 9353 230435
7886 4868 292905
