107
766 5923 81300
241 6323 480477
3843 8793 385713
7122 3497 591758
9205 7045 244520
1235 7690 426522
8937 7396 86198
150 5637 3030585
5420 3566 2994082
7919 3305 321505
2434 3470 998259
7179 646 281826
4613 1583 548927
4242 9745 651643
1782 1317 383898
3115 495 94700
1407 4402 2337727
3603 856 395048
1619 8412 660359
3683 6830 1156197
3628 7848 3091034
5689 601 147222
5357 5836 931130
5346 2214 395867
4833 1860 127200
3414 9530 266611
3803 1517 2262621
7010 7796 120025
9080 7152 2285555
1358 4485 105890
2288 8373 2715105
5395 2935 1128926
146 6626 679095
8421 7384 1098134
4503 319 449980
7542 3963 768875
4976 8416 214046
1562 2276 24367
843 1830 16514
308 7432 168383
1180 8827 1611873
3240 4559 369635
6350 7610 1515521
6112 9901 185121
8121 3552 46728
4499 1882 1350340
3961 8064 527439
8430 589 329394
9010 4535 146799
7223 1343 1545743
869 3528 74055
3600 5121 1833026
455 2313 1388212
7558 5386 137698
1097 2962 182329
4697 3856 936728
2965 3555 2042914
1820 8514 616938
4214 6769 2485881
8433 395 1274538
8160 8790 533779
8270 2417 57391
4463 6894 148693
7148 8141 1300576
7665 3116 296349
5960 2284 1187777
2383 6858 516236
5717 441 757652
1421 9180 1271083
2351 2305 1122185
6637 1935 444587
1801 9038 1544569
8071 9951 1432246
6109 5860 267153
4616 1755 34121
5995 7811 1736624
5604 2695 1343076
3075 8789 469797
7580 8962 303135
5010 6765 474642
9654 5963 310756
2624 1804 1942447
7065 4790 387631
2050 7655 1518313
5974 9297 1920705
7471 6762 1671522
4228 822 971267
2734 3971 1726570
7381 5725 1175855
7900 3012 2288953
1698 8593 227625
7234 8073 556362
4299 8016 394203
322 7578 2683755
3020 9149 607192
4317 4548 186940
1981 4947 3955459
9695 7611 30569
2389 1344 25415
5747 4732 845426
4637 3134 1838880
2231 2465 309602
3046 4690 1923548
1450 7063 1847170
5065 3254 568505
2562 1364 2023328
3995 6519 1071595
