109
6654 7300 315702
6679 2936 29536
3100 3436 2832416
480 2516 431506
5640 9127 1482947
5014 2301 1307027
8779 8744 110697
7361 85 677835
2471 2930 753934
2536 3917 1141296
7826 2057 1971579
9405 5448 3204297
3718 2123 606754
2016 8938 24760
3696 3919 1175640
6348 4211 1406327
9307 7760 614374
7677 5025 494616
8016 188 1612295
6799 7559 330915
5427 1789 651491
8060 1954 299060
9858 2161 1619538
915 5803 736673
5162 2369 922093
1649 6072 1067818
5679 8134 1030489
9010 8541 762122
7290 4265 337433
4176 9540 1180341
5650 3119 376505
5248 5388 779977
6962 2329 1338390
7229 2188 1141721
3941 137 997971
4566 8982 247786
3201 9668 277173
3974 9040 362626
1591 198 439927
2340 6129 389292
4913 6317 137150
356 5968 671061
8752 6696 969277
5398 611 1024118
860 4873 587650
7490 7813 659629
2574 9675 1897883
863 9178 858255
831 3996 3845393
5536 3507 187725
3716 300 2995747
3872 6434 129021
7850 605 419285
4599 8591 852660
4227 2612 324322
2103 4607 1967081
5900 2158 364798
254 3566 390349
6332 7486 131071
9600 9564 4242721
4051 6000 1244116
6671 7010 2575633
1013 5582 1687820
6892 904 1468149
2616 3128 183308
3527 4266 521716
1022 2382 187763
83 2485 12145
796 7958 2354013
6715 919 210969
2991 7233 908105
5889 7263 959567
4810 957 201925
2623 7056 525374
8307 4895 2693317
5885 6957 556564
5689 1709 12123
1858 5101 819498
9688 3104 26515
9148 5861 1298846
5002 3647 277237
6948 5780 197484
1872 5918 280079
7858 2089 2021784
9002 7522 252133
7289 1679 859923
5432 8614 3354050
2424 6169 2332385
8900 5266 182272
7763 5578 1310189
7080 6064 267480
5385 5190 248476
8781 9188 309846
3363 5286 1951126
6323 8435 2256238
8625 7369 571187
6682 8019 817713
4365 3598 876889
7442 182 316850
5154 2897 246396
5311 5091 140302
6124 8591 277791
3547 3484 117074
5668 8909 1408375
2618 5911 777824
3290 8819 481268
1254 4316 436521
8327 5507 320855
4948 4751 524712
