109
2949 3634 282225
6571 1786 311014
4767 886 526405
9602 2148 2227452
4111 1852 1224374
4120 6648 1150577
1727 8448 2611907
2624 5027 26198
8811 3416 3022563
3661 2679 3911901
9505 9209 337817
724 5776 310004
46 7866 1901330
6672 9541 126861
953 1993 339643
3259 8969 227333
3683 8081 316813
2178 8013 1094185
4044 8006 2538638
1476 4981 200276
5415 2351 493095
1092 4765 111634
8636 4406 548113
2210 1259 324348
4673 120 9026
4995 6379 125424
5806 9669 149204
4478 4254 35993
4415 4615 1289848
2165 5401 171871
1337 6746 456886
410 4706 796662
5547 3070 841771
8185 4243 195898
2140 193 1756233
4206 8050 1334712
1461 8881 590887
2750 3864 802029
4492 7738 386915
2823 4679 2176543
7055 7698 1364488
7973 2407 691274
596 2830 222691
6748 6430 721213
884 1608 398210
1492 6892 1397889
4835 9010 593048
1682 2932 212102
8738 1956 82550
3582 7300 112383
9994 3638 521216
709 7288 668055
9543 1761 325954
1153 8319 619451
7208 945 1586135
9953 2101 983364
5786 2588 154195
9263 7141 199834
8817 1741 1686873
1685 6360 367563
5257 5791 2423198
8246 6997 55143
2670 7969 794807
5764 385 162357
7556 511 728184
8742 4791 1310000
8135 7248 187796
141 1333 3494342
2743 393 296428
7959 3388 1160650
5684 7798 1506758
6979 7888 196084
7324 9 1579051
7156 974 1856241
8160 2827 189427
3729 2308 3089819
3833 1954 1429521
9529 6292 1960556
2392 8638 23761
251 3789 865164
4436 5205 902564
1865 9281 281363
5197 9705 825792
7572 9851 556715
8796 2831 1485894
4027 9688 4103842
3914 3165 675322
9517 9908 1094544
2838 7885 444355
6679 668 1279379
4852 1897 987747
1016 9638 560385
2168 8552 967880
4452 4191 1305486
4578 6206 371315
64 1384 1120457
1342 7851 3311112
112 7278 742417
2417 3093 1495293
1398 1565 829109
1203 6318 724663
8654 6343 211242
8694 6093 772428
6274 4407 670093
9659 8512 246828
659 223 614298
9076 2630 607101
4498 5546 812882
4992 9536 497111
