109
8673 1603 652269
1335 5705 1113040
6535 3945 159832
4445 5334 77685
9574 7682 1411243
5834 5927 1399945
4489 361 747328
427 9738 1260775
9249 5480 1950248
8647 2663 351701
8306 8873 1248588
7409 7876 62977
4291 3915 557818
9308 7529 1479585
3234 1782 2463480
9745 546 930160
3065 6532 41804
9623 8452 22488
3880 9058 106619
6774 5932 285762
757 852 993652
3104 7061 146886
6945 9738 239173
4448 7570 560837
2412 7204 31031
2060 7501 631422
5206 671 651048
8606 2897 5895091
4990 4365 958835
6192 1057 835598
3006 222 292522
3059 3732 97370
2661 5073 166580
5396 6409 3221611
3606 5817 109444
7751 3965 1223229
3544 7176 1920431
3391 5368 1082031
1671 7183 2836862
9455 2132 671377
2800 3886 37513
785 7479 192461
8720 6379 2317705
7012 1693 158277
3563 7117 422777
1852 2051 320105
4438 1577 243419
7569 2960 63069
7172 4410 620460
9215 6817 119152
8943 1291 229993
2079 1104 361710
3315 1867 3742785
2077 4857 241674
8964 9495 1301905
4271 9433 56653
8325 1963 202320
5959 9432 1930522
8655 6566 370704
7817 4158 1201388
7794 9899 269292
7122 5484 2050177
350 5336 2012600
2411 2538 74773
1978 7729 180857
3584 411 12169
8014 6974 681038
3810 4630 2692369
9726 7102 1522649
5673 3783 1792772
5233 2119 602518
2474 4043 39226
2617 7191 674088
9667 6362 328055
9174 2285 450415
2208 7728 316884
9769 9193 915787
6333 2442 418657
4661 8341 5822403
2065 3314 128182
6917 4117 380453
5499 4037 524397
7485 3398 5120
732 5589 1653862
6969 7772 1619817
7123 5118 566489
9172 628 943074
9188 1457 1975305
4812 3030 1221719
6714 3457 160689
4944 8951 2904592
6243 2665 204066
3800 1617 512602
7468 4321 23450
4214 1566 1581424
4698 7913 821172
4725 4714 532792
2496 1082 159433
6297 5001 1703509
5994 9162 1411728
9474 2416 1578682
1285 7118 812715
4455 8123 112396
1413 275 589707
1519 3139 163438
1958 3327 885993
2692 8242 744615
8577 5382 1192567
1767 2239 1006314
