109
2420 532 1027913
7211 2221 1962464
2644 288 493103
4616 172 272735
8100 4689 2285147
349 860 1277132
1573 8668 465407
937 4682 1140049
6796 5250 13361
6990 7927 728011
6801 8809 369851
3821 6372 135306
1298 6754 1445921
8639 9854 793892
7253 3118 3099875
8726 8851 249658
6453 9004 1437746
938 1646 310088
1016 4728 625906
7520 4295 221807
4112 8455 39742
9792 6218 1969151
430 3097 2116136
3321 4961 399130
948 3811 135692
5009 6508 1255026
969 1159 1112245
7433 8138 29095
2828 6779 115380
7170 6155 1653304
7701 5894 1543454
1260 3418 525265
5826 511 1165982
5977 8698 288956
2624 5148 607123
4187 2746 393176
8658 4315 4824330
9176 5390 373417
8325 7924 212445
4548 8917 763326
3461 384 322294
7640 581 787880
1748 9756 539726
244 4864 27254
2540 7903 1836825
4692 9894 1039786
9707 6047 163486
9694 2338 31982
9147 9027 189117
7785 7669 20079
5230 5067 245
4436 738 440552
9702 895 2345472
5889 9958 1567764
2150 1864 225416
3171 6195 4043527
209 6960 3173660
8274 9498 698004
5399 2721 1301540
1160 7458 1183950
5207 9184 189639
4184 8272 789873
9423 4613 567361
6789 7589 828363
9379 4217 1665281
8525 5960 1841328
1942 5177 1977212
1446 3772 111047
2691 5326 3167393
7156 3106 641819
3992 3086 41128
3804 7297 1079107
9008 7067 431281
7083 1835 144236
6797 8439 916689
9822 427 11856
2500 5793 1072720
2427 156 3536688
4301 6250 1032002
5187 6987 1188240
9419 2095 210107
3334 7165 698655
4927 8098 96989
6743 606 1247018
6548 2851 398691
3439 2700 215153
5712 1596 282621
9519 3667 575021
4629 8276 612021
494 6671 118950
9478 4611 368990
3648 6507 1063686
2017 9221 187725
9672 505 338226
4227 212 100768
1736 2403 1334936
168 3261 973447
3478 2831 167903
9842 7867 692771
614 4170 1952057
6444 2368 555207
376 4024 261918
2841 7350 3926
6893 7830 851040
1546 7020 2878706
3032 2561 1638305
4244 8725 1778344
6841 2486 76902
8535 2595 1270348
