231
2811 8851 820652
2032 4359 630309
8903 1291 106083
2072 5435 138076
1564 4435 96429
7903 6706 186979
1043 7174 992594
5644 4358 278572
6426 874 1342753
2553 7218 393516
9673 7165 147770
7798 1481 11395
7687 5440 107630
8599 992 247544
3363 8577 714429
4953 5314 306655
1764 7080 6583
3997 9045 124758
6380 8477 584156
1408 628 272212
3403 5511 82912
567 6518 419465
9043 2298 1222057
7201 2991 304024
9113 7844 305983
5007 60 157996
7919 8632 73879
2931 4453 5577
3688 7116 868337
5209 22 50462
5608 7924 173233
6567 9796 640881
2018 4835 138098
6835 6961 471712
3914 1165 1826696
3840 2365 1186722
7420 4125 358784
2985 260 64886
1879 4561 46094
6315 5896 17407
5373 908 437642
2623 5514 982725
6325 7270 335951
847 5372 173066
4955 5417 659035
4216 5092 207186
9666 3489 11789
9096 6901 29245
2696 4180 117338
2903 1498 418775
8183 3488 1674398
5548 1591 254441
4333 3389 230888
2518 2189 142471
7600 2911 32336
6376 5681 225116
1004 725 62956
375 4496 1012687
6147 2173 446359
9956 6280 789223
2547 9632 587397
7173 4164 90587
8639 5880 55610
9406 6891 741834
8021 4310 119137
9164 5373 487408
1078 7241 422611
3034 6279 395407
6487 3941 596021
1683 9918 44147
8791 9572 851147
3065 1672 372756
8133 7749 454091
1564 2725 759061
9719 761 232022
7206 7709 390885
2876 6040 952841
4501 1386 263957
9337 1727 1021953
4507 5079 230199
7713 8044 522075
3716 8460 181823
4568 305 389883
5695 8118 78547
7785 4993 685208
1883 8546 41080
756 3121 895166
5796 1235 282568
4269 1429 421793
7351 3297 1953210
7225 2858 50148
3637 8920 427567
528 1864 120608
656 6665 1185655
139 6948 50742
9827 7326 274493
8159 3661 540154
8533 8599 553418
3056 7743 86917
7501 4242 111829
6331 8156 1201665
7589 2968 399785
1213 8144 1742126
3925 6949 345714
5439 1001 127463
7653 5126 310359
2295 7227 1277114
713 7944 17626
7780 2769 538247
3994 4844 635729
8534 7084 953432
4675 2744 301023
1628 8797 34956
4884 1350 1359215
4640 4999 140707
3055 1648 164346
3830 2783 363941
9171 6402 110117
1694 722 131954
5681 7961 78871
5735 1701 946392
7719 658 72535
306 5590 52392
8614 6820 610908
8621 2763 1029982
1054 5515 360238
3138 1838 1430586
3172 4364 47006
1381 276 758129
5631 6106 408017
7545 613 292456
1091 4231 121564
2086 3841 995588
7387 4736 208070
9080 6995 1509799
1059 8693 23717
4119 6554 658377
5229 5322 1071427
4150 5155 236547
3743 4381 1673587
2553 1433 711387
6051 1672 83626
4989 6779 179400
7197 3988 145741
3179 7966 352317
4290 8839 51695
8777 536 282179
2213 4967 54522
6232 7222 158858
1935 3079 49113
7813 1036 1448487
4544 2439 190605
5086 9235 212335
7967 4755 48293
8300 7201 323634
1355 1780 556205
246 1447 606932
4831 2003 73475
3950 4074 6782
4463 9312 22489
9297 1790 164506
4054 4624 81551
8243 7099 146821
703 5653 66456
1673 2217 333656
5344 6257 212252
9353 7052 223327
7331 4307 327922
6527 4733 122889
5350 3647 11805
2077 1568 898052
6535 3724 58766
5966 5100 230279
5469 3189 210148
7645 1968 206592
5290 6974 17887
5138 5189 1025901
6000 5171 638664
5921 3894 1218336
6003 6720 498186
9950 9422 1025217
1746 6380 210638
864 313 238565
1987 691 397277
8494 7770 1123532
9080 9611 241964
3514 8057 350125
3973 3299 143989
7447 9398 573924
6394 8219 719446
9732 1650 195024
2103 2197 110023
4518 7357 1071884
267 8151 14176
7171 3846 502269
3322 7973 321137
3631 8581 100218
77 9975 420069
2006 3300 234675
9466 7897 455341
9816 1422 17386
5780 6557 1225367
6522 5816 295464
9173 739 216446
1172 9199 342015
1916 6489 405983
9420 8017 664064
8853 2309 625700
4878 6468 865160
2957 1065 875186
78 3833 11909
1973 4623 233915
8662 4325 11800
9601 6997 726902
9801 6236 303069
8391 4695 1258193
9269 9169 1812633
7015 908 826830
8376 8042 256698
4705 6818 739852
9622 810 164783
7546 2123 8319
6366 9920 292774
9053 4922 269857
5225 3464 42356
3429 3207 820081
7456 4770 101051
1279 6456 393073
1816 4910 585834
3800 5567 31939
4290 8209 42208
