117
9491 5470 336170
4510 3168 809597
5890 5584 6499
3535 2820 628211
8245 1266 819574
2920 3056 440308
3009 3349 1178992
922 3472 2536923
7918 8553 1023168
9084 517 2233499
8727 5342 98967
6956 5137 2326891
3724 6986 2210112
6341 967 646810
1650 8650 2714538
8759 4283 2141257
808 4337 1106016
369 8662 296906
893 4429 456344
8499 5742 298705
1091 6729 1652238
5837 4625 1087328
7389 924 2018030
6432 3677 1879524
5417 6426 1435128
2168 8468 277235
1816 2883 370638
8583 1991 640805
5728 2389 108914
2660 1248 200528
8685 290 51924
5583 5626 123018
3071 9636 691939
2820 1881 468986
9882 6356 417269
4824 7955 720934
1520 9901 32516
1734 3048 510417
8001 6447 271438
4006 4428 166469
2658 4675 1769610
1564 5649 1394471
8476 1289 157030
6529 8562 653456
8523 1598 327152
4343 193 681832
8956 944 568548
9990 4971 491170
9711 8999 464349
8979 7117 868747
8502 4723 1943988
4339 3095 194004
6465 6786 330281
5154 2401 96595
7043 1494 100533
8001 2224 469875
804 8554 2544704
4190 5699 690841
2857 3553 1343675
7440 6368 1307169
6501 5557 1142789
1807 1989 529573
9011 2268 575267
5060 3670 114388
3484 4487 2002370
1216 3684 2305915
3860 9045 219403
3920 9493 1921405
7778 9519 1463181
8699 5583 351369
544 872 1677554
5862 5754 162867
426 6419 803260
4891 5869 1528715
9143 8914 831701
6570 6299 1570162
1949 7728 2810615
2046 3939 1369191
4063 6656 31399
6519 8336 1472413
9371 7747 1113146
6642 4462 2657504
3116 2068 291722
5411 8709 589331
8075 5435 399482
2838 3507 78284
6976 7013 212767
9899 8675 214604
3185 3956 407295
6177 4632 168448
6432 8430 2476489
3310 2155 359982
3318 3260 262925
1858 6173 129161
9136 4486 972867
310 1841 1109132
1173 8980 402524
8918 9276 240270
236 2725 2041615
4183 7775 3123037
4886 8133 751982
4698 8656 785978
5309 263 226008
3443 8247 17711
6635 9250 170901
4680 7130 1706913
8383 7980 38908
3842 86 680304
3427 5784 208670
6807 4200 536430
7819 1680 25182
9625 7425 659770
2846 8679 1292441
3728 6573 383781
855 5323 200384
1736 7456 338766
4418 8062 8954
