117
5103 1888 1235867
2222 2921 340464
2234 2023 2228240
6859 3733 402926
3371 5672 1454471
4450 7962 376957
8117 5392 1646746
9421 9845 276033
8224 4695 182344
3366 6360 42705
1366 239 956154
9888 5563 1602413
1495 7960 458367
3556 1151 1407778
5464 1043 718400
3094 6446 2838182
9150 8922 1800126
633 9723 307901
7024 9879 133655
1693 3956 470751
9587 7556 1338864
1106 7053 122250
7831 3092 22543
4500 5162 652831
1220 5728 1710041
5653 5037 717071
3633 143 337844
7083 488 160664
3982 3917 645746
5217 5280 787902
2141 3266 429859
3817 993 378046
4829 1921 1262617
3770 6531 511033
5388 2232 309752
3565 9710 2227647
5930 2511 904125
1038 227 631846
8457 7963 1748271
5639 7326 1001324
6221 3018 109420
816 7772 117984
1691 2889 999465
5240 9134 352490
1028 1300 301000
3623 2519 176172
8559 6967 244678
5496 6370 440230
7180 4140 2888510
6286 5279 5306648
6191 1851 30308
7553 3130 269340
8054 2118 3135784
9586 9271 806973
7008 4074 2263190
5015 7811 804546
7169 9594 661202
5445 8735 2170018
1522 4702 328737
7436 6796 345510
6476 9164 1633493
4180 35 77877
5787 7062 370359
8275 5779 402444
4485 2511 310102
2365 2623 1774550
6805 217 343558
2791 2547 418388
9231 6362 1850471
4772 2646 2134446
4769 9688 1062592
4894 4943 572182
8179 9738 231217
8579 447 1006182
4687 4046 180974
372 8626 1170750
6943 925 1366220
9891 146 41158
7310 6555 1804954
3396 1715 575327
7299 9693 1150488
7913 2363 1503098
9126 8806 140446
1467 9188 1703553
1418 565 853479
9544 2753 343617
6395 5100 1595697
8355 6114 550435
759 6880 2824047
2111 9205 24210
4994 5844 898092
8480 1715 7110
8977 5991 488279
8854 5897 126261
4413 8937 143281
1817 8757 786442
2918 7283 455493
7887 6515 1517354
5353 6307 498522
6184 6049 385850
7170 9983 364678
1988 1820 1068514
5543 2297 473744
4460 7738 123395
9065 1461 12966
4378 3600 357112
6807 9299 882128
481 2375 182130
5144 1991 475708
7004 1884 91776
5891 3438 1667334
6611 1620 166330
129 9008 602029
7682 5521 2397463
7702 209 350637
1973 8626 277508
2427 7367 650589
