130
7578 1923 1415636
4723 984 203242
1436 6221 763528
124 8046 446037
9505 5339 924111
145 7112 952606
664 3359 1222414
1615 9119 524766
6306 1540 630445
1889 3287 519605
956 1627 61227
994 5079 416804
5239 6221 818317
7008 8129 29547
7407 3360 515104
4223 1059 328555
8047 2577 974625
6955 8274 1384404
2069 4650 1070027
4098 9295 364475
8567 6795 615728
8901 1595 224466
1196 108 1384754
5170 3299 438305
2369 9144 415057
485 5609 182436
683 1329 666764
2964 3799 2545149
679 4847 1878217
6813 6415 2037153
715 9685 238495
5658 6921 366518
4427 4150 981461
5712 5670 389010
8252 8633 1602760
8951 6279 609104
8309 5201 712963
9817 3199 98060
8202 6919 180075
9304 2435 64720
8210 7272 222783
3290 4388 503570
2686 9412 27093
8480 2635 2895986
5287 3232 651068
5795 3816 248399
5154 7756 82187
1470 5994 510090
5396 7721 1502713
1351 1493 10395
6098 5518 489165
2567 2057 969239
3663 4043 353365
7152 3583 771717
9529 8826 453701
5867 1469 384556
9522 6027 850286
438 6619 432519
135 4788 986388
9863 2372 986733
6024 4856 98557
7481 585 1895027
6436 1551 1326673
9268 6233 874090
7810 1355 23676
4984 7468 449146
3500 6328 2360166
6239 7137 16957
9348 5454 1598162
2572 4540 834619
1479 3492 363034
6927 9890 785278
9376 3312 679340
7564 5184 1412141
8492 1548 1338658
8351 4152 655364
3589 4433 360794
4139 6692 248227
8266 2234 267609
5943 8413 516088
4602 5712 939532
1237 7138 1070112
7423 5648 718677
160 6362 1304084
5933 6828 10457
4504 620 1010969
3412 9043 600270
8660 3417 954497
9648 9188 1564784
913 7269 365510
8973 7560 135593
8419 4211 448551
5256 7895 1267689
8042 4300 151950
7956 5737 169025
7579 2832 2740413
8086 9562 195703
4438 7009 567184
2889 9623 978112
6965 5835 529656
1499 8351 700853
4702 6959 1204702
6720 6043 200145
387 9951 5002943
3075 7674 1066868
2439 4323 1993718
4087 9110 1069716
2551 762 649185
5366 7541 3202325
5997 878 1155714
1810 6433 274136
4420 4731 183874
762 9433 187889
4480 3450 470294
14 4753 1044043
5068 5326 379606
6761 315 454195
8159 8937 20846
7679 7605 60068
7995 6679 295801
680 2865 747023
8820 7300 1441487
2062 1068 474487
5149 1439 119119
2640 9201 176143
338 3607 1418885
723 4459 246028
4436 2908 261156
5510 4215 832875
7516 4463 310879
