130
1230 1569 1076802
9822 6801 1146043
515 528 325120
2129 1129 1106200
8503 3878 1512657
6706 4951 227288
6281 7018 693550
9827 1038 597524
7413 4027 110684
3196 9662 339488
2477 9291 1075391
4093 1905 162697
7276 7709 3154018
11 7267 217319
1212 5868 1116783
7855 5935 1321406
1131 5400 396380
763 7856 1558473
7273 4025 71933
7590 7677 163916
8908 4242 162451
7857 3412 943706
1900 2191 1499268
328 4361 1091651
4249 2124 679087
4453 8908 904359
5875 9134 2307286
6706 7371 376267
238 8732 2285256
8645 8129 402760
4063 3471 989607
5149 7397 355739
3555 9871 126104
7237 1120 985223
9178 8973 438523
2980 9267 1675381
4110 8940 257308
5496 6481 1386819
6306 9857 419580
1100 6087 538159
5301 268 179152
6185 6695 439365
2377 4301 445203
2024 4416 1239168
1679 7547 85466
1470 7804 90976
9927 2201 74374
9166 3775 2081097
8622 1500 226094
9546 4114 701023
9199 6014 613238
2918 568 331194
1017 5975 776631
7763 3174 454082
2600 3921 239984
4385 3797 706865
862 3660 175135
3644 8612 68109
7037 6039 204843
7384 4781 199404
9925 57 427966
7824 9125 333348
4607 9075 70082
4327 5822 1563542
2238 8910 1936957
1982 6240 54388
3715 1160 8510
5412 2870 594576
3688 7756 229385
8180 4145 1261512
9446 7680 682447
8332 6641 1138775
2721 1937 1088083
5159 7435 152976
6131 7777 728039
9597 9631 2546184
8038 6669 375146
2054 9844 652343
7521 2554 1148908
8833 8296 1460793
752 836 63252
9313 4774 399160
5462 9884 145365
3112 4966 744751
3518 4917 135722
4285 4978 1906290
1707 7876 979929
8353 1821 112315
6995 6555 2892583
8286 6810 2768366
9647 389 28580
7104 5779 640841
6214 4558 272352
455 3112 43563
2268 4950 1473998
1065 8295 311412
7498 1261 348974
3587 9006 222132
3315 1791 1358617
5836 5100 1539154
221 614 342365
8293 1614 1890149
5389 3806 147556
6023 9948 891789
2155 6484 840735
8792 5107 721654
7122 5661 325512
1406 9474 1838556
5285 2867 694173
1147 4442 1146739
7390 1422 101913
9874 7008 1647854
6402 964 1248758
2292 2487 114220
3314 9093 936937
6548 5543 1821535
6173 5080 363228
9908 3971 508740
3641 6349 359062
4876 6135 3090680
4601 8638 104904
3948 8277 535380
9286 9192 431870
5382 8214 500929
454 2617 554783
7145 6076 269223
386 4366 1345155
7139 6388 418567
5931 9668 314229
6253 8433 121880
