130
1308 4329 141983
3800 4702 1071784
4996 2534 605676
139 9652 1965684
6302 9176 133705
4288 57 444217
6996 4510 69231
6326 1060 195859
6025 801 1386755
7262 1035 57257
6812 5358 1244493
573 3820 1202814
8404 3091 394491
4428 4057 677
3152 7319 536782
4505 7694 25581
3251 2548 478947
4453 4605 164936
3248 3005 1357196
4722 8359 291246
2466 3333 784746
5081 8109 366936
5049 9722 3795
6331 8365 1437705
2436 9460 885015
1117 844 574426
7749 8356 235069
564 3231 1502100
2069 6440 1093764
5102 8598 263841
5851 1778 24325
3836 5195 813216
6825 1473 47875
7883 5239 1291352
6399 2568 147769
9070 6534 516106
5522 9866 251734
2947 4695 130879
8941 8853 641277
2811 1706 375715
1267 3902 1203965
9388 1518 235741
4729 8192 646987
7357 211 851113
6322 5318 496785
9306 8722 1011495
5395 6077 75788
3861 9071 48909
4772 9013 1360458
4945 2484 742326
7912 1806 1234882
3761 4394 555147
8589 693 1079549
9703 8211 3237644
2586 990 485665
2431 249 1772992
3145 5194 3761173
7969 9792 14764
7958 7126 593992
3834 7364 279819
7471 5932 1139530
5381 9811 206411
7701 2767 2749075
5794 217 208437
8579 5259 1070096
1298 2522 495200
3620 9122 74920
1013 6803 91078
7971 3437 2051970
1048 1621 483606
231 456 119636
7141 7470 781609
5787 916 1181774
8884 1867 255430
4763 467 356347
8119 7469 1595466
894 8716 645180
9217 1436 740853
9753 7459 1494368
7540 1650 522273
5595 9147 1689038
4395 3760 185178
3442 1969 610225
1978 4418 1001071
5562 2965 131576
4303 1002 2944542
823 7682 389547
9008 9147 52922
3071 7748 1446823
1034 809 328829
4282 4043 65634
109 5510 1353157
4935 3893 373678
593 7503 149648
7130 8043 73511
1252 8784 1821830
1613 2479 45657
5373 8323 302454
7866 792 157119
1667 1276 105237
7863 365 968204
5115 3081 708204
4178 2174 3071318
9609 8074 682565
6798 151 3208527
530 9506 673671
3975 496 1597920
7365 7971 70890
3552 7182 876519
2828 851 343186
1910 8281 2417142
6272 8588 203568
9030 2653 1247469
9807 3039 944033
6006 1776 65239
6282 6335 85491
6448 8072 1212097
1148 5526 709063
7196 3089 1054928
4133 8848 234505
4604 9735 1494895
2214 1451 1197976
8314 2156 301937
581 548 929728
4165 3918 272577
6125 905 36758
1743 9107 1160061
1437 6669 435739
7675 7420 851667
7123 6862 607035
