130
904 8775 1045024
3060 3962 97503
5589 6407 1511637
7042 4349 442517
5295 9485 1436311
9807 7403 251103
6573 6445 302295
3129 9469 620858
8342 9903 772955
7080 2814 498636
2580 8610 607071
9788 846 2400638
1506 4100 424456
5484 5153 1928998
8309 9145 1556679
7217 936 1437265
441 9083 406674
9724 4232 582803
8058 3800 1192176
3657 5359 375173
2928 2797 1230512
1222 6793 382085
7885 7503 211383
2798 9156 382595
6663 1069 948596
2952 3612 916671
4215 336 267234
5524 4363 2666013
4355 4160 6773
5724 6659 461830
7514 3276 254818
3637 2621 67041
6020 4333 10606
6652 6473 121385
5632 3060 1003718
1353 8451 21407
9601 8561 1651899
3281 1675 1190966
5846 7726 165041
4612 594 1823785
2249 1725 107530
9374 4513 334541
5188 1883 1955608
8359 2806 651547
892 1235 1308394
5119 8945 793827
1101 8489 1778430
1295 8892 567222
3158 9978 211364
5616 2900 1996848
4576 6928 666998
2346 9568 302357
1336 9696 178736
2771 9149 675019
7623 347 25591
2268 1099 249018
5909 4966 216676
8790 1996 118462
5405 5523 148066
6375 1043 730876
1729 2911 109101
3399 5228 50328
5538 2615 272395
9310 6729 730651
5233 3741 363748
3071 9859 955908
5864 7663 261096
2565 4789 417238
6038 5877 37971
4397 6137 834899
1011 3799 879423
9659 3397 116210
3372 6742 32110
9102 232 1063800
3542 1433 548773
4375 1105 56669
8464 70 1429394
2195 5463 172910
4429 3780 1550060
714 9811 289153
3790 3449 2557282
92 6019 3340253
8991 607 174272
7788 7371 302207
4080 9680 2268403
7876 3297 485596
1940 3332 1727903
143 9257 61106
3103 1644 1925012
6897 1545 2761678
7671 8021 1969455
1747 9117 3689535
834 4060 593901
8673 7226 430358
5094 2725 122088
8377 6136 248605
4688 2946 423363
9395 1864 390867
2366 8772 994312
6136 919 474493
7482 3554 43730
3032 7673 343081
1762 184 369512
70 9698 49448
1913 2363 1622951
619 9016 85301
7199 1770 897828
1479 9771 439498
5662 841 1435490
748 8898 486759
1959 8728 75698
577 2187 529345
3416 3689 1287164
4342 79 564644
7606 2724 757234
7940 3783 470190
7812 1718 68612
9378 5848 1816550
4390 1670 1153435
4689 7733 1229017
6919 2880 375867
8162 4141 1415995
3465 2833 105644
63 1014 877359
5194 1494 1818937
5409 698 167393
5416 1025 664153
7581 3361 536234
7140 8001 38682
1056 4862 469483
