223
4183 2296 1087111
1221 993 201214
392 5354 65688
5669 9797 39150
3225 6504 791359
1491 8418 177516
5355 2298 267914
6261 5428 207441
6890 9781 100250
836 5387 791457
1934 2077 819043
4399 2546 1066396
6625 2070 359281
7876 2889 600641
5395 1974 548795
5971 500 130461
5725 4650 112934
1014 2603 1083782
4555 7049 3877
6327 9872 1082556
2145 5988 464333
9582 337 34265
9909 5049 990510
4400 5414 153073
3035 6016 96768
3766 8566 520750
7707 9960 604465
2134 352 59479
5630 4844 51415
9373 7348 800185
4987 4930 553638
5523 7657 708406
3337 8930 326249
9915 3123 692583
5251 6796 93124
1683 51 335891
797 336 529823
5675 9775 1195274
8972 9799 36820
6715 5643 379864
2218 9435 240687
7685 2274 722808
6569 6633 898490
7398 1957 118482
7797 2588 244286
4636 6300 92958
8090 7347 499458
7274 1003 805095
3832 619 546248
1531 882 201523
4706 3440 26689
1624 2262 292050
4347 4071 451205
7608 8865 549174
4568 7258 321382
857 8494 551356
856 60 479086
3417 9201 395828
1306 9081 178344
1305 73 59315
8415 8799 587567
4172 1787 943052
3470 8588 739220
9093 5726 303702
8373 4347 253603
6217 9626 211353
31 394 20971
1374 4216 398477
5534 323 751340
2257 2281 247273
4868 4737 16896
5303 1435 142469
5341 9577 330755
105 8224 253261
1748 9890 186326
5158 2662 1041160
482 3697 1563956
1097 9390 36149
5819 9870 179561
6410 171 1526000
5255 6557 19362
6061 8795 50064
8379 8962 194199
5842 5144 1673
4525 3781 235232
7183 8373 869433
4641 6695 563046
2654 3284 244645
5168 1558 1307269
7815 4763 151868
8994 6688 14615
802 394 179507
4219 8331 28801
8893 4644 470039
3356 4058 894843
9151 6844 742877
4386 5039 689242
417 7467 310723
6339 9418 842851
2452 625 1492780
880 6696 816282
6445 5002 1229618
121 6058 61459
7645 9758 615206
6023 4524 346917
7025 2432 863834
6640 4463 560043
9845 455 208469
4504 9205 25175
4414 4080 334367
4565 8840 441162
3589 9118 88226
2651 5030 235136
9604 1613 23357
2158 1614 39662
4286 375 361568
444 3289 42524
5252 2332 125232
5290 8675 172512
8099 4406 857903
264 8110 700373
6755 7855 596440
1643 6894 462746
3616 4137 749490
2005 8211 890164
9094 2685 29518
6091 6887 246662
3512 4230 1867494
3158 3454 577251
1936 5033 64377
9663 2045 416652
2279 9924 75555
9200 5656 268452
3970 3676 198920
6647 1662 490843
3778 4377 206784
442 4373 620458
6182 2688 69987
5507 3643 979266
9662 6309 963720
5157 4104 1911039
2796 5022 295799
6778 3053 149481
9783 6701 951690
2700 6126 543547
3225 7147 104980
3021 6046 456740
5509 9789 458343
3158 305 407102
6341 2839 179445
1554 5367 916813
1350 6589 723254
6522 381 575669
8516 822 2179799
8944 4704 262885
9389 9057 772581
4569 2373 760906
7645 1962 878272
232 798 640902
2972 8922 41855
2506 4865 152290
4525 3598 143402
6759 8512 429828
6079 2767 102512
286 8899 721571
5290 3161 391531
5302 5667 13403
9434 8697 115572
2318 9954 5790
7835 9901 462579
1492 7548 107278
44 8913 195753
6760 7701 92700
4603 1156 60866
3619 7501 38270
5160 4820 269045
5658 2120 599840
7323 7222 146232
8036 5739 918532
3698 502 148511
1088 8779 136686
9626 4220 82537
4568 7265 131378
4422 9323 420750
8065 7496 276457
4241 1147 427754
1820 8519 997577
8450 6702 99645
4004 2516 200743
3080 4378 179909
6823 1459 1120864
4427 9014 653283
5376 6000 21766
802 5961 152162
7672 3394 316609
8360 7776 1337625
4623 8224 250877
9593 6241 476313
2183 5871 360329
3114 8123 552332
954 4392 22931
3868 4225 73841
4941 6538 166437
1298 2205 790573
3297 6653 726170
609 2444 405012
523 9453 580799
5891 2533 24318
7936 4325 94132
7136 8262 16868
158 6646 167840
6204 3328 1785209
5603 4287 566101
2612 8652 818883
1798 9891 168993
6751 9525 107032
5096 1623 332260
5912 1847 838771
5542 4938 147583
1229 7749 500656
93 5955 922882
9700 3984 462992
1847 89 959305
