223
4788 8869 459096
7688 3887 404887
5426 684 744915
6830 2406 110804
7343 2884 600810
3093 9150 275933
5657 5746 85003
2827 1492 232298
4049 615 21116
5259 6378 77592
980 8537 299786
6655 3211 164824
3517 3865 867035
8754 4747 248710
7974 2892 466526
4108 6874 741845
344 8547 559742
7149 5677 47067
5541 5785 1299666
4641 2550 139488
450 9094 204591
5829 8988 7012
7855 6914 165019
1452 4191 88697
5746 1970 292181
5616 2093 315635
9506 3534 1029020
6664 3978 419817
1022 6185 824367
789 4980 1725822
6685 2446 312429
3981 1611 140386
250 4018 952426
2849 1069 274620
116 2158 394171
5783 1482 216931
6448 9925 549912
7597 7697 805025
9403 8126 460896
8464 3036 172773
1421 5198 223158
6277 4705 895335
138 4134 234375
4666 2374 425679
2814 5554 624765
3280 726 293479
644 6316 2186300
2012 8590 71318
6343 2556 1189
602 7268 360070
8777 3000 315310
3832 5772 440904
9760 4661 309950
124 6922 763657
1335 6265 107948
8780 8792 1458699
855 6341 271715
1444 4514 119457
2028 9491 170774
7618 492 44592
3653 968 103548
9389 1316 551259
9356 7366 513233
3709 9562 661847
6989 7320 352836
9165 9382 785645
1808 7611 145356
2108 4263 651129
7994 8596 400869
5934 6440 315643
4469 2835 232368
7542 732 285316
9000 7587 1126924
2180 5932 244090
1916 5214 82437
3970 345 89371
9560 3565 749521
9835 9432 450204
656 3219 202785
287 7612 287022
2925 7735 157821
2311 7106 121852
5451 5211 299854
7122 7580 17427
9383 1604 203306
4652 3140 517413
1343 3892 1455863
3862 1043 43975
7493 7541 120763
7018 7424 65753
2774 1199 94196
271 6176 153282
5979 6328 60238
4812 4739 234746
8142 7879 205951
4278 2392 1017670
600 9867 966487
2942 5455 57219
9609 7516 387548
8032 4542 903659
805 4090 397271
386 940 1300553
5801 9886 1942016
5130 1806 323023
1799 4537 314746
9420 4125 288580
3612 4127 404784
2656 3029 263221
7534 7149 492968
2903 4873 21660
1595 6208 150775
8855 4013 12171
7333 3259 389441
9759 7179 38731
8318 9623 1364730
5297 1667 1136255
3340 3640 350700
7079 5607 763086
8289 4426 490951
2090 9488 337434
8320 7228 565056
5604 9048 778406
3370 8384 745310
4569 8010 185103
7466 6178 95366
4577 2167 1115055
2152 1830 613593
6897 4570 123728
3304 882 1531903
5889 8642 840134
1009 7690 181480
2965 7859 362078
6470 7198 586891
7163 7907 1092975
9582 1509 305066
1823 7143 448324
7506 8839 241425
1986 316 143639
2185 639 298799
5078 7259 335826
4555 3071 972679
7087 9826 32738
9394 7289 72569
2174 4255 245815
7212 446 25378
8097 5305 835235
9751 7724 12857
3327 9727 846608
4540 5271 417052
8468 8110 555146
5354 1372 1469779
5625 2823 35101
6233 7740 260149
8664 4010 215611
6386 1772 785147
5632 959 78571
7605 2627 743411
8142 3202 393449
8278 6473 325239
3473 9138 197818
1679 8469 166769
4222 8093 1049541
7606 7384 164794
9654 7375 224821
4617 3788 776568
2536 2288 264056
4339 9942 1018447
4910 6023 220004
4979 3867 241679
5259 4991 323906
1501 8293 187495
6809 5494 251963
4322 8886 64959
3932 5316 947681
1900 3364 112554
2149 6472 1324129
9534 3973 48503
2100 341 128045
3020 3149 184583
5346 3098 684876
6546 1843 143904
5708 9556 214013
1248 8599 160065
7257 8908 151034
9367 8926 92509
5226 5353 1987964
8786 3416 544475
2067 4175 19208
5533 412 417659
93 1831 637872
9690 2336 87473
4729 4751 660378
2179 8720 763175
3914 6023 969336
1633 8634 847078
3961 5469 193661
8623 1735 136905
5562 1495 356889
2790 7014 23925
263 8077 100547
1818 4756 184299
6207 990 727835
1488 228 153001
7176 2840 206991
9764 3227 856390
9269 900 391180
9145 7565 336121
344 749 330817
2618 1563 86379
3107 6118 59353
9718 9823 293968
5035 4966 1803335
4950 856 2115612
6580 7361 900460
6887 3874 475625
3733 9048 1521482
4140 585 416101
47 4006 5519
6799 6487 303670
6486 5757 118169
1358 4814 15133
8878 2501 74307
3268 4779 3232
