223
7620 9435 242201
4968 4992 93359
2535 1341 49780
6390 7501 498331
5530 3972 566458
5767 1468 1581998
2046 226 28553
9295 3885 1540547
7616 7683 426644
7998 1273 327334
7726 9009 176925
7317 5429 386635
9236 844 30915
927 7488 5843
3448 1568 379973
9589 15 58500
4442 6357 324105
5443 5993 119745
1417 3284 419011
9281 6107 6353
4088 8658 462556
6976 7523 38992
1464 1487 638490
918 2023 458625
1076 9861 869463
8565 8575 661146
908 1976 292910
2634 6186 167687
5118 1675 808734
8391 5814 4692
5660 2771 261105
5380 4964 507879
4891 1512 208399
2770 2077 931753
3181 4656 51273
8717 2815 533111
8603 6026 871725
8010 4630 274381
2534 8145 2751
6590 8838 855745
1132 1291 559957
3401 3910 336264
556 4080 41345
5652 2666 92365
974 3588 416414
6738 9919 143646
7038 1542 523502
5958 5509 1026718
1564 715 484734
4549 1522 387458
5257 2245 218699
7180 7992 70329
7529 872 480369
8984 6316 321
725 8450 368191
4039 5853 546721
6585 6908 109798
22 7133 41985
6801 7293 788332
3960 1834 27152
1612 9478 2030292
2409 378 163439
8340 5261 254016
5543 6850 271770
3308 5577 1165338
6711 4248 309000
8021 931 109925
2518 8332 583551
6925 1931 291207
6146 8431 52170
9010 1742 849250
9201 647 457019
1435 3840 1063589
7802 5863 35671
6809 7386 3552
4411 7044 981756
3882 6604 777531
6898 7592 991663
4963 1807 77246
6014 626 70266
7135 2102 1401267
6456 6177 165337
8247 9655 616560
721 1606 1371719
8899 3846 17842
9173 4659 1679336
5069 6326 1580
4095 4014 357326
6690 5164 48260
3447 1173 810483
826 6902 1044350
9405 8016 1061737
6938 5042 1274410
1619 3766 2626053
2156 7093 877452
954 7952 1086489
6545 5275 202020
6062 3247 536768
817 2269 314140
830 1567 116846
9764 8069 496500
408 5431 318200
1661 9310 87683
9778 3933 508178
4775 7574 596353
9458 5718 166567
5302 7616 545425
5556 8023 139193
277 2613 404655
4066 2814 1305732
2780 947 55111
5616 6585 1284517
6569 5301 500291
1746 6603 42812
3184 2310 246692
8943 2746 380713
3638 2513 352597
6189 3706 609704
5268 8826 555238
6743 1416 829030
5293 8080 460308
3486 6486 897463
489 8901 282526
8393 4575 210807
4165 4174 52447
5472 1392 717738
6860 8997 84853
8321 9399 257726
6166 8870 122572
5838 3574 109045
1630 6322 514203
8843 7570 14731
9136 432 639891
7317 1858 514722
7592 4763 481790
7977 8199 96494
8433 8859 66958
6147 9489 140725
28 9760 182404
6636 729 548478
5600 9398 68901
7986 4315 237296
4014 8383 851566
9718 917 689620
5848 9509 192781
849 1512 328485
2522 818 805986
6030 4851 662714
5863 9093 876242
7759 145 765800
3880 3331 84161
3141 1352 83939
5107 9174 93712
9045 6252 106800
2171 2320 532626
5353 4562 327552
3516 395 470712
7282 9076 471008
4053 409 215319
220 4930 311494
2163 6787 171194
6912 9920 147934
7629 9126 869291
5744 9213 430330
8087 4788 175417
3860 7706 1173974
422 2229 1409504
1155 1411 570594
264 1453 371956
8263 7279 452330
7754 478 572985
732 902 209263
7011 425 660857
451 4024 341606
6085 4685 73145
5378 6366 425243
4110 9546 481502
852 7408 93366
2726 9835 505138
8424 7638 610592
7129 2189 36467
9108 8127 20140
3993 55 94300
1170 312 89131
4845 4953 1254999
1718 5132 1088653
3230 3026 49898
313 9631 207075
3889 3999 391932
1159 3090 631060
135 5003 724624
7322 8314 181843
1336 9844 325358
8741 7668 70125
9296 1532 364894
8016 5869 863263
665 6582 57230
1768 6588 589023
6195 9796 37130
7155 5423 741080
8756 4881 249121
2777 7667 899501
8118 1186 445571
3672 8609 517105
476 6778 7736
6652 238 419241
2456 319 1083088
7271 8223 1066840
9459 5235 424812
2832 5693 289920
6936 2200 535358
7304 1251 422241
6695 623 123079
6540 4044 91430
8166 6003 501196
8167 6253 169869
2329 8658 224631
7501 3661 225827
2037 9882 764114
9434 614 124961
5861 7469 326833
4687 6900 22688
9185 5896 525453
