150
9880 2652 433379
2034 1099 823278
9241 1360 746284
5621 1164 828272
6714 7447 68811
1428 6930 838220
9114 4476 181810
2910 1745 1117701
1976 9138 873305
6701 9059 986164
356 677 518280
4934 8277 960941
9779 4017 185614
7274 2916 214691
1536 532 146038
8081 6581 243441
743 1442 2619087
7383 5207 265519
5077 8074 1174122
3432 1502 2051032
8283 5814 689642
8964 9290 979148
8782 4188 282602
6316 3456 1004871
4060 1757 399485
245 91 599749
7234 5739 245946
233 5229 1856829
2583 9916 811720
541 5946 1145722
5089 621 525424
1149 1153 964489
4638 8136 370703
5508 9648 453354
8897 6821 827002
2827 2808 1821686
6880 3640 445294
2652 1050 524184
1092 6846 605402
6894 1572 414132
5404 4742 1286641
7424 1123 196361
214 2127 219152
7361 2740 1424655
9051 906 416016
8968 9187 1276792
8202 1705 1029944
5691 8967 1035108
4371 3510 1350046
1638 1501 890074
6949 2101 110715
3030 254 1039304
8892 3709 500528
3656 4950 524283
9114 5040 262036
6228 7675 1002066
5423 7978 609559
2715 4399 485686
1979 1606 402854
3382 9989 441339
7706 6022 2030573
1698 9003 286535
2476 9613 329484
727 9051 857934
7179 2244 537683
809 768 835892
1421 2265 355288
5586 9727 846940
9089 7074 887652
8733 8038 225273
3059 9775 957060
2552 9477 1885102
8936 9338 459723
8690 5170 2805497
3228 5884 123060
8402 4875 98783
5786 5356 327863
3753 4290 63763
1078 2732 530498
1708 3668 871389
1893 4231 700757
352 6225 3347059
2000 6660 303140
819 1709 1027522
8614 9587 70432
8880 7999 129842
4814 6333 2073926
8530 4211 226522
95 1168 75522
143 3834 289807
4959 9917 51708
3232 6565 72443
5847 472 141835
6622 7805 1883438
2967 2201 150953
4405 7403 1684604
5062 5966 914714
6836 5846 7487
6973 8712 613909
4004 7761 669038
9977 4347 84886
4312 6417 17952
2430 2932 52935
4310 1411 855341
3159 1557 288249
4794 2014 557765
8790 2356 143935
8902 2670 211676
8563 8216 53501
3491 8564 699071
3736 7851 396056
4046 8978 891073
7382 3643 253379
4208 9289 494557
148 4263 331023
360 6062 170914
1661 967 2141506
5966 1058 398837
2683 1379 142717
3324 9528 367081
670 363 738429
515 2301 801390
9768 3576 1790240
675 8814 146943
301 6229 100643
581 2825 83369
3208 1575 1227092
4233 8952 83759
4391 5139 9229
8909 8458 631104
1909 3479 1072599
2588 4180 653788
3034 5293 349686
3624 5374 528445
4274 5766 115128
4049 999 763919
9754 1175 156463
7702 6317 365534
7312 8250 429881
6392 4624 351466
8175 619 952264
3642 3770 537297
4988 168 37249
6374 435 63023
1649 6134 559172
8926 2108 608070
7552 3167 3084190
1049 4260 411907
663 3585 39004
208 3542 259081
