101
8083 6670 955916
5281 4389 1019692
4367 7872 716831
9824 1205 1257712
8000 9399 244310
6708 8682 438349
7471 1825 193688
1857 4244 1609738
4763 83 382537
8246 8969 1394641
6891 7355 211159
9412 315 31439
9073 4326 443231
4831 6528 2718001
6659 2648 6866
7550 8036 738358
9750 6135 1315781
3403 1606 1094722
6934 1618 1281553
1558 8808 1721003
2681 3333 69801
4826 8691 48969
8727 9216 255753
8777 2790 1186
6937 5327 964332
3949 141 1470964
9171 3305 632936
3015 6784 984467
5493 2547 2160672
3846 4528 642446
4891 5356 1148761
4720 151 1109405
7562 1975 410418
3793 7059 803883
7198 233 1249210
7449 3494 1478497
8385 5087 761824
6177 5608 828440
8988 9777 411303
5362 5018 166255
7930 3159 236471
4072 360 2110859
4708 6573 360297
647 3202 1094322
8242 6572 1929892
2636 6375 1529011
5330 9248 1535641
6185 7749 220033
2281 7459 831598
2055 1344 297470
2860 1771 2826267
569 6648 326907
2901 4483 839188
4561 3407 1987218
4143 1569 403838
375 8193 864172
9905 2053 131413
2544 9912 1273100
3820 4195 134750
7199 4109 924808
3193 1735 350038
2544 4959 20739
9860 3711 2738161
2632 4817 72693
1460 9524 4463340
6103 1730 1559699
1299 9590 51316
942 1082 655651
840 1721 1168132
9573 7769 19525
2991 3428 3269869
3093 4897 2820917
7613 9389 2280204
8752 4088 18939
4929 8529 931289
6611 4900 1182215
1689 5645 472716
8887 8541 157272
1370 980 1348817
8892 5446 157106
8184 7233 140616
3814 6433 250469
9181 4063 1987426
6046 5940 1058506
1782 9420 105795
515 9283 1437916
6675 2418 326098
6627 9135 1243199
8124 6012 198800
71 9972 454440
2483 1339 559227
5397 3491 6433545
5875 5079 895051
4478 7765 1644939
3286 8236 96350
1488 2689 1718954
475 6686 262454
5539 6323 231933
9471 3807 697082
4704 3956 1747970
7656 8945 1538288
