101
3710 473 70342
3200 1852 519369
6619 6863 98708
4682 5008 1144427
2616 4021 167505
6966 7836 1938457
9196 6413 518712
420 9046 36540
9764 2710 4823027
9907 7518 928368
5917 7427 2845280
964 5536 679255
4921 9859 751540
136 9609 289096
7098 3249 1237112
6270 9809 821302
2233 8216 30684
2215 7127 515208
6984 1380 1972677
7764 2478 468402
378 1463 87009
8415 7045 93003
1021 1452 777477
9426 4941 552609
9622 9594 144766
8979 5638 62931
1456 9038 952576
1499 2929 81876
8448 3594 755683
6017 5497 18579
5763 4659 3557766
1341 9243 1646981
7616 7989 94469
5458 2635 788330
7944 2761 1327323
6749 5123 2459228
1641 4346 1252862
2934 9275 1126475
343 7939 296215
5407 6122 571349
6971 4905 269228
7911 5191 99024
2937 3997 61348
7390 3895 405535
7819 817 102970
123 4245 857162
4608 4789 2428053
3221 6494 444052
1168 8444 447070
1650 4380 1575280
1390 3501 853668
4913 858 212687
6726 3109 390001
1265 3817 1169432
8968 8369 459174
9169 6889 37744
684 3123 550706
3933 124 756204
3145 7609 1657818
4324 5597 2036111
5724 2 3367779
2689 6881 1300636
1698 7145 1312992
3035 6841 59227
4652 2309 915437
2476 3378 238362
61 764 3009651
3651 4702 45224
2391 9869 1997247
8725 3119 899452
178 8826 1169606
3305 2240 1163974
3176 7696 2187589
9027 5419 869488
9723 1910 396607
7068 3939 1776432
1264 8154 400078
6334 5535 403159
11 7028 155533
5038 1693 3130738
2716 2825 582451
9258 5864 2340204
6714 1443 620018
6868 1907 1357556
1057 4563 986121
2508 4266 296996
2623 7284 1349614
1169 3335 151607
7565 3549 1163173
2273 5626 75610
1013 2455 980774
6151 5510 3031033
7393 8458 1805468
9067 7820 70634
278 4270 1531179
174 8638 33655
8121 961 1264878
2330 3730 357854
9122 4676 252407
7100 5859 2484474
4213 5231 3148298
