68
4516 6909 3588577
5599 5979 4399937
2869 8835 1883194
2735 305 5366204
7450 4796 1994938
1089 9871 228315
6022 8855 909560
7400 6470 337794
4693 5039 1006793
5606 4932 660969
5586 6439 395839
4807 9034 1902852
9515 8756 2910837
3240 9590 2846594
3860 4442 3323779
5709 7012 420340
2655 9947 335088
7944 9708 4976559
4473 4319 2129343
8930 8130 154093
8278 4209 457597
9355 8446 774143
3780 1916 5558455
5696 4160 827674
6892 5014 3113587
5762 3686 26327
35 553 852767
8278 8056 1636112
6933 6465 490919
907 8227 1504145
2282 6101 4312090
2020 2582 1354958
1727 1689 122426
1834 9280 102001
5102 813 808406
1372 6000 1995112
7291 3729 106459
6199 5725 1583083
1294 6986 11310
9695 4461 24056
2163 7565 1639591
4616 796 736187
2462 1293 3904241
9854 2095 4111688
702 9934 231571
359 1816 1371299
4099 1327 625995
6506 1811 101180
8257 8287 343409
7671 3963 1190246
6206 6438 2066987
2224 947 1210938
5056 1108 84155
6065 4395 1004115
633 5627 553697
6094 159 317826
4860 6575 4710165
4387 9508 1767525
4156 8617 430844
5336 9621 357860
7950 981 337986
8242 3580 54530
5337 8552 1402596
1539 351 60465
6290 2443 1159481
4754 7069 1398380
2309 7480 2115329
2225 1086 1278482
