68
6541 856 1301475
2273 3719 954445
6754 3805 795244
6801 8313 1085904
5550 7905 2490161
525 5640 3411322
9449 575 992571
710 6277 1199916
5378 8183 1319359
6125 5399 197062
8028 1848 1606777
6794 7033 1088018
7471 6542 373142
4861 1344 555269
7436 7323 1477652
5539 9134 233629
889 9576 3014812
6288 9478 414816
2449 4802 830408
613 9901 2472932
8192 4129 2282924
9623 4175 317705
267 7740 1429539
9393 1014 484235
6246 6066 190909
9939 4992 107040
1708 3059 708432
488 3520 1197344
2124 2298 1100254
1049 6364 1554693
6081 2221 1293848
2850 7853 1505610
8904 9859 2290985
1689 3186 494075
3903 8703 2039240
1301 9230 837073
8162 6307 1974853
2099 2302 3181468
3800 7096 1261471
6242 5499 540889
3512 1334 3515013
8250 8187 3595976
6039 4485 1219341
8506 6595 882575
4319 7342 3018911
9230 4284 6458835
144 3448 1903227
4306 1301 907184
69 1951 264268
1257 7121 1234281
2427 5836 602305
5343 1543 1082219
8986 9306 3692126
7755 5372 119688
22 1659 3557797
8509 6603 1464503
8141 4116 3220548
2248 2024 115313
6456 3482 49740
1412 5817 824500
7283 5365 2150807
3072 6933 295218
4217 4538 2275978
9134 6793 1299000
561 367 559197
6258 5200 304773
5351 9302 1615248
1340 5624 3163928
