68
8226 9918 3852224
9603 6177 2124042
9425 487 243888
3051 4804 673831
2075 3604 3488850
6993 9436 432036
3402 8401 4430625
3435 4086 1713094
7556 6153 2908965
9848 8354 5026240
6128 8230 766758
2036 8263 4799644
2367 5004 509680
5131 8611 891484
565 5916 1048655
7479 3977 240591
9257 1703 869247
8515 8563 524429
7433 2921 503066
5620 7570 3136863
4593 8782 1730365
1962 6997 938149
8363 4314 570677
6515 915 43998
6312 1565 3175054
9956 841 2153441
5606 7455 391632
1595 2913 2463220
5438 5720 939865
6686 9488 3445874
8515 2437 249180
7402 9785 282575
9833 4213 124696
2939 8822 851552
727 4568 237139
786 8815 1679222
9448 7284 1095632
5440 6205 524965
2343 4363 231424
5333 2677 1377417
4323 5237 1315131
9990 1062 506904
5824 1094 678424
7830 1497 1951198
7835 4952 357645
4593 2469 876868
3543 3961 1036212
760 8970 234731
6538 2470 1085483
1878 9169 800006
5619 7167 964068
3446 2554 200521
7258 3791 564315
8453 9026 2014955
6004 6355 2201152
8069 6113 1477581
491 1560 88856
3120 651 3218595
2135 85 576621
1473 5545 552909
5590 1983 659149
7632 9270 1637276
1265 6845 1702974
8891 8641 966063
4785 6547 2211890
8155 7642 8737188
7486 1428 1977381
2551 6230 715615
