163
5073 7395 139346
5891 5857 1364063
5628 5815 651259
5639 4405 269033
4700 4090 563718
1384 5391 653680
5832 2464 1227064
9997 8305 223270
6123 8269 560297
1319 467 993177
6221 8045 866186
3546 6386 1161163
2804 7226 891898
8262 8388 13363
4219 6172 107207
6380 7051 198775
8199 8122 77833
8505 8853 309292
1559 9489 116930
1194 8894 146064
1909 3980 1026140
4821 4624 249924
1947 7776 508896
7122 1872 4118471
8496 2541 1544331
5024 5424 385858
2785 3092 456852
1019 1448 7349
4440 8508 650158
8060 1373 775645
7310 237 649852
1266 4820 450310
6791 1364 405769
6319 1394 645272
991 9586 509080
7844 4796 715101
7302 2025 1619292
2200 8688 384886
7398 8760 244506
5205 584 1283999
9841 9048 228417
9762 2853 1115166
6480 1448 675522
8642 4091 743304
3071 3887 400501
3357 5552 122478
4721 1761 244172
9020 4719 60558
3020 6380 134011
7857 8934 365240
8731 1420 573344
1464 8608 119537
5744 8474 899198
7892 1232 386409
7557 9961 520437
9476 1008 328174
2884 8337 459680
9692 7880 906812
4485 8473 775136
295 119 2133637
4366 789 151735
8541 4889 264162
4766 4769 803030
8072 3203 591717
6898 306 130698
7653 509 364253
7737 3393 161159
291 3314 664807
8339 5172 114672
5470 2229 1226858
2029 7434 1413998
1681 8375 1174526
8793 9080 1313873
1500 4878 549658
8914 959 523578
4274 4435 2291622
3239 3939 345518
1256 3676 502730
4583 7838 201555
7346 4218 850021
6689 1832 42359
7740 1612 129720
2683 5040 399368
1175 6309 595226
3993 5064 603302
7827 1734 516110
2618 2444 153494
4611 5158 454411
2977 5114 2127200
4278 6632 462576
4380 3999 364760
742 648 201734
4921 5686 302208
5367 7455 60541
2628 8834 299162
7396 9788 416533
4971 9242 893560
4342 3450 105030
2488 5620 644790
6105 7185 174267
7939 9900 806963
7948 9834 1026344
4283 7296 352626
7081 854 103038
7925 7541 430849
1726 4339 42819
354 3198 55990
2346 1859 368648
9895 4438 1227695
3368 4255 907183
2986 3324 141568
1096 2514 30810
8731 6515 327798
2114 9056 36538
9826 3712 98047
6557 6763 78195
3328 5539 952081
3003 6575 4165201
4493 714 245418
8807 861 1989999
2400 106 1520961
6562 1793 67991
9048 1361 39806
3943 3455 79337
5276 6377 11890
7114 5624 1808880
9288 6112 1017015
7230 3642 517467
3193 2551 1013047
1840 4299 1364949
3380 2872 61450
6544 7993 60013
9551 1471 42240
4517 8057 198795
9669 1615 734678
1883 6420 58066
8075 2232 482607
9201 781 1014149
6706 477 38767
5932 3766 88466
8593 5771 95163
4136 3833 45069
9925 2957 1304217
1651 4553 1256458
575 275 1684235
9759 2074 362634
7065 2446 596209
2329 2163 446376
9658 7208 1318866
8411 6293 88631
6135 7201 774900
4303 5670 538300
2312 4255 1354821
1587 5405 874660
2909 8259 419628
5887 8371 538235
7901 1216 1064270
6223 8321 154652
4249 4869 68012
2954 3012 656587
7707 5973 457911
9761 8609 695506
6517 2224 652713
