163
6038 134 785234
3849 8237 361066
2008 6690 1213288
1754 3462 310747
7812 3660 225517
6869 2797 93290
6215 1848 1093780
6468 2344 187739
5767 8954 534140
5550 6488 884488
3667 7865 1259179
108 4338 1141920
7703 9853 1423392
4094 7891 607806
7111 4632 1170065
8999 1322 143551
9341 2224 549229
2416 2674 388975
4625 6161 20298
97 5508 12445
1700 2781 324122
6888 1371 22246
4368 8896 300283
6826 4808 362510
553 1851 166673
2686 6661 409307
1245 6689 401009
3303 23 438213
5218 5153 858541
9688 9500 492754
3124 2351 305719
3230 5871 649184
7590 7468 336331
3550 7141 1254039
7034 8462 443238
7309 9423 1098154
9745 8182 293178
5692 1830 1103887
7335 8062 1417418
491 6374 940263
5892 6234 315397
4943 8693 258920
2641 804 631713
4541 5440 316530
3002 4855 748766
3202 2300 4231502
6494 2204 542740
492 8229 103316
3189 5450 392130
286 3759 302034
212 5824 97186
832 718 435815
2434 9137 294272
6819 6601 45825
9981 2636 218811
8970 2696 452424
5778 3778 1342611
1240 1187 93511
6656 4469 846462
8770 8962 507055
4403 8216 632032
2484 5293 227553
6365 5101 1269734
5053 4397 282345
9958 1073 148605
3917 5101 180645
5153 5478 226657
4759 9416 640084
381 9392 521970
6507 8759 74648
5215 9938 784328
6190 7516 138690
3298 2537 192771
6547 7388 118655
1447 9698 836171
6997 126 55189
4641 8673 1690636
8429 100 583475
4428 557 138231
1457 5597 1149419
1559 7235 516898
8882 2802 56725
3962 1626 184532
5450 191 7561
8233 6112 361132
8903 9541 385355
5371 10 292518
1975 1193 655927
2310 8440 1113266
819 5780 1083089
4408 5856 464840
5733 6725 2102286
2652 7663 652492
5968 6254 1276788
2223 4785 1181374
8900 7382 12008
8856 2196 696911
4526 9326 275657
5223 9603 649139
6108 5776 1221108
5792 919 387152
9824 9974 1652075
1677 6439 617081
3977 7588 183541
9572 9049 353645
6454 3195 747829
948 411 585865
6946 539 131046
2867 3165 223201
7129 3441 1504288
2090 4390 743159
5306 3923 668781
1360 4570 535
9090 5707 61438
5898 6907 161511
9479 2998 210756
2639 650 1207440
2313 6721 1382086
6421 2192 555560
9614 1683 327987
5264 965 131538
5995 4837 1352011
2441 2798 603775
8054 5625 867386
1922 1029 143067
816 1756 642325
9405 9366 483518
8158 6514 142653
9896 4444 696766
9524 3291 1546787
224 3010 1393540
1783 9878 1928110
3949 5541 2276847
9537 8320 234113
2508 1206 1168211
2338 8006 500658
3335 738 614911
1589 4644 101835
5774 4395 700728
141 9011 889017
4943 8445 684506
8287 3375 843897
8748 1421 1020936
974 7049 754891
6513 4052 605872
8305 3060 378884
4257 6439 351138
3107 2537 565273
1138 9642 150200
4243 9620 1562354
1684 275 643546
3213 5542 56314
2153 7874 794108
1419 9621 198439
9331 7893 353585
5647 2635 97471
9513 1319 896721
8720 4589 223560
4552 1477 130694
6811 6319 483444
4552 7361 704131
4047 9224 319412
6842 4770 776170
