163
4270 3897 517504
7676 4074 200025
9436 2182 149231
8627 6134 25887
1479 6791 1098055
7885 582 657148
417 1809 163552
5 623 114264
5003 2807 556194
5621 6980 38044
6571 5375 116135
6543 2340 286048
1121 5818 1471779
5401 8706 541424
6734 832 75772
6917 6558 498868
5541 9220 439139
513 778 71873
8349 541 431034
3140 5766 248817
2012 8731 210197
1351 8288 8664
7902 3080 329156
3527 6414 341623
5116 1905 126953
5240 119 496861
2961 8249 50978
8367 7877 3385687
7387 1608 340659
6994 31 974398
8762 3798 158494
851 5611 1325438
8073 9513 446062
2836 6753 1452674
8740 3063 512568
1842 417 323000
8416 3475 751455
4660 2734 360704
705 2227 947591
6580 7961 2628446
3158 2652 364218
7755 3358 43773
5203 8875 539021
153 5052 515141
8566 928 1715145
3077 3866 304882
4024 3114 284409
8089 2660 838417
9985 9312 820684
2198 1720 262733
203 3818 495746
7260 670 622604
5344 8221 9471
1575 3346 9060
8083 5732 363575
9591 3834 52846
2954 6103 440134
1901 4375 2287
3580 5483 8102
1791 5722 821456
6104 764 25728
1160 7884 997521
5799 1137 508342
2841 4835 4276345
9745 6372 273716
523 3611 104224
4926 7216 349690
3955 1145 489870
9383 3124 177933
5629 6852 1027827
9799 6036 323218
2491 3911 77026
7698 2779 635214
3685 9313 944976
1599 5072 191988
2967 399 214001
7729 9341 66469
1667 8950 895239
8896 2752 1103503
4740 5510 478404
8534 6233 851540
6072 2833 474516
1107 9406 2268909
6057 9040 118666
1404 7397 410256
274 9399 139158
3714 8980 228907
7693 7209 217633
6645 2945 900367
4516 4658 266333
8790 5003 495684
5520 5129 298764
4036 9997 1327573
6652 9709 158857
7778 1606 713012
5678 5471 42962
7245 8230 1428767
5140 7430 24785
7624 3649 367343
1449 2961 241657
6537 4911 309692
7326 6788 392615
7858 3578 207141
1924 6400 926909
2567 7716 549545
4563 5470 833617
890 4624 785184
5241 5019 468940
1940 3447 846613
5081 3567 828545
324 56 371244
2391 2958 631047
460 3749 182702
7541 2888 285139
998 3885 1382077
8091 4449 314517
5943 5983 583686
5206 5550 661364
8695 2193 467099
991 6378 165175
2377 2025 725928
9393 8180 987254
5906 5543 806690
7831 8427 39116
1544 5208 230693
1614 5050 100738
8680 5459 420839
5885 6361 1666581
160 7379 416836
8551 3753 546157
6729 1944 2557480
7021 3084 3951
7665 7559 454377
1843 2221 278970
7028 9894 399448
417 4356 267730
8660 1686 147374
8158 4826 91281
7626 1992 670217
1366 3025 82073
5426 3977 1217045
4188 2234 3567
426 9326 1747494
7161 4218 233917
7165 9875 1455190
3887 4783 3402453
2223 971 132551
1630 7049 3163964
3307 2486 27054
1374 2365 202896
160 9075 358193
7685 5914 1560164
8478 9858 190114
1690 2873 274902
8685 5722 1634793
2464 7430 2138994
1988 4465 1399906
9293 4511 275966
9990 9515 62229
6213 2716 1318076
3998 3300 190453
8703 1739 543387
4345 2630 857080
