163
3478 4794 246335
9924 1836 685896
3484 5741 449355
8074 5051 324225
5513 3285 221096
8811 6566 290905
4921 5201 398995
6476 7124 787404
8267 6068 568628
5781 2335 582972
9523 8461 458075
353 6083 181380
9477 3065 119756
5635 9067 48530
9692 3987 936279
3845 6575 1859859
3351 3236 394852
861 7731 1022430
1611 6701 339254
3821 8986 930257
3552 4797 251363
4933 3899 566570
9197 3322 28031
5303 2024 536644
9856 544 1530188
8998 3344 249469
2203 5648 141628
2212 4219 215
786 2093 444637
7303 3910 46983
2983 3002 375753
1554 2157 299503
661 4718 115536
3715 3774 419959
5947 5077 308235
3838 5874 797283
9738 2486 359609
272 8584 1270857
4311 5020 352482
1640 2231 520043
2651 7635 48077
6948 8241 1898737
1232 2187 827587
6030 1935 2212210
4887 8671 341612
9496 4915 311680
1274 5064 330124
1749 1086 52701
3765 1157 535600
2867 3853 176922
9743 662 587582
8200 6987 166469
8205 7845 704092
6209 7938 948037
2520 655 18982
9724 4632 62520
9232 9646 274920
9718 1945 65210
8413 2004 242748
643 244 379780
1761 4460 88696
3640 7359 327089
9153 7834 1220411
1413 7325 260427
532 7625 872452
2710 2734 1097829
7044 455 288444
4651 3684 1435392
1225 5942 1751143
4358 9011 387048
1579 1081 1705878
8578 1011 23137
1262 2914 7973
958 7497 415766
2474 5731 512642
1506 9171 457386
1991 7973 941537
1767 8600 176537
1705 8370 180794
7443 8755 867981
6560 8962 404031
2495 9137 887629
7770 1738 435797
385 8346 361645
5654 6825 269140
5537 3635 417701
8587 8254 31414
26 5085 495793
1750 4622 57765
973 6041 1182993
1834 2868 2436323
5792 1870 236642
3820 2333 255147
8167 6935 576246
9392 2347 1801228
105 5731 729276
7213 9775 392532
2642 7128 950153
3324 4868 1716670
6279 7157 260089
6747 5266 256830
5141 8078 100133
3 6811 574027
6734 9451 228172
4651 7756 1266334
9304 3442 513425
6358 8818 881635
7084 338 346241
2928 8956 216076
5917 1137 561818
7837 661 91981
2728 2597 159260
3149 6056 858491
6597 3794 1569217
6827 8772 1686498
7421 8732 328984
9051 2404 126806
2088 638 116608
1309 3489 1132335
7584 8641 747102
3052 3039 609007
9998 8436 252799
7037 660 234383
4158 1745 613729
9012 7082 151139
246 248 454964
5806 1144 2605999
5021 7545 2918064
2574 9202 1574990
2506 4192 358362
3620 1328 16567
7793 670 30682
7769 3282 1275366
2097 8509 318681
2261 2544 1041057
4700 7458 88323
9969 5686 1395289
5218 9775 329682
76 640 67705
8444 8532 2236036
665 843 746514
8639 2181 294725
6379 5437 1653945
3043 1785 358254
8998 6984 319014
8610 343 618068
3074 2042 760254
495 1537 228553
6233 3234 240263
83 1072 41028
3616 4383 28039
8459 7099 363717
5115 2372 62131
9714 3136 1782833
1517 8767 523270
6609 9469 3584751
4308 8576 946558
1634 4111 295142
6505 3676 855075
3323 4913 61853
6314 4866 21330
3303 6040 454841
646 9866 861208
