163
1106 7340 823973
9252 8025 2081496
3931 6610 903419
428 9279 2106822
5609 4023 222618
8015 475 787879
2600 9121 391177
4518 923 226907
2601 5446 272252
9324 6883 661116
9300 9696 994866
4968 3156 319309
5209 5724 572732
3978 1970 576837
7631 2230 685605
4733 5115 899336
9231 8689 1172796
1936 2169 234610
2685 7704 1002332
1442 6419 432194
7309 4940 467450
3180 3906 381992
4634 166 375332
9048 7491 132897
3721 8081 1556937
223 1606 1295018
9954 7625 350111
4705 5458 236961
260 6020 149209
8197 2061 1196622
5542 6482 134563
2668 6383 472660
6469 5909 1711095
7882 5597 705943
6473 8922 57896
7954 5061 203101
1542 8077 31342
9308 6161 120880
1047 8823 249690
5766 3905 232734
284 9541 491253
1227 9438 14986
7806 1497 85651
7211 9040 323520
7010 4166 187510
7784 2233 218910
7807 7733 677849
8756 3201 1112825
460 9108 362914
3017 898 1454483
4032 5785 770056
1712 9233 57999
1096 7089 291883
7394 5641 1473828
6144 6317 1016073
2693 2178 78683
5642 3037 549631
2262 856 33512
8390 3036 767076
7257 413 956064
2881 397 1001001
9385 9888 4824402
7093 1468 594488
4445 9125 115127
7653 5588 266704
1856 7092 1850238
2112 1502 685221
6862 1 63219
5508 2463 1939286
2472 7900 41961
9923 1493 34676
321 3636 2316305
3455 2864 1377243
1724 2036 120853
8706 9025 115892
9261 9708 107644
9120 2698 183251
9452 8757 90288
6549 3363 259720
332 2417 325007
1555 5116 634321
6286 3696 361959
2182 4628 1076
5544 6934 135408
9242 4460 2907346
4081 3117 103775
8921 6463 121480
5590 9140 766733
8007 6590 34214
559 1773 28833
5802 5250 6800
4692 2063 421805
6578 104 430327
116 5896 974956
6958 8723 146379
3793 2214 861352
3142 7519 646944
9960 5060 1165037
3470 7678 75495
2793 4692 109892
3026 4896 149669
159 1974 433962
5143 7511 718494
4522 3856 836533
4083 3922 78806
9465 1218 585242
4581 2787 982268
4755 5875 578252
9465 6118 192707
7655 3805 363225
8775 4171 1798534
7486 7999 390559
38 8675 1779564
6160 2448 275502
143 8494 817933
8617 6117 148148
6737 4136 190184
7148 2302 807279
6584 4891 22130
3606 9462 468552
1362 8136 189976
9531 8692 2000428
2754 5111 125550
432 1220 525116
5260 499 15330
622 4232 120747
163 5098 504604
727 9989 106154
5298 4416 1443749
2519 4939 109587
1688 7526 770754
5535 3279 556991
9179 6508 341888
4615 4294 19367
3774 2474 695955
3284 8077 462534
1494 9096 990946
3910 5270 856605
8651 6603 1820562
1058 7524 12141
7292 6948 2262154
6983 685 284906
6572 4748 254280
3844 7989 1094962
9547 3416 57386
9450 4991 2039
6448 1521 879126
2969 1646 143140
4899 6501 586476
9925 1242 596170
8726 8274 219516
1247 5787 334869
9271 1439 353200
5724 9847 1883171
8851 3893 278012
6820 5058 650997
6090 2599 1394737
5757 5605 442261
7469 3484 1251396
1389 2739 324302
7710 5070 433353
5746 7839 324658
2548 5929 60289
