245
6364 760 631742
8098 2360 102089
4569 9448 779772
9617 4429 60768
8211 5085 702996
1234 9007 163146
5642 1230 822051
4895 2795 1483796
7706 5620 345710
3428 1962 63496
8834 6870 182174
9143 9915 316409
1096 7665 1149236
7731 262 32452
7830 8712 313926
7323 4908 762818
2487 8038 326922
5065 4123 1479031
1958 8842 213134
9363 1951 2000915
13 2541 63081
4743 8271 18154
5320 9820 293543
4424 3607 168093
3274 1440 790875
9853 4757 120444
6661 4675 710789
531 9740 199818
4664 9888 167814
3057 9254 720354
8643 8503 926207
7770 7785 467507
4129 377 672941
5148 833 518194
5396 3086 186481
9986 8814 271258
4444 6937 189414
8420 3656 587607
5815 9090 184285
9881 1874 26381
8585 899 52383
4128 9536 130762
3489 1956 335647
6574 5207 945533
7954 8369 458982
8149 9448 436614
5762 1141 491195
4101 6432 572182
24 8748 126983
4123 4564 30720
1391 9236 257993
6622 879 44372
9598 8939 4280
248 9200 584106
592 7393 630018
883 1946 1217795
7850 4367 273085
899 4263 915000
1937 8746 584975
9166 7569 955841
9153 9614 156228
3635 3515 90340
9320 1816 187407
7751 4588 68092
4311 4228 814678
7844 8730 235741
1805 7285 637625
6656 7542 389502
2307 9739 762
589 5332 240839
9176 50 75488
4135 6399 12934
2892 1711 636960
6723 731 22739
3338 6691 328144
9045 9628 970407
102 1786 753295
5488 6732 429244
2377 294 325675
1260 4707 370406
5848 4640 70898
6082 3424 1366793
6629 9661 20140
2297 2261 104718
2976 4091 391887
7496 7919 287899
6402 5043 102195
5197 4098 691174
8607 3476 806839
3831 4785 733444
7338 1541 151584
50 5915 571832
6822 6070 37960
1297 216 304492
1675 9540 404193
8580 9965 691141
7981 2834 30664
3372 7717 13177
7383 9905 85725
7253 9614 584778
7182 2514 634582
2725 8195 156081
4134 9404 361253
7547 3856 645199
8399 9468 79277
5095 5612 625547
6596 8740 313104
6185 7125 210518
9146 482 68745
5205 1499 19658
8870 3524 558667
6443 2956 289608
19 2357 334662
2321 7757 954748
9534 7208 236074
1866 162 131332
981 4616 187872
9782 6998 439654
6836 5500 41394
2289 2831 201633
6430 476 80773
1608 4518 433401
4462 5143 112349
4051 482 546249
3922 2701 235707
9290 2106 942419
1250 7919 376930
1641 2017 503191
2978 3880 842502
5812 1155 875302
4000 865 102339
4221 2191 566132
2744 198 14387
1449 4503 809318
1543 2866 25579
2082 9528 640835
1817 2431 395902
9630 124 489019
9998 2852 26040
3285 3463 119771
3281 4899 170956
355 7376 125950
9264 9261 157626
8830 53 1079617
6936 2584 151556
8786 3861 371249
7111 2971 125342
4371 2964 447014
6770 879 66532
8392 9179 96129
2474 9691 41072
9990 6356 456593
6377 47 873989
7859 967 62987
6059 5002 316228
6095 516 1925998
4484 7965 667414
4949 5163 75889
6109 2657 605125
8165 9131 456486
8750 5540 7631
7223 5629 279051
9045 5267 257019
5229 1793 222397
9827 3719 80250
2528 155 12801
2691 1184 654685
8457 6063 180215
2348 9314 1467645
2552 6741 444407
1202 8378 10547
2243 7313 684326
3427 1640 59386
7258 4716 630262
9418 6985 205022
3379 6077 590628
1377 505 201998
8158 5229 396037
8257 9746 350834
4647 7015 248075
4797 3915 938451
6001 2594 1514
3716 1549 155868
5466 4328 179628
3275 3111 136789
3282 2772 36346
8063 7366 1000299
9831 2479 819773
6062 1573 524526
8553 7140 818088
9854 5372 1226925
4043 3498 299775
40 3302 14342
3792 6939 15279
2015 7871 1617690
640 3717 173541
6515 7098 348936
4482 5182 318993
2386 5349 43986
9434 209 748758
1948 9541 577671
6937 2711 249587
4960 9523 69032
335 4609 70177
6224 107 92289
2278 6814 936940
7944 8250 26525
9412 3951 182674
4388 6088 831194
2149 2814 743227
8122 4098 1567252
6895 9734 291262
5435 8981 508289
8539 1402 171993
8398 4725 517481
5721 3734 312048
1207 4678 41176
5583 2737 885444
8643 301 1517428
4152 3097 327586
9797 3019 261990
5560 9932 688624
6763 1618 102525
6494 6913 14280
4006 5799 221981
2215 7615 120598
4519 5337 243854
5270 6811 636439
2440 224 147411
8285 5155 176403
1859 9600 56626
436 6631 1786029
6917 6676 1488072
9374 6236 371238
1458 362 247818
3729 7884 120881
6848 5293 8937
6680 5552 36718
5693 1433 4454
4371 6625 248105
5001 7740 271816
6249 6587 42799
2979 720 418137
1713 2281 349829
3207 564 248605
