85
3096 7189 737022
8098 4798 336207
487 5743 95216
9893 3972 1753390
7383 9484 159828
1880 120 2864761
2542 6801 559625
8347 7233 2245979
1870 2079 2265167
3192 1770 90010
3055 8639 686616
8960 5683 1607605
995 219 2311602
2284 4533 25169
3193 1978 1210848
3809 8351 338274
2700 3255 659632
3580 6639 2784094
8190 3474 14046
5713 2063 1109577
2080 572 573812
6920 983 418308
856 7823 1934363
7637 9849 638051
3295 1386 871952
7462 8400 387897
5578 932 172998
4008 4369 124778
8028 7814 1813191
4540 4183 1971438
6940 6613 1596194
4851 8158 412199
9276 3622 1949738
5109 6322 584301
9687 819 827855
4737 7895 1933177
652 2951 117133
7844 6080 2945891
9233 9499 655492
2976 3134 1462856
3317 9815 1204585
8281 2387 942014
7487 6104 870359
9904 3569 765223
5809 1572 51642
3238 1283 2126878
978 2592 5419040
1164 9444 335904
1879 8947 256576
7890 6056 266850
1971 8506 20849
6075 9647 1058310
2843 1085 1108460
8392 8152 1397147
3000 4116 569907
7196 1422 1102553
4318 8564 125213
9127 1410 833419
3803 8370 293638
1290 2956 125284
1817 5152 1146249
1985 9069 624532
594 5180 1287177
2264 6796 1950426
4367 488 2017915
619 7135 660481
8584 1630 729873
9982 8508 1553801
5646 2421 1868684
1931 6343 706991
4133 8124 2496369
9095 3186 352970
6680 7877 1053318
4739 8883 1865271
6035 5937 3929152
4945 163 748242
2278 9281 1403574
226 8100 1929479
6683 1452 3491575
9724 1366 641195
3938 9853 3415145
5246 9454 1366831
9025 3537 1310689
6091 4073 396155
943 6535 933763
