85
6 9874 993558
4070 6421 1678170
187 4042 2318548
4177 1289 1728005
1299 2233 3882
3609 4784 2448392
8815 9376 60933
6036 5142 1834153
8690 6877 2852494
5287 1704 1688716
9571 6097 3906472
5855 6213 746881
969 2802 2384438
4368 1925 2348782
303 1878 2235722
6339 6062 544137
8137 241 910512
1789 1608 353503
845 6810 854417
4142 4842 1036832
4377 1471 786960
1918 7509 501602
1548 3585 1241228
9438 1259 130457
894 4503 356132
8039 4211 1547726
3101 2382 1449246
7561 9226 420058
5037 7351 1418415
563 7179 488395
3858 1997 880781
8535 2562 2128397
5945 603 1452940
4483 1414 52111
987 5501 822408
4266 7104 1227550
398 5063 1476303
6643 3491 838347
3366 9576 20942
3781 9120 192577
4538 3849 387250
8348 1209 21014
5544 5056 1023502
4463 279 1333821
1672 1654 1059062
5343 5573 2688138
2696 1638 248008
6727 5343 124579
7279 7365 14062
9453 3005 531986
2691 4843 58715
5439 4117 358639
1170 3066 338322
2192 1209 3527930
7183 4449 9887
419 5168 391201
9479 7287 301553
1854 4532 5022572
9347 6095 2221266
1252 2949 670196
5586 1885 275130
129 7982 2658663
500 9696 69553
2665 1779 2601330
9016 2321 434929
9911 5693 485990
3139 7494 1911716
314 3308 1474283
2496 3090 257127
9681 6744 924202
6755 7713 1148665
1348 7210 306231
6607 619 784435
5530 6380 3395472
1792 5270 56918
8033 5009 1117996
7193 92 4077083
4403 3915 219858
2470 8799 1971192
5477 412 243902
398 1847 923653
7505 7424 1831450
67 9604 2381683
7979 81 101340
1431 3845 1654374
