85
5068 2931 3656374
9639 2862 148699
6921 4401 1010113
6283 5980 976910
7002 7411 964471
2756 3908 597594
9176 8814 71483
1015 1312 67531
1426 2341 452865
8243 6567 2776033
8339 5935 1342883
5133 3599 852844
812 1377 44802
8818 8086 33370
6866 2323 17774
4826 8334 2931771
9690 457 839006
9673 7375 263743
8594 1528 3576518
5366 8093 3119431
6300 945 405209
2197 6879 630591
8869 291 364476
1330 9962 368278
3734 7213 504641
8128 9240 455577
6713 6425 1482750
4900 6391 209053
6938 6768 995467
2748 4915 838409
5787 5657 2500263
9773 2737 1728414
8373 8315 674838
9478 3096 1546712
2479 7110 2355274
8594 8257 210301
8305 4599 714476
542 2788 867715
4292 290 297049
141 1506 238313
421 6271 198599
1445 9656 205507
4740 8694 294271
8328 7429 774337
4489 6822 147536
5214 8027 1210853
9300 2723 2295152
8824 2315 1039847
3851 6793 225839
6907 2726 198996
889 3748 1490838
4423 4134 274500
4956 683 60380
915 15 9863604
3316 1368 61904
7636 513 1713405
320 9487 660111
3471 4927 523721
2797 8198 1721634
60 3481 1587158
3520 4695 2056708
6630 5902 996305
7070 3721 1140534
9250 3025 3023831
3072 496 2847046
1307 9304 45414
2424 1894 2137976
7425 5905 167889
2587 2188 3215560
9032 3495 1954418
489 1621 2548180
1542 2893 1734030
9152 5630 403039
976 857 1569779
4466 5925 132094
701 9152 510350
7189 316 628136
9983 2998 2978513
7859 6841 2097468
6105 1774 343559
1344 9433 178917
6127 5097 949979
7776 7946 63328
1322 2186 495278
3063 171 2101456
