85
6840 1186 107501
9185 5640 6340087
5159 9617 499653
682 5970 1746774
6366 1571 1843466
308 9835 117062
1423 5613 2495227
3764 1876 4052845
1121 5944 217184
5172 5211 861949
8431 5059 1567637
2271 7920 447187
426 371 64510
31 5700 2214327
2783 7282 1300105
9300 3986 4369349
3494 4833 1456064
5946 8210 1407816
7033 1648 183481
1858 3693 2150918
8580 1391 430036
5927 8868 313761
581 5769 5769
4141 209 866624
9984 9234 888034
521 1005 1297348
8749 6527 508592
1881 448 2054285
5476 5045 1151545
5479 3256 133690
7722 1039 1970621
9697 8471 1273687
4431 6042 184672
7072 5910 1039415
9421 9706 1839080
4816 5467 84096
567 8299 1912986
8088 1896 367358
1632 6748 968872
6687 6925 763281
8274 5568 453864
8798 2086 1173857
5289 6012 466203
3744 3237 3422462
1357 9228 4800692
1843 34 774278
1814 2371 1766747
788 2776 2518877
6269 6237 24137
8970 4109 386642
5126 348 848179
1672 6 1511840
6405 1172 1529239
6714 9916 1841067
6807 7530 1065088
5322 2224 535671
6715 9131 94193
6075 3526 1470950
1174 8618 1653170
3526 7293 1928180
4672 7496 311519
5944 3860 1328500
1775 6083 121411
6987 4034 144068
6190 6154 1555365
6885 249 1000325
5324 4042 2925638
5942 3870 470686
2703 1332 310705
7877 4071 70195
2258 5505 445002
9063 8241 1339892
1818 7508 75714
1746 8904 1195707
9575 7239 1218323
9475 8267 1670886
4303 9556 34201
3000 4475 640812
1628 6362 192843
1503 1824 296886
5777 2487 1560481
5629 2361 404442
568 7408 13404
5447 8450 712251
1091 3663 2198514
