206
8405 3570 1760371
8413 7266 402906
8502 6053 334452
8835 3050 605405
3539 2418 578307
1934 1772 2357546
8985 9105 199841
8539 5274 81977
3856 3656 418158
5419 1236 87149
656 8823 451783
3969 409 289114
5041 8948 73925
376 5726 821613
9399 5224 481762
2275 3073 492805
7518 7215 15517
3898 7869 419453
9042 9384 194416
2893 5839 198125
9122 9388 1466381
6876 9701 79010
1672 5419 689961
1724 2157 678169
6799 859 70637
8108 6920 7428
6136 7878 572139
3139 8439 959856
1500 4127 643764
934 3477 217783
2289 9364 1079829
5545 1970 362988
6769 3542 37334
1334 5988 1008162
3573 6933 923657
5780 7525 4717
8864 8085 12529
5857 5901 640074
9473 700 356323
8417 7 357564
650 8411 82947
1905 9274 168686
1972 7436 751674
2872 7481 597602
382 3268 353517
3567 2986 167100
1781 2710 49014
5792 6881 52698
8286 2125 232598
9722 9018 437197
484 5524 261371
8877 7421 282682
5509 5706 671276
7616 7365 367676
7450 5221 40197
6851 9827 11561
940 9495 203454
8239 7422 618457
9397 5499 360906
9787 3733 861018
4903 9985 211613
8312 8078 648283
9000 4173 320973
1476 8868 163574
2187 4438 309281
3525 4687 217198
3941 3985 334367
3646 559 1099267
9903 9816 446538
4535 1947 973479
7629 533 210977
7808 9142 301612
3775 4474 102506
285 5096 275288
672 1471 154253
4504 7748 475416
211 9078 355138
1003 8478 382839
6713 6470 67434
9940 236 534329
1292 636 387043
37 1454 761564
7180 6801 61479
7160 3983 388567
2917 427 1019662
602 1471 44081
6213 6243 102766
6623 7861 324117
826 483 1231787
2300 3660 1198747
1352 1367 153975
6522 1961 41268
6995 5953 154341
6977 8022 177986
6416 3717 2114
9523 9056 13747
4499 9121 714381
4390 5356 104023
5494 1348 933936
2155 3455 1439923
7377 9824 1024129
1851 3469 190431
8311 6812 1033955
7195 624 894157
6521 249 15460
2303 929 160982
4935 3237 71139
2444 4398 536184
1950 3491 161524
8458 6277 180860
852 6636 223943
816 7229 41150
9649 5597 1037347
3005 1878 226943
3298 3553 83706
8548 5793 21183
9744 6675 674895
3577 532 1228794
7245 2402 116728
3420 1136 1177575
7688 6814 833104
712 8298 45629
1338 6344 4265669
8976 8924 57481
1061 6937 101150
3367 4784 495883
5355 9830 467506
2778 9984 259320
7354 613 952130
9344 3545 182146
6507 4887 362041
6885 7244 2023808
7059 7626 851300
1502 687 114901
3081 5534 1119161
7294 1984 241833
9749 4676 507339
548 8282 295534
257 4740 422548
8834 606 43912
9683 9900 640394
7879 7007 57559
2195 2503 1650510
8567 3453 409834
8447 8068 314590
6434 9809 390199
7343 4348 347128
2044 337 44134
4722 8807 102192
318 7098 300502
5533 6643 355317
2485 4805 1371177
4141 5989 260544
5442 5687 386450
6409 2372 39237
1010 6228 12334
6786 4124 256312
752 7865 105867
1351 1326 263413
8286 469 212122
4612 9451 132892
9467 8575 39119
7406 8308 21811
1812 7695 1104484
1263 4883 520053
326 3592 308760
4596 8560 147103
2686 5735 228838
3471 6574 83950
3054 4547 131341
9125 9841 1567721
798 6401 460726
9089 3962 309374
9016 4793 1662016
7155 7527 1013004
1773 2647 84057
6164 7781 225195
6648 4883 352201
6189 7327 60992
97 488 1217978
3671 1232 908648
6829 5550 980133
6387 8890 117151
8368 3584 987409
3493 6590 951970
3719 4106 1345371
4581 7655 3054551
7733 3387 1234736
3084 1830 494766
3077 5802 970711
3811 8583 162823
5720 8947 626314
7855 8965 448522
3505 5089 604131
4254 3305 504201
4953 6897 715103
4798 1755 22806
4023 7063 129110
7324 6222 54386
795 6855 259783
554 5580 245122
4038 3 307258
9101 8740 565171
1784 5911 405640
8754 1893 108690
4071 3323 16151
