206
2063 8933 98669
8667 7980 102276
1301 8882 429566
6485 9044 1239453
2743 752 730842
7104 3456 203894
7338 6077 437657
7798 468 341460
1685 2449 558524
9630 2007 344571
6318 2649 339759
9456 8270 535403
7186 964 584898
5246 6069 205821
4504 8369 882935
2938 3068 40283
7854 2990 1776931
8285 4613 981075
4961 4927 33665
9212 9669 122554
5884 4878 39879
7067 8313 1914591
1736 9227 32500
3400 5629 16201
7437 4759 179589
4252 6540 456929
1375 3768 290994
6368 7524 218210
1617 9211 12919
9127 6830 329631
2152 7192 1036734
1456 5218 347583
6718 2645 240083
3719 564 4118
5293 1075 204683
4471 8290 1991006
5479 3520 1703452
4911 1555 330025
1158 4093 209864
7321 1896 1476853
913 1886 570582
1552 5275 688805
5482 7355 1072723
5430 3325 152424
9185 7361 303794
5132 5231 277166
3468 2418 20878
8858 5096 147538
8783 4565 1768
1415 888 339134
3374 7175 1298904
7650 4453 666272
397 6740 980673
9723 6384 58573
1555 6977 767617
6605 6392 799489
9424 8916 482366
7195 5479 866983
4344 4076 1021878
2939 7563 44701
3686 4070 2862423
363 7716 1386267
9969 3312 400306
8546 2395 922932
4821 479 1122771
886 1145 956128
9132 8487 236972
2022 9259 122797
7794 1676 633123
9920 1597 184199
8017 4517 161377
1024 3857 570453
8455 3384 112386
3319 978 526139
9744 7944 646420
3761 2565 347155
8299 2091 316261
7757 7230 32979
8939 3089 416646
583 8636 774449
3712 8107 101886
6565 6011 594707
8257 4770 698226
7957 4519 525384
8171 6749 481670
547 5435 406025
60 3373 368563
979 6925 120835
280 6967 173288
9611 3365 139211
9832 5100 109116
7825 841 118765
7799 9358 151987
1656 3166 481782
1952 4914 41140
9369 3362 1129246
9390 6190 646380
7046 5877 253114
682 5641 284890
7611 5277 75784
7826 6907 96803
4547 8754 1746247
6922 4332 1304742
3253 3582 212400
4628 7568 369781
428 5266 441015
4949 4897 145685
6948 5303 70471
4558 7103 293307
4496 6120 273884
3309 2804 52205
1708 3002 569940
6699 6307 599352
2841 9845 34455
8293 4301 428894
4654 7193 165685
226 9072 113583
6129 9350 465405
6983 5777 16891
7800 3485 41573
9453 8148 1357816
8020 4877 758363
8299 967 121585
7452 3342 561073
6021 2851 465208
4572 7767 258256
8157 1806 470428
8137 9803 109681
6792 4370 174769
8894 3190 355003
6503 3199 681902
8111 9510 600499
809 6305 1383529
9141 3148 157519
7785 7512 101651
8154 4783 809991
8089 4238 963974
1624 3550 501787
7377 7278 124038
1430 67 244430
1239 8192 152831
7641 5471 146349
8972 3093 13454
1810 222 36165
2718 4561 102862
669 2992 644113
9756 1320 691929
6992 6136 277759
2076 1729 811515
902 5590 168612
4261 2620 983365
1967 4447 164227
8547 5149 722524
8763 8209 29312
8839 595 641789
3712 1549 10093
7269 5223 56014
537 6524 1029944
9687 3202 25970
435 4647 7707
1481 9687 1080077
8533 3185 13446
271 195 291818
7356 4108 61644
3218 8458 590193
7956 9059 77663
7432 6287 286819
1767 5234 194997
3592 6408 738742
1355 990 63347
5380 1194 1033327
825 6414 267898
4207 4555 333633
5851 6238 108745
3099 7668 305552
1418 2761 167162
3874 3476 254052
2588 9238 1278797
7333 8339 144874
5443 3769 596817
5333 6834 362834
3933 7372 933259
1116 4368 1043764
4394 9361 256833
6324 152 192034
7741 4373 18401
6484 8283 1532025
8008 4986 1411314
2573 6396 1617027
3424 6165 1440780
9318 2003 41477
3965 868 23961
6490 8838 138245
6725 2846 1073971
8733 7056 1679018
2477 8665 208810
3256 5026 793499
8352 5147 1082885
4974 671 17812
1196 520 906389
5559 283 170906
7494 8413 148532
8110 2667 624971
464 9318 130057
840 2913 378953
5132 4390 299756
