58
74 204 351826
3322 680 1539444
1257 2295 1092032
6340 2951 3688086
8775 2897 3820002
4065 1695 53713
532 8439 239513
5491 342 4365969
8625 3317 129914
4184 676 4721740
5638 6882 1198673
2503 5364 524977
1556 7291 1597990
4714 7954 578993
703 5819 5053756
8171 8326 954407
6452 2713 419042
7490 433 68091
495 418 1591571
5845 60 1294555
6573 6479 4075880
7699 8923 2221087
9216 9931 2377953
7796 9006 610408
7003 2690 1441361
9038 2804 3502228
4791 5286 126122
9588 2392 466751
7318 744 2827545
5472 5207 4132825
660 10 1107568
3867 1937 84282
9884 8655 2691073
7936 6641 347682
3221 4288 486354
4888 4423 1334662
8929 8130 611010
4502 8981 579915
5418 9365 2495000
215 3835 4134160
8924 1063 174449
2179 3826 89670
9331 2503 6218074
7062 6803 1144143
9419 7920 1385784
2820 1949 3778359
9681 4000 6160941
7987 4358 1033239
2639 6839 762160
4885 6754 1356695
8736 6539 2151681
8404 1292 2029792
5931 3405 1056130
8747 3992 187020
8366 2197 1247498
6477 8863 330251
7531 8102 41851
1159 6796 1914103
