58
8680 5532 563103
8670 1691 377269
8044 8494 616808
6534 9834 275575
3364 7052 443329
5267 8260 196540
7436 9840 431230
7974 312 1965640
7550 547 2473525
8298 2164 3663676
6507 4060 1550465
7493 3994 1154173
1571 6380 498523
1361 735 3170784
9026 5480 157542
9551 7547 641300
4621 7824 496617
7387 3805 319869
7592 4341 4899462
8917 5684 1370905
8240 6182 597231
5099 9911 1219971
2643 7168 5285527
7617 9488 2104948
4821 1782 59758
8038 6352 1601330
8685 8414 336133
6855 2765 496426
6094 3110 2911806
7296 1171 2129557
4295 6816 1442578
3938 9640 730373
1895 2838 925896
7279 6807 1345215
957 2698 1865929
4721 682 395439
4193 310 2038837
6266 6543 888345
223 3418 688561
5048 4622 1535311
4286 9707 3450832
6110 4696 3945358
4899 9192 1170476
1432 7843 2721458
3289 5566 167914
9475 7105 440474
822 7755 1366815
7686 6837 326519
6173 2249 1427103
8177 6881 7340526
1865 9661 5344337
1534 9102 866999
2771 1193 1151934
622 1819 460140
2811 3887 1892607
2864 5030 5350218
2553 3360 6507497
112 8731 2203287
