136
139 835 955520
3448 6859 120004
6218 2953 728327
4587 7755 1377399
8942 464 801226
5105 6930 1266912
3191 8365 1140513
4406 6573 113065
2639 485 298712
1827 6950 483862
9631 5585 1091509
6197 6064 118633
6294 3299 153309
691 6622 1770387
8302 5265 20871
6938 9160 606092
1892 607 1059953
951 7201 1252657
1370 4451 130743
2606 2104 375591
488 4764 46031
6241 8665 87592
7240 6570 280791
7269 1108 396474
8650 7551 1216136
3926 7838 871765
1131 5619 1065668
7701 5468 3311876
8393 1374 604328
1643 1689 55978
6995 1046 426535
4475 1485 558636
6372 1597 2220989
9771 881 905745
5862 81 318703
4930 3971 139304
6329 6279 115624
7206 5349 246694
6721 7268 389540
1056 4888 2091748
8781 3411 206976
6553 4786 362588
9401 2533 381116
5573 6608 497122
1 6806 32274
8786 7723 351591
4456 8434 3047940
9277 4256 18271
5057 1245 727419
7964 1096 1416883
2256 3514 187369
0 2062 258641
8615 3040 6517
5065 1364 3821785
3844 2839 5933790
1215 1909 775560
2715 6945 1045797
4239 6814 423162
1211 4552 83266
8532 341 24801
4019 2530 722153
9050 3182 1141750
2655 7035 621084
1579 7460 441894
614 5040 1035705
286 411 715201
3823 8905 2918923
9188 6679 243659
8610 3709 452392
5750 2154 1848243
7456 1074 576109
1004 3823 1709206
9498 5341 729785
1200 943 427150
8863 7755 142383
8687 7096 95905
6444 4510 161410
4455 1868 461921
7732 634 360550
1577 179 122691
3822 7188 2353273
5857 9092 55788
4294 769 40241
1602 1790 57133
776 3142 421136
9614 7783 449072
7489 6205 737363
9806 6876 644836
9818 622 346532
8025 9897 76952
8390 976 96794
2872 2507 828336
6262 8355 714404
532 1437 248186
51 3821 297614
859 5110 313932
4807 821 2779956
4749 6862 280468
1025 9573 3224080
7698 9228 135823
2172 4521 807039
7829 9685 742477
6682 1336 3549272
1149 3523 419321
6788 727 236995
2819 2314 1203975
7879 8702 908500
5666 7563 232882
4543 1334 355192
7810 2604 318406
9453 7195 674686
6183 379 2130
4033 6006 1264318
1131 5752 1179755
2492 5927 297945
5533 6486 245202
9246 4689 712171
4730 2463 553939
2510 3192 285854
9574 9558 345559
5636 639 98271
6184 5136 138606
2610 805 2966228
5665 378 178866
7198 5097 220151
2315 3283 517099
5910 2848 49849
1392 9613 385609
8803 2198 226232
3984 1098 349724
3774 3966 151707
8891 3443 600110
2975 9418 616519
779 9550 338946
9693 3213 393934
104 2856 584188
