136
5788 3166 40352
8587 7206 993
6462 4875 1206365
7776 7425 1250497
8355 9715 82039
3522 9817 580409
6963 9353 2560995
4948 8175 131359
916 8821 192571
4100 6150 106178
8844 426 482203
772 3931 747802
1167 6947 207960
2882 2880 97082
4750 2213 818146
2079 2060 180111
5798 9167 353828
1113 367 1286677
6007 968 674173
4153 2391 44290
7388 6462 1926023
7156 7403 847337
6054 1228 886955
2931 1443 361362
2252 1367 225694
7720 3973 1626519
7155 394 867977
5160 4438 951960
4143 8545 177228
7126 1205 489413
7064 6344 841566
2351 3609 171498
866 3480 863449
505 9022 21878
3710 3601 949920
4568 1647 926113
7074 3019 432849
4571 5018 1795310
7466 8826 812792
6329 4541 742839
1402 6561 371533
3586 3379 83726
6295 2594 68147
9213 2353 467010
3113 8123 499011
4011 4454 709990
5452 3624 1812
4164 8550 1379168
2367 2565 917070
3874 6272 364604
6909 3606 110694
992 2056 749832
1058 805 1121820
7776 5571 113764
6787 2867 1735635
7913 4689 558143
8836 4055 489364
1778 4364 245091
6410 8151 216873
5280 7300 528715
8787 4788 4565591
3207 6074 210996
7151 6351 574677
2028 4105 676971
4508 6334 88221
2645 6181 1341965
1745 9150 3392854
3993 6116 582559
152 4222 288091
5984 3748 478417
5606 1651 367305
4001 1939 428259
9017 2861 1598125
4393 2411 624851
6921 7994 2837604
5104 7952 58054
5442 3825 483799
6371 4044 1499799
3507 2122 333124
5888 8491 745316
1252 6837 1318126
4252 8276 1718334
983 8928 668324
542 9983 473631
7850 2089 1826650
578 8343 594206
8781 4885 381404
7032 2169 1054727
7877 9675 132498
5912 291 351824
5170 9338 625517
3476 4914 727258
3470 5987 437092
9548 5986 2126861
9700 3037 144319
7692 3280 510460
8802 5984 2437822
6692 2438 167344
3492 1490 995293
5019 4151 264337
4077 2823 840878
4967 248 22400
9001 1462 246850
8739 7018 814786
2733 5096 119093
1756 4106 239639
7775 31 2841236
2548 8279 479401
116 7979 1384251
880 3578 467847
5529 3829 640752
2609 6971 862644
2263 3996 129593
1368 6163 585545
50 8620 43622
9081 4416 118419
3744 6469 38105
6370 9028 1711368
9807 592 528150
7988 2279 405575
8444 6312 313982
5820 5648 453148
557 3588 417238
8506 7786 718631
9398 2425 996394
2784 6640 351771
6791 3109 178280
8494 4990 861800
6425 334 915596
3837 5299 126449
3199 135 312375
1159 3383 699304
4843 8024 447059
6489 8294 2699478
7339 522 186765
7157 551 1974257
