136
6663 4754 3477370
9427 3111 2469928
1591 6594 26484
2697 5609 444270
1938 6255 361815
9540 7809 94769
8608 9030 818158
1255 8907 14466
7557 1027 16637
7443 5805 500865
5580 7308 1353882
5127 7132 730392
7665 830 271072
2536 1317 332384
4465 5934 850917
5007 2000 660038
4711 6748 557462
1997 7198 1248681
2497 9404 26677
2345 8822 123968
9500 451 56909
8946 6844 184426
7560 7169 1246
6049 2759 163239
3765 1120 2007772
8939 8743 792664
8806 7792 588567
7038 6612 38310
8574 8383 879517
5826 6678 353871
4034 3040 206852
5582 7240 583622
5284 7493 1172134
5257 2366 1187413
6836 5632 1333712
4496 4617 979295
1557 5474 2217808
8336 5477 539259
128 8429 50466
3972 5278 747218
2748 614 13431
5365 1156 883600
9223 6768 727640
5440 6467 1341405
1003 6851 14826
3512 6394 96938
8584 9802 71523
5409 9523 2968155
9696 3360 1052039
9774 4404 1559069
1441 9951 495227
8263 390 1771832
983 9873 1671891
499 8290 2224343
6013 8422 334279
1784 1733 368781
2748 9762 250965
2978 1437 221709
7601 2682 521307
5687 2521 117965
6472 9738 1077003
1956 9542 352530
6630 4730 634001
5084 8771 378455
3538 4694 495798
6753 5408 1033616
3187 5795 740858
3945 6331 182403
5377 3231 425872
7020 6971 2288295
4457 8963 1299426
7152 5721 166203
3704 9877 66464
5832 1066 298042
5817 9854 1264178
8494 5001 5140
8086 4715 646807
464 3141 289926
585 628 179009
235 9888 2136505
177 7326 135728
84 3176 11783
6230 9401 649384
3016 4302 541843
1440 9253 3847105
5523 2436 1482894
9958 3645 928910
2424 9521 134941
9744 6754 922553
9032 8876 477131
3469 8274 2560037
3761 711 354872
1178 9513 6227
3286 600 73607
3447 7131 168414
317 7588 117387
7470 5640 785073
2863 6325 6299
3830 2723 2656323
9105 6369 1506198
9252 1102 1198092
4811 2304 180928
9725 7837 461861
7797 6491 1120630
2935 8972 257475
4023 4043 305993
6157 8041 555233
417 5587 655953
3990 2029 537486
4873 7032 376833
5534 7524 159090
873 5515 466330
8285 1962 144290
4367 4780 878315
5093 6703 397075
1477 8684 60588
4336 8276 3447
9577 6836 2235467
8202 8346 535640
4551 6711 106036
7069 7124 26056
5816 9469 753458
2623 5606 1281973
9513 9433 30932
9956 8808 1131832
8714 4807 436121
6774 7122 888609
4219 5202 750569
2487 5762 1067931
7967 6922 939990
8221 6179 2841483
5061 8204 400084
2140 7294 117328
9694 7242 1516743
5384 2955 255102
7275 9960 426327
