136
182 6108 516114
8409 3600 598104
2470 8760 945375
2374 4853 709555
3003 1885 584812
6791 4589 626029
9914 8975 1438
9980 5188 593373
3215 543 372643
9461 5196 1934490
3399 8496 972056
2811 147 1193889
9360 2738 1799415
8704 3098 75802
9553 5272 1187843
2977 8912 922104
2409 8707 23879
1449 8234 592744
7761 268 617783
4165 7015 1280910
248 9111 1031646
5674 4 2362753
5262 4503 358937
7500 5658 755085
7758 265 665263
7584 4547 971361
9034 4349 514619
3338 4822 1541671
8401 4226 536131
5730 7991 2145839
6062 5336 553616
9249 6916 263848
2271 3077 31528
6269 912 2737922
1839 3017 363667
3791 7022 2158693
5985 5751 230007
117 8130 450038
1907 9824 64527
8516 8495 891036
1336 5083 1181369
9492 7968 159381
8098 5596 222785
7045 8943 374725
1065 8609 378938
3915 1668 783012
5664 9340 613502
2830 5218 1010443
397 2837 311414
5836 5526 1129870
804 9857 657072
9145 9541 1555697
8748 7419 21092
3841 8614 412074
1220 6099 1155877
4336 6421 333881
1469 8475 527845
4429 1056 56526
1777 9929 148032
7565 4610 247563
1539 5583 663565
3768 4153 124734
560 8332 454015
9717 1038 1246003
993 6988 1009555
560 3008 1754478
4038 9169 1444566
9412 4350 1112249
8037 4121 370556
9862 5687 178318
1198 9911 519686
6963 4854 209435
9621 9665 580718
775 3915 1496561
2019 7727 1382358
9024 6682 2335376
7219 4571 821505
942 7428 76618
7032 8394 932280
5805 7362 1144152
6256 6948 512882
7011 3328 217841
837 9643 413173
3379 347 160117
8573 8523 1081025
3457 4156 2273148
2941 9228 925869
931 3519 3563
2707 1178 573505
1281 409 153860
3309 3819 198693
5445 9830 765041
7484 2087 1830753
3721 1495 902122
1113 5186 1107686
3466 2711 660913
1203 4245 23976
721 726 1769262
1532 1624 338842
6850 35 41271
5297 7200 19691
30 6275 953
8657 3971 1343024
7655 9810 2583757
5747 2756 1507410
2957 9218 2830709
6884 8717 793387
3843 6454 1062884
3099 9011 302722
3894 4082 207422
1658 2507 344391
2508 4368 80716
9181 9283 486522
3487 7715 1643695
6280 7256 495376
5744 8996 249155
9558 8477 490332
5990 8356 394923
2863 9604 248974
5059 849 144997
7599 8043 928928
5793 1868 193486
1550 4812 312455
1933 7083 1113905
7667 661 132431
4190 8722 166777
183 1932 458764
7756 2993 1463576
9123 7830 1278414
6405 5213 689834
3919 7185 64779
4031 9729 86860
4874 8346 98441
1688 2444 32753
1922 4491 268045
3562 6906 211599
