136
9583 8152 567624
9216 9427 451911
1282 9209 435343
4603 7921 553248
2456 7645 62923
4726 7550 152090
4842 7703 472698
2300 6271 1119153
7714 3912 344796
5002 1420 1580256
5972 9076 258181
2550 4262 219283
6392 5634 912280
11 1650 1890421
5933 3834 111466
2381 2229 1339543
1788 7005 547538
6012 4087 347936
2197 9305 1631269
2796 1678 993990
6509 4625 482553
7962 5483 2990609
1866 1137 427300
6029 6011 168092
9280 7615 899693
900 9254 1141161
3057 3229 689685
3854 6213 775641
6457 3957 136047
6640 72 225008
3633 8082 633809
2979 3978 796557
4807 2949 477742
1368 8420 724148
1476 5701 2751407
9161 1786 1317645
4920 6787 121272
9403 7755 1158779
2431 4741 121884
8742 819 24588
2109 153 125851
5288 4026 983933
3816 8635 100804
2811 3576 99320
8396 5519 110216
4084 8449 44178
9683 5984 1971691
46 8136 26363
7567 1634 46432
8511 7171 1246612
7727 1868 161733
9862 35 213609
4578 1536 1627355
4141 1947 24933
8418 6662 367421
6910 6671 720425
2091 1821 1405648
3202 3386 502987
5170 3794 104699
5915 8322 1791655
7564 5267 727100
1538 314 300076
3555 8424 596150
3517 9562 330344
6801 574 67656
5936 8634 196713
2149 1348 1021834
3874 3588 772390
3688 2922 1495367
1355 9816 263663
6207 9762 1059061
3496 8410 571955
3811 9217 1022636
575 2469 608106
212 9114 216032
1066 2107 683651
8409 3467 197922
5177 2034 62606
5423 9210 18843
518 5818 36849
900 4004 1586015
7143 4316 208979
1795 3021 565229
7535 7246 945988
5124 6640 1479039
9818 4908 895504
790 2045 644554
5517 9253 245691
7978 2934 247618
5331 1707 423191
5021 9742 329246
8403 8531 1376436
3447 3305 2094507
7877 2566 73634
229 9152 244803
5152 51 20956
9934 7781 297080
5246 4679 1108172
9175 2808 305339
4848 3144 212749
6370 2066 390158
8605 3821 935911
80 4161 2137278
8073 3144 230905
6399 2592 357637
1858 1402 428435
1113 7505 1086074
4356 4787 2905771
230 1426 274570
367 5655 1161722
3218 5566 2169909
763 756 776054
4272 8345 167508
1873 6308 1647575
1259 9696 3377963
4881 959 1045879
6404 194 684374
9631 3820 1097151
539 1716 31012
2029 3933 874181
7948 780 1009000
7101 9825 50698
1090 424 1383817
1379 2917 798192
3284 1455 257733
5098 441 833836
2643 3814 469291
9985 372 3579884
2201 1574 533578
2099 9106 1498375
2405 7293 862161
4288 8063 15996
5545 5460 316787
9724 7127 816597
2580 5340 53409
7831 2263 455461
