81
9626 5920 1042707
8853 4159 4304217
1844 1248 3686492
519 1381 82338
2729 7445 703211
3351 4494 92904
6797 8778 272598
7020 4186 264780
4772 4048 1944348
6855 9650 411319
4302 7484 1958374
2072 4400 1614117
2674 8473 8543812
9832 611 390598
2668 5407 2475522
9263 5722 1667462
5966 1700 87967
8454 9131 224280
9623 4875 849656
4203 1788 2411249
4056 6961 2233563
1681 1937 1099806
7426 1223 957214
653 7386 1145360
9521 7925 2127179
5557 5773 341227
285 9981 1013050
1221 6781 275345
4272 7993 44786
3289 4816 1307829
5461 4297 4379838
1433 6021 384136
5058 4451 933574
2620 6996 268406
1178 8523 21075
915 9786 1469791
8938 5959 1656863
9593 7252 863196
1713 5095 932508
2813 8247 683643
4747 1078 766582
7565 890 2015737
8798 2997 2735721
9279 8061 1072957
2165 9276 22396
7092 6779 3398586
891 8020 63187
1043 2945 900388
5400 5689 667507
189 6978 346683
2213 2169 566551
1841 617 113066
6618 9757 89600
3298 5186 745097
4926 6771 1356821
914 9491 1724025
2465 2900 3191594
8222 1887 560780
9173 4417 1867791
9661 2939 1670462
5573 2608 1860053
9716 6667 677632
8178 4608 2602176
6810 2509 160126
4299 1039 2779130
5199 4835 242980
6925 7783 138432
3146 8075 1470910
1215 771 2658811
3476 2372 535657
9444 549 205078
8412 274 1014938
5621 325 1440503
3454 3987 996446
4944 1071 638087
7313 24 299720
9591 1354 435346
534 1637 947785
7873 6579 198131
3011 2803 1561112
740 7193 95076
