81
2472 1295 147678
1318 6055 863516
5831 4884 3509424
8490 6647 1155127
7001 907 141055
8289 7149 6449847
3380 8960 1657729
7155 276 242447
7671 4742 948153
5562 344 489749
6460 8021 535844
8187 3301 949976
2053 6136 398030
253 9997 2086962
5255 9203 562841
2296 7681 1199234
6559 3271 732823
6728 9178 299073
8358 9948 162019
2265 9828 280359
3159 3373 197974
1196 6076 4213146
1896 9395 649913
617 7926 1600706
4893 1729 720766
3874 3076 1276384
4063 6538 131086
3623 8219 2202759
2224 5506 1873504
5616 5365 2186041
46 3067 1359857
249 8000 707075
4240 3015 1486646
8044 889 333814
3192 7560 1428452
3167 4001 388362
2852 817 567524
360 5310 536026
2336 4519 105459
6580 1926 363300
6203 9614 3471719
446 2950 1509931
4051 1992 2679643
1362 6047 1462404
8785 6238 2768484
8925 7372 1528108
2706 1520 159520
4370 8198 491742
9741 2141 3072099
5195 1312 7019153
6749 751 372645
4130 1606 504486
3200 1002 1708847
7366 2473 350074
7540 9551 2052613
8434 8728 813080
3151 7072 3404378
5959 4415 376478
9226 5196 1320072
2535 6952 170338
4488 1170 505361
5231 98 1050919
7828 3626 103556
3954 8962 797615
5388 3996 2571902
3640 2878 382935
1521 6137 398069
7786 9009 179578
3866 2873 4249515
955 7003 1425172
9725 4789 1138990
3061 1394 277752
8539 8918 991140
4923 4734 712229
1810 314 1131946
3455 5138 1446363
7146 1612 1060298
801 2118 41386
901 1905 584792
6806 3788 239386
5182 2401 334602
