170
3865 4244 575841
6287 3705 261834
7583 8994 28992
7771 57 1075317
55 3347 360170
1536 7688 692202
1483 3241 274390
8558 8893 96194
2512 6255 108378
5356 3508 981387
3377 9658 180362
407 8875 659387
8496 7591 1474329
3617 5328 650977
8806 592 1351835
2284 242 312380
7426 9204 1573344
9937 6819 3691021
662 9372 250398
1320 662 209215
8333 9998 429629
5515 6420 2450143
9252 1949 81314
1207 3756 1350559
3922 4877 253540
3772 8697 1427628
7320 7771 1559641
8256 2932 167259
4581 6018 7821
8534 3375 271441
8754 2476 443251
6027 1098 722828
4929 8333 117839
1133 3103 129054
8276 8132 2156683
8993 126 541392
9935 6058 430542
9165 6537 130537
3764 7993 1749830
3153 2204 785342
9303 7003 25027
3763 3235 19258
1700 9307 100995
8844 1549 311558
3300 1574 186186
6367 8077 373457
5675 2177 261975
7580 5412 3645
2482 5934 447617
4072 7855 347998
8108 9642 203256
4932 1950 728175
9067 6006 153250
7202 5855 950974
1223 2575 176561
2932 4570 1958661
2679 6705 913514
7307 2803 176575
1977 9334 542223
4488 2133 340276
624 6347 65114
9110 3962 311980
9264 5384 937197
8667 8279 1491634
796 2814 387172
5096 2408 198288
6528 7979 1993069
8936 3712 2201568
9253 4012 959310
3199 7538 717981
1458 7169 195439
7219 4252 1860991
9537 1217 718082
720 2658 1739653
4357 366 147200
7281 1937 1040821
8763 1624 370706
1049 1177 292698
5224 9820 1070325
5377 2910 742097
4025 9252 210225
7755 9684 331309
6694 2769 925691
9978 6615 163683
1611 967 621992
3868 2507 133960
1693 881 357515
9404 8856 241714
3193 4020 603640
7322 1377 35071
7949 28 1879654
9481 2856 245953
9629 6536 330684
6695 8040 811915
4264 162 840399
9008 1509 879550
8649 6985 347734
8009 5827 199647
5684 2976 444557
9959 1013 26533
5740 2064 1224880
8428 9917 414677
2669 9397 26269
8602 8404 25494
4720 1986 126121
6713 7587 635918
7788 5554 3319463
7429 232 54097
8741 7020 814076
4603 5729 251879
461 7711 364000
2498 5998 9482
1779 2363 160941
1057 5205 53807
2391 231 179607
6069 9425 302035
1763 3744 844598
4859 9226 102212
3555 6405 325957
5495 5504 144357
5911 6815 1083933
9175 3529 30426
1226 533 20035
8407 8580 437034
7668 2299 189937
7023 6680 180473
5779 7830 609258
8824 611 439067
6733 126 183592
801 5756 100260
6224 3757 963897
8646 3401 40988
2837 2621 546503
1256 1650 151115
6462 2853 275649
6451 149 110503
7783 1610 964724
1028 7891 517461
5983 2267 66373
1685 5290 282805
8665 8711 236232
235 98 1208911
1405 363 1624667
3748 6516 147290
3660 385 1407085
9455 8588 211748
9933 8137 58593
6773 958 262744
1948 3842 295578
7950 9197 1784134
8851 4784 284521
9639 5774 1144426
3170 7868 1250143
3055 5415 256399
7914 9660 690638
1423 3492 52623
7303 1618 543945
5057 172 1671398
8891 5186 3582
9421 66 1095007
2189 5582 26727
8103 3340 860849
4018 5347 200345
5837 4872 211546
4524 5542 724353
8996 8650 1046945
718 1034 249926
7749 97 250340
9686 7662 225202
5067 2024 92042
