157
5361 8265 1479844
639 6248 45859
1324 8338 372835
1786 2501 491281
4231 6500 5592
5117 5944 274856
1382 8433 160783
7783 1926 2248950
5183 3706 395646
2181 9585 401453
4219 7809 606919
366 6140 505649
9319 312 354696
2585 434 180062
4045 5435 595639
7259 6529 647044
5653 3332 228823
4210 392 285311
5852 2672 272606
7768 7692 422416
1717 8217 1504240
2267 5665 647426
3117 3136 82281
9212 2646 1593338
8440 3760 890218
2572 6454 255638
9919 971 195085
9451 3039 533576
7815 1067 704601
7404 6537 1073042
9907 1563 961066
6339 3274 390506
5575 6955 813797
9714 1479 1495562
1134 8570 23644
4261 5275 657005
6187 8193 335428
1236 6290 720521
8132 5691 141827
5098 674 217847
9538 4879 1775315
180 4806 1642552
3976 1081 313381
9660 5683 1735600
6222 2771 35302
293 977 7941
8452 4104 1733418
7355 1284 70232
5007 2238 127069
7145 4955 469651
6517 8603 376663
1042 7051 3039712
7918 9295 43039
2201 6114 1029675
5558 3734 1701909
4343 1894 84943
3941 2227 401806
3142 5646 2053574
2615 3461 167625
747 2724 271117
3641 9679 53511
7471 1023 108883
1855 8905 10241
4312 9866 1309938
6101 9439 204841
5563 6722 673573
2751 7310 46399
2662 3899 167998
4156 6442 279462
2907 3062 314660
8470 2669 506211
7824 622 380801
3768 9633 676779
8849 2037 300305
7865 890 284534
2643 9497 15027
3619 4509 371385
8338 4884 1574701
8458 9154 121705
3137 4 430800
3772 339 478156
543 8099 125449
4613 5140 551660
4695 1908 1609672
5677 8008 2486597
2896 5011 679108
9222 6724 1048339
4955 2413 32195
8282 9403 452777
4255 8403 556165
2036 3395 379548
6691 9740 49931
6538 8938 1040964
2853 3332 354785
3094 1727 105009
8771 5574 407492
8827 6274 890974
9605 6478 3896399
4796 4243 560483
1268 6879 1401438
648 4509 1519855
8002 5338 1901455
1809 8211 195916
4513 8176 187091
7980 3499 179763
9734 4975 469852
496 2109 76682
2668 868 1693299
1752 503 124610
9213 6451 166175
9639 8225 185571
8738 6462 14623
4159 3356 732978
4198 2501 2094881
4681 5728 12101
2625 7256 519585
7511 2191 1006564
9255 1524 110199
9290 6243 211175
7224 4858 300417
8005 6523 607846
2642 3726 81048
691 1609 512390
3870 8918 178916
2441 2551 1025303
733 1130 85360
5095 264 363023
8264 8356 175207
3832 7125 49877
2232 4967 373663
2588 6581 294016
842 2828 179431
5290 2365 166162
6805 5821 682660
3023 2850 1604073
6613 1150 561959
856 6933 891335
4551 854 182254
5715 2881 974741
451 1354 806500
6355 3070 1790067
3710 8316 2337668
612 3055 1039613
3933 7212 904903
4987 8992 386600
657 1094 138800
1369 4519 997962
6879 8186 883564
7444 8866 80337
8974 1059 450993
8633 6295 558669
7745 4147 426822
6283 9376 729641
9333 4880 482092
6414 185 844132
9458 2340 526417
8595 5701 690833
