157
3444 2484 1435551
2095 9507 656863
7606 2092 834051
8230 3317 1701094
806 2471 513879
1527 5999 379009
2123 1563 76309
3860 6548 1331611
5833 7356 224194
5824 463 462829
6915 5200 382610
4796 7053 909464
7565 2683 57936
9720 9368 489330
6892 6383 1538555
1185 9721 32519
6566 251 16155
9103 825 155519
4165 9541 152628
6516 2019 209998
7634 1172 225415
7348 8693 20456
1640 6958 130440
6514 6140 1931283
1669 876 25309
6536 2188 55823
7663 6148 622662
5327 8189 337092
2272 1715 1070157
57 8372 486451
8235 9160 994441
9893 9530 261382
5932 8658 357886
1746 6535 157481
816 2370 191802
9461 7699 558301
9630 5925 285890
5538 6223 550512
5939 4476 120633
4165 6406 92020
6352 9026 1030662
8377 1849 912528
5495 5281 22087
4194 812 79740
4782 7499 418057
4939 2315 31884
5615 670 2087207
2816 5809 485357
4839 8165 659533
7724 4133 538256
7574 9777 306539
1175 759 629161
8242 5523 1388903
6382 4133 2155304
3250 3964 97778
9118 7207 481599
6532 3014 379560
8894 390 1316322
5214 178 152743
1451 1859 333773
2963 4720 32320
7783 4579 2025156
4934 4909 449110
9714 9553 489446
4938 6434 240207
4446 9540 736366
3548 5481 1519838
2741 9974 700500
8196 1452 2332825
8955 4829 661706
8762 9730 992106
1892 6811 1478556
8464 4893 637584
4530 5313 582485
6532 1382 53370
7201 6935 1112134
4214 3539 2454414
902 3165 1608819
1412 1669 469080
4297 9112 975981
7513 9788 1562387
8453 303 877134
5339 7314 534667
7292 6663 1683725
2383 1249 53192
1320 77 435089
1925 1285 817105
8969 5376 1069802
8725 9200 3441
3848 7141 315500
2078 7065 327545
8182 7640 109107
2239 1287 366641
5560 5485 175132
7731 7182 204198
5144 371 50034
8782 3476 769586
8681 2906 605520
6115 3723 339649
8449 5921 591561
8394 5920 1078295
8786 983 439519
6268 4018 172333
5608 1334 606943
9948 5976 825259
3864 7875 52584
6592 2333 80613
2845 2581 1036544
7159 5463 1356518
7429 657 481683
9167 286 1585749
5797 1217 305163
3306 5534 1237642
2206 4839 282097
9193 5537 873310
4736 9212 207912
497 3806 201639
1266 287 890918
8643 9716 492640
8353 1996 155895
1940 8831 235553
274 2373 296914
2358 2872 1554636
6125 1551 1678806
9015 6841 586477
8996 6219 445648
4844 1142 131719
1032 4451 276922
5525 4226 340377
1537 221 1469658
2904 2329 137271
1448 6482 84400
9876 6619 1597942
8808 430 285380
3499 3408 452806
5038 3525 1109419
2313 3097 388813
1946 8449 125834
4655 2313 1084646
5915 9901 106239
4962 3269 979044
4641 5661 426301
738 5138 921794
9879 9786 2962296
8364 4469 859189
8774 9369 1636014
7966 755 358407
4045 54 205788
2674 9924 188902
448 9041 200409
6356 5149 688342
3058 1261 130643
2963 192 596032
8570 3509 92951
2199 5862 521518
5762 59 222488
6320 7237 271615
