159
4708 7946 592035
760 8060 603938
5044 2591 203786
3825 4156 605735
723 34 525567
1891 4929 181720
3961 2671 97109
378 5495 88087
8969 7380 146560
525 3173 130770
2666 6748 2326417
9527 9813 1282413
6208 8795 930323
130 7344 109711
9740 8481 647725
7863 8065 880166
2747 880 240506
5713 5949 1487718
5998 6840 77370
4796 235 1508403
7037 8785 1975825
5025 7920 152645
2204 7740 461447
9512 5202 372461
9857 1285 376818
8995 4888 157646
2279 7920 555045
5930 8508 1231957
5816 6458 3702522
4728 5007 113874
6004 9612 1236287
9908 8627 16903
5915 8341 4498
5010 4008 1698484
1623 1639 282429
4910 9004 43152
606 42 193504
980 6653 1547536
4474 5450 893886
4329 6915 163822
2049 4624 25407
8245 5582 802557
2911 1022 871217
6606 4497 485142
6158 4499 728678
3730 913 1155527
3017 226 1007448
8814 7538 296392
3069 1119 55909
62 2322 703515
5049 3421 175408
8550 799 896889
7240 1321 341343
9163 5911 178246
8797 4881 689057
7149 7117 530196
8574 4657 1059216
9663 3509 1363471
1965 2155 706073
4731 2876 409733
4460 2468 460195
2394 7585 1643134
9751 8595 293530
7375 3103 556406
6460 9781 533410
5287 5678 684105
4627 2735 263885
8965 8950 767875
2865 7599 110976
520 6117 1007310
4826 9257 218951
4838 9782 134280
5278 2233 323424
8830 5586 811029
2666 8371 345175
1049 7129 1413524
8128 5895 337356
6738 5562 1856438
9574 8749 21385
254 6376 2328893
2284 5769 168105
1219 4627 551042
8253 6885 178315
2752 9671 330798
4731 227 186412
6171 6352 93384
6060 748 1075478
3287 6825 58988
7354 3686 26361
7838 3315 323533
8872 5364 171186
8179 8553 794608
3253 7195 546774
7426 3462 410958
9715 6055 983001
2405 2610 193835
3255 1904 66343
282 9078 255102
5288 8244 645216
3907 2346 1125764
9530 8291 50431
3531 4528 163291
3599 292 114095
7367 2380 1144313
8219 7791 137916
1390 6984 2028787
3382 1744 192650
5553 5117 219855
9163 3565 1641617
9895 4973 684313
9226 2868 419567
3064 3281 486780
1377 4389 761192
1749 6197 910628
624 2764 92631
3408 8227 284791
1348 6730 207813
2877 7418 147090
2460 8352 226515
8857 4117 430454
3470 5557 499636
8127 4143 1130261
9996 911 1041986
3440 7964 73079
5495 952 685065
4356 2255 283814
4079 7593 2974688
980 8633 319524
6628 9024 963182
2923 8223 836734
4334 6599 1468172
5565 7663 1187390
3811 5660 456750
7349 5186 88271
7420 7286 264470
2093 1235 939959
1848 7455 43586
1816 2303 880498
7884 5988 498542
1531 77 267436
8346 5663 1438005
1502 3041 74028
6218 2484 102619
8487 698 1935753
6477 8247 306712
508 9549 136653
9552 1201 87504
8680 5135 965441
7923 4537 1149108
9908 9581 1309111
6531 3700 264015
437 1801 828107
415 9168 645667
8497 8149 819647
4928 518 61438
5630 5050 1517521
7062 3319 331025
1545 9774 104441
7986 8253 50725
