159
4050 904 447497
2588 5766 175236
5269 1394 118794
6696 2664 3119336
3881 6722 90484
1532 3738 193990
7847 2583 692445
541 7539 1495279
8531 353 747709
2636 5118 30638
8140 8621 584675
9044 5145 863527
1383 6699 12034
1053 630 795643
3843 6032 708194
7757 7384 359945
9454 702 509355
8138 7869 174782
4325 7232 1486277
3286 8260 141121
1275 8550 1107906
2113 4020 144414
299 9076 247414
9307 9989 282693
9840 6504 1705361
5256 4065 1233264
9298 9179 832362
482 3747 216437
329 9469 246042
8648 5247 261574
4812 8405 635298
8467 7457 1229189
9226 1301 83210
9076 656 143508
6141 4304 222438
2208 7075 785087
9378 5537 123640
4055 3506 251089
6441 2448 354536
1229 6656 121484
4746 8226 1235272
4983 1276 752234
3239 6452 732706
8265 6458 460843
6858 4630 261281
3811 9145 179727
4095 3601 308227
1658 6274 262427
50 6054 489728
6117 3083 498246
8090 13 136136
5183 8357 1047980
945 9143 326845
9523 2297 234016
6041 2866 97900
1843 7821 624534
8731 5592 30221
3288 1940 100
4340 9190 345402
1920 9831 766332
6519 9409 168873
9126 6276 655854
3408 7642 619765
7317 3553 616249
9115 6633 158350
6163 1880 377541
4488 5460 741488
4420 8358 322989
6215 2455 477378
2250 2615 566266
5093 7502 641514
1853 3828 738026
1030 4739 411238
9543 6803 1679677
9292 9780 1640878
1836 9026 1222877
437 5832 100556
3959 8973 241615
3928 7942 903167
4686 2420 741482
2517 1398 40344
4576 5029 566697
1013 243 356293
5601 7907 2349348
4284 3366 77198
8450 7202 479970
225 3921 313853
1493 826 1414017
6435 5095 705868
9809 8941 761282
8221 9821 426656
9991 2321 223990
2858 571 361303
5595 9679 2081392
8038 9348 358856
8037 9040 35819
482 1553 115605
4373 7250 182324
6018 1760 1312597
1118 4683 545253
3957 5762 1056757
3817 8546 597562
676 7760 961385
3979 998 471658
7411 1571 436781
6557 1271 6621
8685 2456 123115
8772 7077 125652
9516 77 742146
2157 3164 188093
60 2278 310840
166 5193 1019368
9823 388 269726
7443 455 763623
4873 5597 497175
7730 7481 834182
8484 3813 760559
9256 8720 765893
8163 5047 280998
5309 9340 199837
3656 1075 986811
9457 9977 191277
1326 5767 122245
242 6262 482083
6161 1985 777777
9873 7636 2948180
616 73 28584
7796 607 209166
9949 8958 1819431
1684 244 3144118
6093 1440 1723321
7219 6128 77063
7080 3298 1714095
2146 2969 429815
5178 9596 117576
7081 6026 2250917
32 7577 963106
5558 8246 435931
7199 8059 552986
7976 636 2549836
6144 1754 145709
7849 6987 1604085
8396 6512 77853
4282 416 432044
666 2562 707404
7440 8048 195302
2467 5719 897587
4226 3263 8854
8623 8364 217861
4830 8756 876803
3417 7628 710269
471 1834 206983
9443 6682 355573
1370 9385 269955
6896 6460 652309
1042 3322 234275
4494 1715 696291
1079 6307 1220855
2066 8760 1055187
