159
8162 8013 690725
3669 7282 3262652
1335 45 573187
7138 5324 6963
7608 9810 148465
2408 2485 276835
921 8782 302730
1620 8257 708
3863 3607 478454
5132 1224 565268
4554 1788 119589
994 573 383335
6238 148 650447
4548 7335 465886
3471 6840 599098
3808 4724 769382
6399 8562 110310
6836 1367 133211
2556 4388 1342899
6870 9869 854275
6112 8415 546986
6276 3694 394880
9610 7599 320860
8947 2713 768081
6858 1801 40115
684 577 477863
5749 5618 505891
7014 6193 680665
69 2588 389042
9350 2444 27283
3350 3323 633030
5359 8127 34262
3601 9031 218801
8257 1249 98560
7397 3089 46887
2778 6243 660916
617 9831 164053
2169 8497 829529
3527 412 622727
9423 539 95424
3876 4515 26947
8496 8439 473826
6136 5915 6330
514 1371 600464
8034 4082 1128917
2624 2698 311978
9725 417 148568
215 1663 2289606
2976 5570 105814
3128 6028 612130
5880 4966 125414
1117 8252 848140
6554 9526 317618
1378 6153 642594
2204 5805 804878
9917 5746 404497
1993 6562 71670
6213 239 738248
649 2850 693187
439 9164 11407
1369 556 1252709
8528 6068 190613
8703 5111 1689512
8536 4366 248263
9762 8065 325048
2380 9399 1249641
1540 4129 362997
9938 6418 514689
791 8182 612450
2696 1278 1167556
5900 5458 506303
6748 1114 1850186
2013 5915 84802
2013 1057 70656
8210 6740 240110
3655 8842 130563
6200 7970 854208
7224 8997 415435
1102 5775 885488
4901 1708 425786
134 2160 837896
907 1861 448749
4233 2967 65691
91 2220 401339
4142 9613 65552
5580 5559 624091
7935 2590 58002
5046 9352 427842
8632 8200 204530
8207 8329 48159
2902 7900 1114014
2298 5759 1952276
4486 6519 140279
1735 4490 1393727
5426 2353 1358851
595 7362 122432
6911 5541 248110
3963 9176 1646169
7681 405 1260725
6972 8884 742078
3222 4278 832866
9421 4660 300695
5933 1248 961973
5950 6115 2834288
446 867 539967
4897 9659 78088
6358 7309 140111
5105 6107 1495130
6260 4288 1490602
3308 8828 105112
8236 4953 528770
897 836 243140
3024 7042 832378
1907 412 233545
7392 8346 257428
2621 5493 340202
6700 307 266735
9266 3190 186197
3355 6320 1412963
2601 6182 1631498
4507 944 2567354
445 4017 82189
3825 4945 1928394
2052 3300 663258
2364 1167 1996839
2647 7766 325930
9835 779 211751
358 1774 568883
5222 1344 137739
4441 5932 1682548
6977 6194 133175
5668 4795 474023
7268 2210 13335
1217 3915 9966
5579 6406 602941
5802 6346 105390
1952 8387 639315
1262 6308 103985
9794 6540 2815712
6579 8406 1017567
105 8461 806088
1217 5167 817247
1617 669 214145
5812 5851 95497
5086 802 824822
41 8056 148158
7856 7791 172926
9916 8497 236428
6926 3473 141821
1438 1276 634244
4502 6922 727100
485 4382 432175
5655 2889 1583336
355 2986 883942
1465 4165 2643214
5373 5509 445398
7894 435 2442574
2699 5733 24298
9500 7306 44571
