159
1862 6342 5509
7820 8654 1222758
6102 7693 654353
1256 2484 249901
2398 8636 1751495
7733 4302 662228
6814 56 1439460
2366 5874 192630
8080 2958 1395105
9964 471 99556
3847 5540 2291936
9116 6228 203135
6353 7626 1884397
9843 4834 173986
1585 7067 354965
8886 7645 1949495
8548 6315 560588
2410 375 37117
3264 857 312876
4629 643 23078
4326 6294 208923
3440 6983 21006
979 2584 818385
64 3219 1166338
6526 9789 1429612
6202 2973 198325
8567 2853 86018
7852 5481 105655
3546 8949 317522
7177 412 132080
5215 4846 1371764
5415 5763 52928
3481 6156 31424
3079 2515 692718
3298 9287 185645
2359 7857 573065
2810 5947 632042
265 846 675816
9995 7321 306646
6801 1566 718119
8555 9740 824706
773 9702 960746
2542 9596 64800
8171 6615 655026
5398 3134 695683
2750 9620 277997
9654 9154 815759
4400 5738 854104
1057 3054 146522
754 9160 13989
6203 6206 27919
9345 9476 207045
8399 1267 486555
2539 4767 102452
2622 8959 140434
5875 229 923075
5910 8746 1749905
2161 6941 147174
9353 9401 215187
1592 834 175992
2585 2890 1150930
6241 2430 1642827
1932 4540 11689
6921 4872 240997
5840 1965 249836
7955 3305 621903
8131 633 300197
6345 5846 467287
2449 9570 371423
1976 5985 220960
3654 8983 2299310
6079 8300 314644
5610 3813 1280233
3483 7233 172186
3061 6727 41866
1497 3676 423839
5255 4272 13618
657 7775 1019875
5246 4054 701960
9944 2256 564641
1551 1276 716685
8304 2996 1783449
8921 2063 286340
3193 7558 17171
5161 9258 322785
1891 2266 32780
3522 3705 357128
5892 8465 1088947
4534 9216 1643778
509 7149 555608
8401 169 492303
47 3344 755567
259 5560 1114462
7704 6623 2008374
9220 132 1005770
9485 5789 419427
1127 5415 321445
8108 9487 557359
6396 4390 596307
8533 9624 278564
4669 2190 1889567
8612 8920 726264
6691 6541 303718
8553 5711 629743
7742 743 88014
9294 4935 181018
8409 8073 560799
1456 6165 463182
3820 7079 671533
1403 4536 373674
5999 2860 557683
9285 339 1215483
2977 8020 75757
5025 8935 125476
8297 154 1248811
1522 9045 123869
2608 2876 1244657
9050 9952 1038758
7845 8172 377514
5657 4954 1885423
1439 7065 357322
6177 8203 617448
4652 9997 1160887
2185 2032 763952
9039 2991 794851
4252 2654 950588
8904 1683 960645
6742 4063 235314
1458 5485 511470
3704 8707 237846
2528 2022 178767
5752 6094 1323078
92 6529 889599
2874 3904 1616065
8901 4597 406302
5657 7325 2335107
1778 331 568199
551 5032 701105
4550 7746 347005
2978 8977 595265
5541 13 146132
1440 6299 378152
8106 2518 384096
9707 8280 214885
4915 5604 132559
1057 9293 302498
5450 2925 78441
8158 9132 178862
5565 4808 793574
8132 9142 1087517
4738 5838 728867
2462 1147 40209
8593 1370 1267549
5206 3370 1007066
5765 216 222853
4735 594 561241
3250 5246 280289
9291 3683 1007114
9805 8486 718199
