159
403 7279 291531
3318 4902 1117651
5789 6160 197429
825 6340 1336085
1461 8276 78650
3967 2715 162570
4728 9747 12646
130 6692 642267
4446 2060 29916
8041 7594 200937
8523 9555 724581
7626 8551 193301
7831 6770 264531
3974 6575 2126702
1356 6731 198485
5439 2619 22349
5639 1845 1115698
6407 6569 539848
3637 3130 107189
2143 9748 375317
3974 3348 529842
5051 4638 683392
6763 8917 143172
3464 4568 177286
5817 1204 1933565
8309 1546 12860
8883 1439 655526
913 9522 419912
7199 8149 364429
9801 4000 414563
4395 1767 86045
937 7558 113639
1114 8760 240443
8114 5361 1362786
5190 5901 699046
7414 2091 770325
5091 9988 236073
1691 9042 580646
3444 8012 818048
7906 3273 325354
8593 2638 1234086
8508 9976 4409988
2860 1521 92675
3021 4144 375085
9611 1766 44689
8612 6203 2880040
7514 4209 341697
38 6969 1151675
4175 6903 577380
2969 2766 70274
7767 7173 1758220
7195 6072 205003
7701 8253 327544
7182 5104 109458
1210 6790 1249081
7605 2229 1583899
3888 5160 447338
1968 5665 1625851
7784 7500 566015
7860 3769 204449
8865 4402 930016
6163 2762 926907
5928 5146 8190
9881 1350 125543
1529 507 257551
3937 8975 62235
490 9259 381034
1507 5235 1204
2676 2188 1340227
5676 7825 798862
1967 8225 788589
9012 634 39452
185 9536 248841
5585 4975 175421
7807 5670 1100304
3176 6432 549945
7492 8189 1459715
3686 5198 653348
998 8600 376045
7947 4864 1747394
6805 2808 85337
9306 5931 3006246
2537 6524 706517
8345 103 33484
9630 9951 424572
8461 6623 546293
4762 3706 838075
4826 2167 238326
6128 450 1083556
6320 5239 32733
1819 9574 416522
6982 3274 536211
2461 9621 166453
8980 720 2255962
741 1634 151252
1577 621 697215
387 4526 570376
6299 2836 424468
6653 2517 17032
3625 5359 712662
5570 3466 10281
1272 2638 1025382
6040 6879 524198
3163 7636 21786
3067 1788 2332674
7070 2228 148084
1378 2587 9172
748 7811 1322135
6312 920 293281
9765 1015 46702
8993 9709 434542
9200 9861 757348
7505 8788 1063663
6134 831 60911
4416 8440 303715
2501 6299 318099
2000 8002 901347
4014 7444 456497
1808 5798 174922
960 7571 157907
7546 4920 1003517
3101 2215 27236
845 3239 1611696
4153 8182 365945
1859 5490 681619
9960 6389 278953
5184 3840 649354
8465 236 942188
570 3427 227372
8570 4174 824449
3098 9415 136380
8971 5932 474540
8259 6463 68887
8540 8176 289588
2567 6412 2115168
1775 1090 683975
2071 6050 607707
383 4211 527255
9276 7943 110398
3743 4585 2253249
5831 5376 71625
1403 4656 213821
8388 9414 540208
3823 4604 260806
3129 6281 617754
5549 1955 833730
990 8670 682868
256 1964 541817
2578 5842 1475791
6898 8131 197776
2834 7299 300061
2746 3931 338629
2076 3975 81374
2140 6314 100428
3106 1135 1186620
2158 5590 620650
1280 4071 914397
7448 8058 724478
275 2128 1581848
