64
9935 3535 1166008
6360 2518 441492
369 5002 1636054
826 946 99528
1411 9007 2133728
9954 8819 640368
2836 80 793303
4335 367 1757068
6238 117 5949120
120 3152 355576
5859 6277 523559
5145 9287 1608462
3804 2216 712339
3432 1302 375578
6487 9473 863332
8393 8596 1832673
4589 1589 1582028
6287 391 140754
919 8471 3275359
3986 7227 885596
7022 6213 1593415
9775 3834 4201
2501 1895 3544843
9857 1227 590228
7862 846 2446098
1225 6840 1549430
7358 1586 3004266
3162 2292 3071970
293 1411 711587
7798 3462 3548028
8487 2804 3293962
2132 6173 760204
8618 9596 760418
7954 7802 61564
4746 4497 1697802
1719 7469 394668
2762 3656 382575
3305 7804 2267519
3629 9003 949145
3486 1699 515647
502 35 797320
1862 5688 1958326
7849 2297 934438
7654 9301 1079432
7993 4374 1364123
3473 6820 117959
4176 9756 10174722
7779 5363 3651754
8310 1171 133757
3570 3379 1532852
4426 5822 1700143
7488 4837 190217
5769 6035 196568
8202 6215 2391144
2678 4749 233941
2633 1518 2657404
342 4117 686227
5315 8165 129513
8093 9120 218072
2161 3207 3335295
110 653 2275850
2061 1508 1340780
4508 9149 4114760
3971 1711 865908
