244
1391 7182 383830
8633 2000 164153
9670 1750 108176
3559 4457 175923
3743 9767 1577023
5947 5708 511376
5504 2127 121391
6332 3176 28488
8743 7231 47799
7534 728 176587
5412 8655 88700
2276 756 106241
9995 2027 119092
9069 3728 211433
4592 6792 243623
762 4608 137838
1357 7873 496949
3320 1365 1266877
6412 6396 855520
7651 4357 583178
5987 5514 142315
6349 318 94918
6427 3440 186268
402 3334 2375
280 2792 151091
7608 5769 263629
2896 2676 1335129
2261 808 29326
7938 3897 592860
6416 715 392324
8235 2505 84839
3404 7013 685519
3068 1020 89475
5837 2699 694736
4462 8452 53913
1462 5314 173200
2018 6208 360717
2558 1924 50080
9258 3626 127599
2685 7350 131301
2776 639 136689
7684 6396 91216
2777 7332 349980
6808 9783 54485
6441 5108 141995
304 5846 122937
4372 7711 190928
7497 22 430649
9954 1328 755707
3783 9488 485379
5777 2008 898746
4849 123 50059
3022 3280 1087612
3294 7506 216221
1256 3799 126322
6423 6055 232786
5299 3331 990579
3472 7019 463471
7980 2698 1565176
7564 7768 309234
2328 9381 275521
9311 9015 116362
5949 5061 170773
5131 168 210130
9222 6464 81242
6080 8150 265457
3640 6180 122147
4432 1608 231367
3977 2018 707275
393 3116 99026
2772 9503 571164
8059 4190 53861
1665 6409 452472
5639 7457 465846
2406 7736 1207325
6240 7889 205909
8875 8532 278675
5441 4013 930635
836 7624 1130428
4913 2649 685647
1644 3624 640170
9611 7866 78720
277 490 238657
1887 9605 226748
3275 331 543394
6417 8412 290974
4710 2421 1136
8890 1849 22925
3651 6910 301605
8061 3896 129222
2309 5619 76372
1406 2112 1208233
1676 1140 299079
302 5497 80541
3091 4644 257182
1917 3903 100188
3878 6071 200482
1290 9268 1064369
7408 1927 76245
1122 1678 103044
3437 796 810020
5378 635 653
1159 8489 513219
6202 1536 420538
7108 6531 35505
2970 3339 271960
712 306 377440
5058 2459 313796
7651 9327 337212
3870 6182 245405
4464 4989 392585
3889 4681 97823
1195 3510 87523
1423 643 417127
6553 2076 168353
8865 5184 505225
724 6315 1295701
1104 6671 119739
6704 3375 194595
1205 2643 214008
8718 7201 558752
6650 976 190368
3719 5662 68134
9483 8784 33812
3656 3109 768606
6045 4879 345614
5625 5748 177582
4260 1048 1034804
8752 7317 1724204
813 4593 645724
5213 6089 34858
5900 8838 654563
8690 5587 396044
1920 2388 23100
1761 8004 1132296
4115 8074 116182
556 1357 43521
4429 6898 1151446
4591 4261 726194
6968 9764 124495
3976 7675 256249
1178 3399 467703
4760 4185 69799
2884 3193 76596
6604 1871 510599
4412 4488 130515
4421 6239 663579
3824 175 800600
309 9859 2106561
3006 1498 182898
1694 6557 579505
8286 1030 433042
3707 9685 12324
6914 5596 116265
2953 5879 245279
8919 443 64424
1541 314 271369
531 6041 192610
1104 264 1996763
4984 2501 636539
5087 3268 22384
8596 4986 722012
8383 3698 86599
9684 3959 266406
3644 602 98302
8382 1727 234434
162 410 292096
8058 6048 513869
9479 2938 36719
7056 7550 848389
5087 9185 111802
9881 266 1071975
9501 5415 938024
6084 8845 111852
1199 8376 127687
3614 2564 36679
8089 3566 1195570
1552 2204 239770
5265 6563 357695
2049 5892 677697
4721 4780 502078
8661 1084 397594
5395 125 33271
1437 681 2726244
2282 7216 355114
632 7336 478732
5181 1933 214022
4788 2012 95634
1858 620 500733
18 8372 369746
5545 7354 105002
1880 4404 638033
3361 1641 454624
2470 3097 106536
6510 5940 57459
8728 6766 622798
2329 2782 2000
1139 650 753072
9838 2438 1277318
2507 1473 332193
5662 4775 224760
6129 6299 767445
9514 5667 389389
8012 3852 647925
7147 5150 578647
9853 8274 504598
50 6125 734013
1361 1404 551750
4869 8413 5101
879 6440 534922
1356 822 952353
703 679 1213610
3744 1788 147496
3435 5412 84466
5597 3470 435577
9327 3007 1889966
2291 3352 293271
4666 2533 541882
3018 4261 359826
3436 9294 126105
3411 1101 24124
1119 3504 44609
4967 2517 306132
8931 5006 101539
56 237 355290
8602 7149 107477
2900 6857 4375
4228 3335 177002
1305 5578 462660
1621 7442 571693
1838 6953 271847
5038 2823 483214
8338 8585 57524
9985 1257 31279
1508 4171 260022
804 7721 1021063
5992 1953 139516
759 8647 193772
9966 2399 1117415
4596 1648 110371
6197 7606 67228
7683 2605 1342596
7919 9760 803536
5516 832 421975
