244
4993 8231 453506
1722 7308 144599
2890 5901 33225
8918 2489 137846
4682 713 745381
7918 5378 205717
5885 6480 361567
6364 6774 68274
2626 4798 142130
9078 7941 93092
921 4723 162086
679 8746 115124
192 8857 68886
1241 3450 660849
2468 2188 241153
1782 3622 329730
66 5178 884553
7033 2829 123931
3409 6311 602388
471 6511 338668
510 1539 51325
7074 1768 8536
6742 2344 72244
1313 2656 951478
1267 7483 611528
3927 1987 874146
5683 7517 1294746
1326 3362 236837
1978 8972 272349
2098 2660 640670
226 3892 366798
3918 18 16557
8882 7384 38660
6371 2403 628022
168 445 561868
5701 1313 7791
8799 4095 2459
7444 1255 726183
9190 3671 502284
3707 3190 355161
1559 4337 103142
7746 9975 3516915
9083 7127 85613
150 213 171986
645 5370 379220
9813 1609 85679
8127 9944 1276553
4410 6894 416054
5064 4704 185658
5865 6503 50367
7498 9086 19652
7873 9006 192054
9922 2573 44062
7894 8488 1729328
3293 8013 417560
4058 2277 36425
9207 4941 423420
6939 5852 667413
857 3484 698966
2543 8843 340112
118 3205 131632
2829 7000 346728
7573 2279 376018
234 8899 47099
549 764 124272
3186 5937 577337
1086 9831 64821
3146 8123 692447
5974 4562 56350
2068 5491 9654
3325 7055 398553
6427 1582 233163
1756 3937 114752
8550 5519 39096
8133 4213 710042
7438 8777 205590
8573 7853 77177
1271 32 109784
3829 9185 647645
8375 4070 596018
3016 395 775071
1421 4305 150424
9259 5219 242717
6702 9540 253047
2009 3639 35795
7918 9727 227222
1250 4720 1397340
3445 3374 51748
3533 1332 303252
3383 7484 746613
6118 146 254074
2012 2681 270018
6137 1216 47921
8836 6326 71266
6929 6134 350238
1345 9021 397265
8334 7525 1065333
3121 9810 898811
3026 1640 80247
2739 8275 281403
9673 9104 174528
2663 6928 33987
8866 848 132334
9656 3748 87437
5309 6575 439607
8289 7424 18475
2547 4876 439344
1879 5409 417596
5670 77 313483
3778 8508 1127407
2753 5701 472524
6105 1169 660876
3908 8161 445746
9457 6309 1776368
3815 1985 256907
3971 4442 892086
6738 235 164872
7485 6627 104045
4425 6777 603372
8457 6337 1153954
8508 8301 63707
1548 4749 350086
2683 6696 140321
2792 6111 404656
6287 4809 372716
3327 6013 21133
8675 9893 133544
8500 7168 15431
7288 4300 664298
2959 1589 413124
6142 5998 330036
4479 1093 167638
9030 6489 1082580
3492 9741 419503
67 5593 546175
9692 7215 71684
5627 7208 932389
2891 963 241720
5655 9328 86100
6477 4539 14806
8678 6671 1016377
1363 795 31623
2847 7614 510634
4572 6158 302658
5111 8247 1068082
6701 7518 69787
3223 2148 189345
8073 8719 152694
71 364 854637
7449 8511 294497
6100 967 16408
838 6825 242761
9681 7361 799845
1355 7572 1494574
4022 9244 152068
76 4975 1391945
285 1512 105601
6815 8180 200735
5492 8725 185971
136 3629 760413
3820 2503 70747
4139 3358 328383
716 3871 458475
3451 4520 523522
7836 8574 37291
3287 7998 467476
9210 3108 733898
1949 5193 594464
4727 4524 617557
5111 2353 1336564
8439 7782 537293
4408 6063 165726
5580 8863 39546
9388 2033 939406
840 7130 162827
8128 7216 195833
7666 494 87169
3756 5617 36764
6129 8362 143834
5587 1097 1944327
9935 6158 463590
5010 5003 602925
3559 9742 882575
3372 9949 1490185
8918 5132 46798
5406 1839 78710
8175 2662 374886
6113 4869 440217
8276 6880 612409
473 7133 332602
306 8910 277031
9984 327 559136
4206 2034 403558
3289 3767 6992
5292 8787 1135962
4728 5583 528015
9828 7443 595108
6409 9891 58938
3657 6710 298661
8164 1951 755614
1569 6221 227727
8784 4169 127964
6896 5299 511236
2251 3349 89006
3245 8387 744061
7231 3736 280529
7293 7062 152388
4327 5270 100242
6734 2210 391525
9683 9141 185049
5393 9619 693186
2613 5126 270922
4498 1339 1386666
4616 5226 440680
8959 9913 842714
664 3454 21287
3957 6375 287685
812 6572 117892
9586 3667 36552
6565 3836 2727854
4085 8685 193680
1043 7834 163525
2490 997 759943
2950 1369 368855
6928 8813 393556
8002 5388 616905
5153 7161 97225
3995 9352 203235
3096 2704 67207
6982 7818 20696
8544 3623 69646
2375 632 467830
4823 2872 133582
190 7710 398433
8121 9202 45977
7829 9826 125493
4098 6108 489100
7995 5561 494781
1050 6826 762422
1051 7553 13359
3180 6527 318403
3346 4135 210670
2158 6029 2046
4938 3734 125493
