244
4521 877 647680
5697 8665 763498
8093 5384 595440
6908 5411 33542
8139 838 12374
4639 1430 191041
4586 5052 416920
2226 700 563888
9828 1894 221178
8483 575 528387
9762 2256 183113
4989 7412 83354
6162 4274 403097
9178 7841 118161
931 7369 556448
5656 8056 338837
4770 188 527309
8209 4848 229179
3 1777 861818
4070 789 1163714
8215 8474 544611
6182 5162 840410
8545 7176 278704
6926 6335 232502
7919 9731 211945
4501 4783 206096
5743 4734 88502
7526 6292 267256
3645 2127 597384
2436 1636 581261
3775 8546 124493
765 4243 99352
7142 603 230772
409 9188 1131782
7114 778 56239
8329 8856 525868
2771 9318 177788
941 6605 171929
9416 7088 213043
7824 6176 264874
4657 7003 121547
621 187 1351611
4371 6794 99120
3665 3700 277027
5159 1989 110740
2488 2893 1389938
946 7822 10423
3845 2975 553105
9436 7854 834945
1495 2805 2264300
3190 5238 2990320
7176 4859 20704
838 4582 670304
9580 4861 33333
7135 6235 151487
8866 5256 314694
1552 1496 585695
8451 119 865594
7285 6389 51019
1673 2993 207585
8759 8385 428260
4729 9390 67770
8418 3116 358581
3715 4423 273308
1468 73 69240
6754 2288 51986
5401 8119 361029
5010 1668 181436
8523 5984 306859
3271 4449 597227
4086 7783 65841
3480 661 583337
8739 7341 173957
1194 9476 803096
9148 1235 368991
9219 711 394588
7279 7855 27732
8702 8563 64511
601 5202 717345
9646 365 320688
5943 6478 415671
7172 7938 233849
4611 5119 252602
5603 9040 26471
6088 2104 89472
8809 9649 385226
8942 9483 36554
8729 9006 37634
2936 6554 1108091
7311 8874 702199
6790 5105 178172
3954 4813 222997
9616 6404 1563
7503 8315 455967
939 6807 613054
1692 1170 110478
7426 3888 933
6688 8936 1115284
2840 4538 377991
4409 6551 414760
9537 8827 55789
6349 14 107079
4920 3154 9864
6436 3078 239006
9357 6150 58525
2312 3458 58750
1044 4876 847289
9104 6381 2406863
3231 5680 40297
2404 9121 528497
6623 589 118227
6520 2883 61534
6437 3919 115265
9130 9328 281444
4950 1698 597440
2961 1050 415202
5116 2621 167793
2678 8337 1335170
2052 1294 530322
1518 832 1136732
8497 322 336107
5642 2274 69490
8887 2116 166828
8805 4517 95411
2582 7199 626564
8508 22 1204116
8695 3681 20227
4145 4590 435543
8589 8071 817834
1216 6590 14565
8457 1343 61927
1575 6474 152804
4912 7069 156711
4058 2382 584615
8836 69 1145408
5668 7548 74882
9803 7654 10230
3128 7601 285996
392 7610 263922
4449 6296 698605
4482 8625 399373
4195 6731 533217
1071 2994 415550
4974 6005 588064
4878 2 281346
2920 3368 417926
253 4710 1027183
6065 7247 190559
3336 4735 85768
686 8647 17544
4153 1487 135262
1206 468 212657
8351 3990 433377
3270 9669 319091
9882 421 190145
7162 714 150187
8116 3939 857870
1561 3907 1669699
4290 2656 107627
4070 6685 180798
7712 2177 61870
2853 8982 78875
296 4791 859290
4536 1103 786757
4585 8644 154023
4692 4523 63703
1863 1989 355905
8852 1957 970460
3006 2129 195727
8596 3163 50436
7466 1543 795306
4531 9811 653313
3805 153 14619
3302 9973 277062
4946 956 100512
623 794 53670
2299 832 346116
5658 8303 127882
2075 1671 206247
4873 3484 411424
3753 4551 119547
5872 3331 95996
1871 7589 493845
9971 5431 74880
317 1353 158991
2628 9706 8772
8203 1708 216445
3871 3661 112275
9409 4896 428822
6013 1501 184397
7312 3889 139591
8135 332 313218
2434 2820 723479
8859 9005 160670
4344 9619 161162
5032 7812 319247
2075 4227 1037181
3520 7828 370680
9419 9131 336189
5518 5011 920385
6463 3888 14917
421 2828 55445
9304 9589 1621811
3108 4647 371800
8635 6425 594696
3862 7783 1396164
4547 9518 460645
7479 7362 633813
889 1189 413626
1213 8810 348101
4839 7261 1244692
6569 3606 895804
7259 8307 379226
1359 4485 1693042
7801 3421 103019
243 7376 41589
3535 638 264452
7765 1952 695768
1362 87 83945
7648 4926 418780
8213 1242 150658
9837 6826 36961
6063 9476 493654
8181 9404 140035
6326 7379 314137
6092 5192 534376
1442 7678 338977
4714 9168 332944
6369 7148 405886
9681 2277 1021924
7082 8945 914903
7444 9201 55550
9885 4323 271997
161 2823 196840
5524 2562 373439
3659 6679 41139
510 4498 885838
2405 3079 931744
6098 5456 139486
7644 5032 241287
6333 391 183904
9147 2420 548715
6609 3279 805254
3043 2845 241902
