244
7238 553 341764
2679 2964 135725
519 4194 427813
5101 4738 346062
7532 3220 805802
3747 2718 55344
8633 1997 274606
7784 8063 105212
989 931 1123163
3873 1257 89857
1084 565 681568
5872 7033 29941
7144 5321 508481
1057 8205 25895
7804 2519 152841
1545 2650 195844
16 121 42669
7507 3729 301084
8775 4876 29975
8159 1789 589406
9240 902 506242
3411 6259 327197
6376 1466 618301
625 1543 79096
711 543 441915
7092 4796 1242339
7571 5814 744695
5 9716 283070
9524 1287 243647
3008 1367 118625
8754 8755 247896
6394 2023 271617
8204 7395 531551
8554 1804 5431
7667 9198 97778
706 1336 231304
2796 145 75310
8548 5075 1277400
6516 3321 117902
1600 266 463575
3072 2707 833628
7100 5291 56611
281 9165 711189
9666 5789 385718
6424 665 79770
7202 4948 781276
6376 7549 21293
6028 4670 1002046
7864 7580 103869
73 2596 270192
5670 6818 325144
7393 8736 245589
5511 2476 913576
9795 661 262829
312 462 459483
6853 585 54268
8376 9485 678241
6251 2911 92279
6786 5814 347586
5688 65 1348325
716 8015 435950
7475 4910 482316
6082 8770 740932
7130 9718 140661
9720 4584 1388769
1822 7912 753808
3820 4320 129437
8426 1970 164889
202 5082 603950
604 2263 462154
4904 9844 550817
7395 3521 457312
7132 189 242180
2706 2588 194021
1281 432 771446
1437 5859 180618
8361 4720 486650
2151 9717 919150
8873 189 55029
9730 3843 501322
553 990 219570
5513 1871 60467
444 6213 1105327
2212 5499 550568
1315 5596 373649
2530 2077 525953
5600 7255 1801610
5714 5331 2061528
6733 2540 445063
5116 6067 250138
3255 4145 241032
3493 3122 259610
2171 9051 616622
9844 7307 540552
7513 2351 444308
8320 8669 222700
3020 4331 1173279
8430 3176 503701
5447 1019 6650
8678 6824 478026
5764 3470 243039
3985 760 27547
3826 3615 499502
3710 8228 888878
6821 5758 362901
5383 2075 1804005
9105 668 26047
3032 1601 297445
1894 6602 139403
6891 2675 224056
4679 8776 322570
66 5344 357035
1015 1211 795855
5666 2949 12164
5392 8724 44500
9700 2144 72942
8895 6672 28869
5797 4105 185606
2536 6794 693609
5763 3912 330912
7162 7915 458448
9969 8555 607853
6580 7447 240398
9912 1026 328455
8850 1972 167905
634 3994 70066
1348 4707 165938
1539 6670 1094375
3409 5070 369446
5023 4219 536915
1142 8634 142490
6869 2115 119423
8266 278 607925
9139 2095 886991
5000 984 240633
3267 1976 79346
254 2067 512851
5159 4011 34091
9741 740 1517779
157 1396 22513
6732 9356 708098
7469 7158 649046
6587 4260 29928
4660 298 84540
5627 4329 216728
6632 2982 87778
3562 8965 699067
5048 5197 1887698
3505 3685 406995
5761 793 769568
688 956 39241
9590 6013 180471
3830 4767 16912
8203 645 295685
9578 8115 358395
8295 9690 98933
9342 6137 399367
4826 4704 142252
6912 705 375197
7098 8919 45459
1213 5811 947260
4039 3423 153855
7650 1334 177850
6829 3225 436936
8128 4954 282293
9718 9760 87670
2686 4921 168280
2365 9386 435448
3220 1096 223116
6005 9524 1142368
6080 2478 964661
8495 7557 821818
8146 9056 69141
2762 5078 230104
1929 3656 79392
6099 1282 916339
7294 1449 692597
4648 2949 85478
4145 2576 30670
3971 7492 277928
6730 6112 196935
5520 6814 174294
9021 3354 290634
4631 2784 20494
2853 2886 159836
3983 3675 1323286
4215 7198 1022107
4315 8551 52363
1015 2489 445956
2813 598 1491938
2465 7598 331885
8863 2063 663467
1003 6529 337701
3665 1947 703368
143 5220 90669
1948 4160 377146
57 3518 624813
9317 6683 10486
2255 9474 231167
7566 6995 8591
7168 5577 340890
7396 8166 106712
8112 5156 652260
6723 6137 419441
6248 5222 658100
6718 7931 729914
6455 7576 181323
4932 5843 1461445
4063 145 78860
3537 1251 306901
7454 6478 9221
71 8298 271355
5966 2886 128600
676 2688 1094
8080 5395 78358
8630 882 72097
2636 6144 26590
7919 3079 1347731
80 1287 86900
6269 7281 114435
1937 4902 666144
3911 1965 563088
5862 295 99174
4650 1640 85092
8515 3136 64224
7716 2083 395329
2993 9945 444842
2496 1612 122891
1035 9689 940611
7394 9331 200872
6723 1253 180089
5953 9829 554442
617 8221 524269
7611 9177 23656
8745 331 283895
5313 1094 11631
9462 9922 24137
9260 6627 318696
5332 7293 795959
5557 9054 220067
1763 5207 411834
4391 9139 377087
1435 1852 269304
3788 7297 815397
