153
2449 4282 27023
185 4529 79611
9338 1092 209173
8197 2858 515240
9920 1573 354
758 4451 375043
8940 9250 336014
8309 2788 1238926
5871 6463 330019
6227 7037 197091
220 5266 28028
897 2280 468491
3743 8422 48712
4617 7899 921281
8974 6877 1696000
5918 8079 214278
2923 363 881981
2695 4667 205583
6128 9424 485225
5396 6834 73479
6621 6996 58567
5311 8757 272128
1367 6767 2036355
481 3322 318627
7305 7637 476451
1726 1045 39347
6876 7715 364144
9331 4404 173974
4690 343 1285833
8751 77 812106
5287 8739 2233756
5057 3147 1562122
4460 9598 300534
9988 1068 1768404
4136 7027 2172331
6663 4482 438427
2541 147 238972
3445 8526 1878337
1090 4127 434254
6694 9969 376619
9115 1775 473215
19 4321 1796406
5490 7595 166420
5429 2478 179352
7546 9519 167272
2078 8080 465498
2680 8501 201640
7770 4275 4304655
7192 4309 66232
2988 7006 111380
9697 6958 102436
5152 5114 350094
7439 9802 256677
7185 5620 1389963
9710 1312 357099
1723 1889 21646
6963 3004 1679031
8829 2071 335836
1482 3726 1124587
8527 9973 980243
462 6548 1242520
5587 9456 93840
9358 4655 902443
8180 6852 157126
2351 7393 4361
4288 5103 442413
2198 9108 136049
696 4499 19148
1353 3303 323919
4223 4817 741472
2458 8172 193673
4364 8082 1847568
9463 7047 44775
7594 9650 1375676
1292 6450 14650
3667 9120 399342
2629 2109 337748
4605 1963 2130681
3534 7512 285252
303 6963 1664035
9439 1184 71657
1701 3428 310126
9414 5007 518908
1406 2309 1373198
4348 4978 1038157
5296 4831 1568042
6316 942 721010
2281 372 8252
2609 8812 53622
2333 355 66825
6666 8496 1356798
9717 8654 1384119
6105 6490 1462579
1089 6707 274008
3978 9146 623215
6403 6274 1570464
2222 21 3405
5066 7174 724707
7734 6375 797484
1811 794 270652
5015 9449 1006284
2817 2292 770245
7443 1310 79588
7288 7078 2634
5881 7197 7515
6330 9410 570710
9506 3888 231296
8673 2288 952636
4044 5245 301370
8058 8527 119082
4538 7954 1874261
6309 5481 279323
1362 3668 2328114
1434 7370 463056
5514 2352 606862
7791 292 864410
9463 3709 896661
8340 1629 480524
5299 454 251537
5969 9571 1275490
3426 6261 498906
1187 9064 122902
3819 8374 921766
192 5826 8800
2557 5486 113121
4414 4653 350309
5822 7722 233810
521 3628 1053238
744 5154 692649
3075 4291 662296
1902 7175 492901
5077 7958 648895
4378 9175 463843
71 6138 2468365
4061 1262 174099
7048 8166 322222
7600 9294 1822185
1879 356 1946048
8381 5517 350760
7469 9880 23069
1112 9297 1281636
3515 220 352517
5918 1868 1418357
8944 3795 231008
1258 924 315539
4568 5097 117617
5356 1862 154473
7239 4760 186443
1872 7742 203652
8349 4477 848831
1031 4015 448429
3601 9339 916967
5211 1398 136308
