153
617 7510 1233894
9183 1300 687435
158 4027 2177911
9945 4446 261368
7283 1531 48466
8260 4611 153881
8779 5365 302815
8646 4771 156731
9661 8407 820426
9851 5984 902836
5676 9745 73390
2202 4957 1072376
2119 7463 282432
5296 9914 106762
5213 3471 1394414
2150 4546 539688
3858 3609 787287
9943 844 1100656
3389 3154 775141
8521 4937 73270
2430 4103 395762
9204 7617 159734
1896 3537 618390
330 9491 617947
1184 4609 119013
237 8689 582349
8688 9267 1510806
3745 1814 937682
4506 6284 320508
1113 5526 4505
8969 5942 640883
4162 364 178701
4327 4001 1895962
8448 5754 795491
3837 2785 663949
9597 8220 711580
4178 8003 443884
6344 3007 347359
9069 8147 105999
5481 4381 830670
2557 8945 1496115
7809 8107 12753
1468 7927 898970
3863 1146 2221189
2786 178 316213
2227 3067 7350
6489 217 365124
5638 279 628601
9481 6064 519693
14 1435 1856465
7158 8411 731601
9220 4432 273440
8831 6128 774847
6493 108 3231976
8953 9224 768187
856 3461 277374
7586 2663 643214
9663 1258 262187
5591 331 501575
6112 4739 141572
3210 3878 563525
8373 6398 332117
4981 2321 346809
2098 9606 143915
7721 167 369661
6518 2679 1433656
5884 2147 997047
5651 1277 79891
9828 1160 64608
3046 5864 581565
2127 5843 687683
6566 5002 706311
1517 3571 485866
7747 6849 171311
7630 6677 661520
8534 4104 287203
8985 3529 447255
3135 4648 984477
7521 913 144712
4258 9691 2955955
9095 1672 1034001
130 2566 828113
8381 940 71839
3653 6845 567317
9795 7763 267615
7042 296 702581
9079 3870 415287
6371 9827 33785
935 9901 649129
2192 1900 822326
7655 6051 386750
6473 3936 423413
3227 9580 550831
7833 6134 1217385
2037 2447 190389
7792 454 146216
1995 6615 1230674
9737 1135 111018
2607 9709 2211643
3838 879 254978
7259 4159 247317
1793 3274 1130529
6524 2870 1188783
5933 3862 2163351
7588 7634 35937
5525 1817 45457
7359 5438 40313
1685 9434 42110
4158 6982 980612
2268 722 3800854
7230 7768 531574
3373 9681 1156400
2781 1901 407373
9055 6277 369897
9643 8480 396562
3111 3165 51228
1290 3210 177565
8619 7950 440511
4750 3684 924749
1852 4714 481326
419 6903 1426833
2685 3138 188406
8871 6573 206379
1214 3658 109444
3580 7727 566159
6636 2295 98474
9530 2309 353621
4549 6549 431538
6512 1658 198768
1596 143 728762
1285 8301 108513
6104 9904 198713
2824 3707 302973
1216 5958 201488
6799 2245 807217
7658 7916 414373
4519 4798 2273920
1103 797 194512
4486 1763 372851
3673 7244 794272
9141 1698 1326073
4403 3440 71792
6968 2595 498130
4711 2282 1600719
5979 803 829640
8569 779 751696
3331 834 122133
6727 5646 312363
2325 182 2641375
6119 9248 383958
3184 3969 461168
7540 4179 241178
9864 7444 848935
