201
7038 1566 895796
3461 2227 32403
5861 9628 150086
1554 903 63822
2496 4797 332110
1848 7121 1429967
4720 5130 133886
2459 1662 1170199
1238 2656 14130
4191 7409 16201
1754 2094 79749
8619 1372 287069
7658 2045 512886
8839 7655 1120489
9350 638 718336
7922 1706 170894
3505 9575 3921
4058 8290 201905
7851 4629 110830
3583 5026 1155330
7139 1148 193808
2446 5752 12069
9875 7476 178944
4165 3562 236729
7250 5479 148132
5370 3697 63591
5990 7825 1129911
6731 3056 254200
881 2407 345493
8297 1617 1392360
4473 5569 339387
4520 4600 3131381
5038 433 245282
3614 4420 65352
3857 6040 664380
9124 2154 237642
948 1631 464789
9369 3474 51075
6081 6642 4654
4338 852 100399
884 2255 153196
6971 6687 365141
6778 8524 793185
8477 6935 1763
2185 133 1237564
2119 1569 613977
9337 1214 183922
2839 6876 255285
9478 5443 297674
55 4493 652337
950 8648 71003
5860 4934 364080
1569 7349 833771
3263 2137 343244
7773 169 221643
431 6310 1920007
1641 6265 37956
9257 6527 258697
1938 4942 305857
6558 3114 227848
8496 1505 333082
7231 1779 2494871
5407 6007 341924
1545 8622 238878
9918 5911 630350
782 4613 28942
4366 9870 318280
3018 8488 559690
6278 1700 884292
2665 2229 113585
265 849 545501
3169 9677 115877
1079 1576 62234
8679 1791 342778
2544 6898 365293
557 7462 351773
504 421 191468
5019 5047 925665
6285 4837 50999
6072 3452 303340
7311 2404 580878
3274 1926 302510
8446 7209 435150
3246 1011 1429543
6683 7311 1786429
6897 578 552910
3104 6369 526040
3691 81 471815
5977 848 534734
5347 544 709489
7463 3577 104539
770 3401 305138
8531 9424 1231251
1783 2326 6237
8797 824 868017
5724 17 613775
6967 9074 611848
9540 2552 1093834
7783 6355 24960
6910 8013 1094041
9829 2207 592201
4080 974 585771
9327 2327 261356
4407 3440 274155
2414 1238 899
9198 4188 575156
9945 102 266331
6817 7260 1152717
7906 6612 53888
540 4452 381780
4984 9604 992940
3874 5578 905602
17 7703 388177
5526 2604 22331
3343 8307 322242
7952 4166 691394
8813 2716 66956
5578 7700 235105
156 1967 435709
4143 4314 122335
8813 2466 60360
6714 8009 1499789
1439 5744 60414
8630 8021 1376808
4948 6993 937607
5184 8742 365083
8495 8047 224326
9759 7067 53465
2289 8890 434749
4299 6480 103588
2079 2826 600609
4853 4426 1903311
5862 2459 188745
1315 5215 22985
656 2787 388277
2849 2717 349863
656 6640 77632
7400 9592 372312
8785 763 521534
7160 5657 1627816
9645 2052 606811
5208 4770 599121
151 2918 235289
3473 4190 1197613
3512 7951 175770
9489 8197 14182
5453 392 703121
4601 2639 71950
5298 6126 282113
8940 9594 1321764
1925 6810 258298
8898 6565 573783
3812 8798 1403103
9139 9172 103669
8177 8468 258994
7381 1849 290817
2158 5710 1073107
6030 3972 112908
1199 3731 118443
5986 4027 1343104
4745 3861 111539
4969 4547 329251
7861 1733 1704073
1266 6456 8784
7264 6146 469857
259 1568 228861
2280 9506 644605
8366 2790 603150
8365 9549 36911
1902 5084 1122649
1830 7314 1167398
1785 8656 368492
793 8801 291646
1169 3982 431419
9577 7783 126668
6253 9355 1396578
8087 3281 1195739
7132 3081 229980
2629 7944 247531
6377 6175 83180
7009 2317 891113
6363 6359 33613
8712 6158 684357
300 8476 127326
9558 7774 138249
5021 7701 528826
3717 8755 156987
9728 2687 884467
3822 6218 82172
8266 1191 743109
7779 9154 879721
5698 2865 344910
4351 485 28186
5077 8803 101758
4076 3392 115913
8142 645 1042819
6290 1425 826352
5578 8389 1461372
3825 6967 143311
6432 6532 26466
9166 6381 240687
