201
8559 4212 463549
7698 4700 306017
9937 7697 229880
1219 3250 628102
7006 7125 151088
2000 8090 217963
3607 2698 105007
5279 2324 10621
851 7344 1214783
3322 7362 2154081
2010 2207 783511
5509 9100 494428
136 3119 178558
3 2042 76815
7237 6053 214449
2656 8107 320933
9224 5734 310752
8804 4260 61655
3593 6377 54917
5985 3749 148312
925 4858 42389
9869 3718 717489
129 4809 72130
9308 9170 329933
0 5070 1389769
8535 8811 1226622
4924 9170 230501
8261 8619 86420
7473 293 352252
2170 6467 67223
1145 1099 609295
8290 8858 110565
8221 7762 18823
9262 2002 209657
6178 8749 486619
1819 6460 167343
8784 5438 77631
1005 9357 83718
6339 6171 21113
1360 3266 467677
9445 2020 41671
9644 7416 2173001
8967 7536 1975347
9355 4094 62192
9855 1266 124099
6986 1905 33227
716 5964 1036368
7942 5142 86696
4024 6461 78131
1987 3064 89142
3735 222 98340
6914 7752 839849
614 2073 1203311
6538 1908 1065925
7891 9689 1669531
3541 3666 203691
813 899 214589
8392 1445 887475
1169 5048 273287
8109 6526 147224
2008 7506 404147
4097 4801 441137
9436 196 827465
5114 9357 35771
5800 7786 636058
2948 197 50423
9107 1197 129586
9635 8820 19425
4280 539 466672
3164 7669 1170400
3897 1947 855667
8761 6617 919251
5749 8924 765128
2264 900 25221
7884 278 840709
1685 7437 725024
3252 8604 68516
6818 7162 465061
9001 4232 287948
2968 1294 199078
8044 6217 160509
37 3135 180346
8936 5191 514988
5233 2986 302195
649 2672 75767
1173 3565 78473
6355 345 825867
4808 2668 26517
8892 2881 166044
980 7883 767709
4197 6896 670012
3542 9628 615132
9718 9916 6186
8782 7899 1554135
9998 8817 965247
4465 2788 149253
4279 3643 124344
5715 4172 294848
2133 8402 386575
9945 9160 211896
6703 6778 599929
2608 6991 808006
1490 6889 853236
2002 8293 1471679
7504 2139 842258
930 3818 50322
4260 8117 1297957
9313 3559 344150
9512 5022 226622
7020 484 41900
6127 8445 179450
6785 8709 136727
8030 6013 125900
2737 54 473379
9716 4426 382863
7744 487 88611
2531 5966 83622
5721 2389 15360
1141 8125 753449
9051 1183 614012
7873 3577 269148
9564 823 1144597
3248 542 394894
1420 2951 1105687
9386 7268 315135
5414 7398 489033
8153 8868 94844
4562 1972 329883
9372 3715 249316
1733 6972 40838
4513 4653 2058412
7305 1909 24777
3363 3828 927404
7198 2638 538125
2068 9991 1354044
8173 6887 303751
2318 479 570574
5698 5808 1174036
7024 2735 136781
6625 8476 44641
5596 4194 274128
6820 1754 281270
4401 8057 1540
2985 9186 348242
9785 1059 865734
3457 8313 95227
1596 926 517591
5919 2441 353715
2647 255 421563
4733 1554 809912
7123 1676 80918
4891 8327 1838777
989 9294 3424
6006 2426 565741
9568 7771 950550
3852 6822 136310
708 1024 209474
9831 3511 1369926
442 340 71337
5985 8031 402748
8457 8921 2561
3008 130 1398033
4503 7039 171231
9410 4765 2589942
2208 5613 816590
6202 8735 913563
3563 4438 247356
1067 471 552085
1660 6744 596469
3673 9124 37391
1226 9813 169789
9671 28 838991
6506 15 162615
7601 5804 200404
7199 5431 502863
5854 4068 758415
7446 8165 1039340
5770 8464 704
748 3389 3016
9417 3846 1168804
2639 6573 378016
2362 9801 56622
3833 721 535434
8534 6300 194411
6571 3346 208333
5559 5715 341940
6942 3137 1402853
1686 6650 1201109
9864 9761 364144
8683 587 65319
5791 1940 315412
4909 3880 1234100
882 3733 205790
8689 7394 344137
6573 6094 863763
809 8743 273321
8389 4874 752694
1390 4237 1343368
6524 9054 799760
9693 4604 1209091
2222 1173 582326
