201
2075 6289 143933
1094 5203 353757
4574 9139 249166
6086 3999 1012531
6028 702 322887
3975 4661 324941
7390 7740 419791
2440 3332 240146
6720 9911 215471
4007 4099 460412
5036 5173 1307671
2789 188 661229
5222 8941 168331
3782 9768 317116
3555 6489 338966
635 6263 66486
1089 3414 52460
516 1195 830326
9804 4149 221520
2745 1202 424379
9530 2625 351753
3046 8412 716950
1842 196 194136
1974 2914 1515650
5848 4861 156901
6413 5081 726435
3877 4912 7719
9071 290 751367
4149 4782 88448
1480 8201 171240
1753 5553 813846
4572 3900 119268
6409 8299 626738
4106 43 670112
7521 6236 239238
350 7684 1378351
4946 6809 201335
7826 4053 669
8419 453 1474003
4174 8319 584655
6476 1977 81455
9324 7962 906893
6237 9875 200483
8282 7752 1249385
5206 9150 517478
4750 8769 853115
3417 9334 295053
1630 2009 2202645
8910 9592 97975
2018 7625 1108419
3728 6122 249813
5080 8374 628421
7283 7732 150022
8939 4313 179141
9548 3217 292135
7592 2716 443146
1855 4365 194901
7428 6662 496626
9534 2716 416659
5837 7064 839170
1545 5256 536973
7541 1656 1990004
6724 2375 627546
9915 2989 196519
3182 4484 1602309
8476 5913 474039
5614 7521 246702
7662 6857 357410
352 6620 207745
1615 951 130662
7930 708 123480
7006 9442 743304
2949 8421 288122
4247 183 203897
5952 352 1052400
8399 1542 738992
7764 9810 1569204
3398 7835 875640
4250 5357 470182
8346 8287 33100
2636 1954 51174
1800 4524 305979
5137 4364 848801
7942 7863 314089
7069 7920 251480
7427 5462 1709895
3152 72 82202
6860 5947 262846
3304 3616 1127210
6482 5092 172191
1049 4780 131738
5939 9490 149410
2592 5783 167889
7031 2123 815367
3449 4995 633775
3962 7563 472816
7148 3197 195392
4073 9307 42674
6565 253 681589
6765 5322 105950
6349 325 196534
5138 5064 161562
1803 8992 640614
3718 2220 20835
9317 191 182740
1558 7199 2233694
3525 8824 442940
6888 5300 396138
9443 3534 900389
2185 7126 24760
2352 6730 744028
8576 6645 142181
1664 7098 15785
8527 2213 42487
4198 7253 311093
589 1164 447070
362 5477 1839156
6486 8674 717820
277 389 1145431
9008 3213 320485
1744 4996 237190
1442 6274 1143534
3750 3271 1130524
7686 5879 268278
9237 7482 1220055
564 8588 1253138
892 2929 20031
3479 8065 353464
5816 7035 659328
1111 2211 599433
6446 9412 224378
3121 2582 381916
7165 1640 474305
9402 8848 269183
7240 751 799677
653 4575 975011
726 6123 281026
6237 1495 107512
6079 2149 320930
447 8417 262600
498 6644 325023
40 1624 362859
63 8935 129637
4889 5792 49265
7823 3324 11022
4392 1389 328068
3485 4125 201853
8430 3202 521653
1383 8360 164870
3665 8129 193749
1884 4454 417651
689 2713 529447
3787 9221 451351
7198 6206 1126682
5283 517 543519
1261 3576 466805
911 4072 414912
3388 1141 304881
7119 8740 1099849
345 7278 215029
2794 4887 439553
2006 400 478629
1499 9185 204630
242 7475 10985
1036 9296 218052
5340 6536 38667
2835 1295 430867
8498 2646 936955
9769 5993 209967
648 5792 1106174
2450 9752 143046
5848 6396 1011669
2481 5736 220073
1123 969 806599
6832 8177 1057073
1277 8893 369932
3507 3101 652372
590 9155 135658
4269 3868 352937
364 6943 200044
4784 1105 382960
6883 1574 848349
1606 4328 189203
5429 3463 6336
6957 5747 382383
3303 5956 703649
8215 1497 564880
5061 9175 352227
8849 6801 51437
6745 8157 553979
7355 1923 1478550
6880 2671 26037
6863 7995 2300287
3565 4125 194189
9138 6048 121261
2940 8782 446743
1676 1446 6660
9572 2499 95833
2898 6066 887895
6715 270 277194
3290 5180 26721
