201
3214 3399 517527
6636 2393 1280009
947 4746 409801
5355 3884 1424363
8949 3371 123612
7304 8304 103917
9696 3579 316744
1552 3330 111996
4854 6562 1887620
8076 8935 30730
1483 8165 206516
3211 2784 624525
1110 2072 345349
9890 6881 237092
9160 8697 653855
7817 8423 690028
8362 7138 851342
6819 2867 258303
9960 8521 680814
1327 3608 323443
6868 3181 388382
4070 9092 351266
3858 8660 898904
6004 5960 477828
85 3525 272550
9535 3991 1219340
8429 8735 687009
6479 7745 54315
6485 8678 157197
2777 3001 1490411
3717 9691 533506
3332 4031 311989
92 6754 121841
6096 502 1843515
5790 5377 675141
1016 7051 149123
2246 4563 258203
2872 5244 895793
675 6966 1552123
2756 331 515737
8105 9431 2902114
2571 2099 226250
4879 8636 443752
3048 3460 28050
4404 5168 324409
8136 366 501222
8835 3057 169516
632 8271 118651
9550 6256 131395
114 9660 395601
3041 4033 488007
1589 3482 301732
3702 5601 389599
4241 6217 32606
3553 6487 874176
4033 6754 290751
7425 3976 568422
1721 8717 407885
8861 3019 100941
2343 7438 9759
8973 3478 146498
4937 2854 926902
462 889 443851
2199 6771 791044
9361 8252 807296
4638 3466 229957
6632 6271 318684
4708 6090 559061
2346 2808 282591
9248 79 81901
5327 4547 508691
3294 6413 403413
9473 1093 543974
4334 3041 392078
2115 2146 762690
4532 1216 113152
4557 1812 95252
74 1442 19573
8482 9621 762199
4172 7367 440499
4664 2785 1937429
2906 1302 788247
5108 7309 43138
8811 534 201785
6621 6962 273435
2233 4833 539820
561 8623 785878
4406 9063 800706
705 961 799218
5442 5529 109283
6099 6905 240053
4347 7562 13908
4486 8792 202448
7366 1700 192564
7259 2479 300367
6244 6534 3084595
7759 9080 346875
9146 1304 525800
2470 6382 201471
2391 1340 107322
3323 1385 246642
8015 9844 1605752
8701 3206 1693428
5062 9216 46526
8807 9721 1728696
4490 5677 31659
3914 4814 265653
2740 3090 278250
5212 3879 709304
7669 5060 457784
2123 7271 41588
3804 367 373
2852 2440 620209
3246 1888 322442
3735 5448 9931
1858 4720 368395
4219 7227 226397
9610 237 172264
4142 7725 496031
7363 1368 136963
3336 5127 564101
1102 9915 316017
5077 4367 497676
5245 114 998081
913 7265 267739
4122 9984 2419375
9845 2957 201222
621 938 426609
3091 7988 368707
1181 6583 161834
6792 3151 2162805
2669 8808 322289
5873 3576 115818
3084 8665 203384
733 1806 433978
7517 8262 258578
8454 4571 111471
2201 2824 405563
2206 4045 531167
5183 2245 135012
2989 9248 589213
7564 3940 57816
5526 4481 481451
1096 6484 733001
6496 4637 510035
1923 1511 429804
7765 1326 107991
360 202 484374
7804 1248 210250
3905 585 14016
8236 2016 34078
3138 1324 526191
5896 72 235302
4790 2444 275375
926 8393 438775
6777 7895 642121
4665 3911 342529
5811 8404 68259
1938 7149 357150
3035 9535 417706
9426 6300 1601707
5009 6212 291008
3505 688 137106
2633 5361 83150
4826 5131 331946
6504 1261 506780
641 9462 1098868
9495 4097 391613
7135 1543 1106419
5460 9411 275596
2523 6931 180310
51 3537 38175
5538 9475 1343593
439 9589 255943
2319 3976 245598
8704 5896 374220
7229 824 321989
9106 7028 194234
5548 1781 286524
4061 8335 640228
9825 375 516688
3839 9463 307971
9163 6482 1038521
329 2106 90133
1494 3599 713600
1973 7036 971060
2876 1629 738876
7886 6415 213841
5441 911 144554
7952 6867 746989
6936 6836 808747
6889 4465 70584
5775 4909 607475
6869 6816 698393
9211 8513 19256
9562 4028 1662701
56 7499 232738
4269 1992 503091
7158 5174 17586
9863 5396 77567
8419 7496 39227
