169
3233 5424 161022
9072 5352 471736
8864 6463 1816571
6945 7323 1049698
3366 4538 185308
9856 7327 217262
2133 5533 1430804
2690 3743 1346835
6173 3438 210632
1948 7231 269803
4450 6000 623303
2991 6362 2746
7769 1220 224563
7289 842 1084449
8996 9574 2143965
7326 2443 306002
8620 9110 61578
3816 1454 69274
123 8577 1069786
4036 6442 109816
1847 5219 960293
468 192 63656
9532 1775 1873273
6988 3286 740248
6820 7534 512903
5160 5052 557830
9004 5639 154556
1144 617 610027
8801 3818 1299548
2977 4080 891026
5129 5928 100797
2482 6135 503342
714 5210 251093
2327 8568 1919636
2702 3016 1028016
4165 7838 458003
2182 6260 586337
2380 5250 344543
1207 4960 30521
4697 5364 399332
6090 7987 88309
1839 8091 1328740
1651 8340 401865
7565 5130 1479971
2298 17 1575239
7191 3521 315289
9715 7389 823031
4566 3361 1038646
3432 9138 487423
3355 494 1275916
6117 4089 1540897
3509 2352 81639
6165 3633 472016
8177 4842 512074
4313 4064 1736836
3086 7710 112402
5562 6770 586917
951 7407 1430394
7727 9321 660920
8690 200 111763
1206 8323 918938
2152 2940 195183
4896 4232 672551
3220 3058 11703
809 3577 263424
6983 9360 83496
5774 9570 392049
5449 9082 402408
9689 9829 574138
3478 2774 770905
7182 7805 2026724
3663 3499 316742
9590 8075 160180
2927 5656 495686
2027 6350 521484
3824 9174 199999
3757 5035 166394
8169 5780 276472
780 3803 2063050
5696 2515 831004
4978 6225 22039
2537 8484 644419
158 7532 140908
6746 1112 893059
6151 6607 60449
9306 4599 1027051
1284 4031 389325
4307 5614 1059692
4884 2381 1569881
8624 3592 306270
7196 8879 12503
1173 8692 568454
7638 6761 154801
3167 281 137197
3067 4784 218226
3356 5545 884558
5539 9487 1773354
5867 1884 2058389
7287 2718 530762
4640 4687 479116
304 842 60825
8751 1685 349384
7710 3098 159412
3284 1323 623753
5664 6830 804588
7241 3216 369526
8147 4743 619867
140 302 925807
8410 7911 2871410
8060 4308 381494
5325 5594 35380
1165 3910 72052
5746 2602 22053
1028 1881 706116
9373 5993 17989
9676 7529 227882
6184 6305 102179
1911 5931 446417
6227 8811 39428
6871 4820 274048
3493 1365 84448
5805 9770 563808
8970 8957 510204
8965 7489 1802441
7534 1774 120526
7061 6732 1113163
8465 9610 190125
6312 9904 247368
6174 8899 498165
5627 3513 291777
8739 8498 279979
33 1976 328248
5004 5768 189193
2979 8021 453882
500 1512 543192
1792 7502 527526
9617 5045 606084
450 9574 528180
8863 243 9946
8832 9665 2061867
8878 6034 683503
1961 9800 326071
5230 9325 666903
6317 2536 13820
5545 9431 136203
3894 8628 348402
9779 2762 1012977
4106 3073 60564
3548 5767 557704
691 5560 368660
6103 4484 169794
6385 6700 15472
6569 7709 586055
3717 7038 1134946
1198 8730 244998
8445 2616 40325
7005 1088 2432378
7954 584 32337
1786 1385 69482
5820 4258 224661
855 7143 9457
4880 1790 192849
4421 558 465727
6531 9504 94409
4083 570 662352
9522 3869 764283
7622 849 1432397
1513 5957 509742
8668 1309 210394
