169
3846 9458 408133
2824 5781 50541
8280 5548 656346
7943 9627 261643
7828 825 436583
7223 651 125410
5250 4234 1047300
3425 9180 603482
2820 7972 195302
8240 3759 181438
2113 1916 1197115
9313 75 679181
8223 7244 538625
4373 2963 184088
6005 9979 7792
8186 3079 225790
2681 3252 66061
1623 4489 1384651
2518 4737 412148
3508 6243 105385
8177 271 1402850
8652 3776 377421
4227 4336 1828653
7470 1472 138572
3234 719 924361
9794 7381 165594
4240 3686 199694
7046 1117 330113
7408 8313 1708318
913 1422 1029536
3352 5972 325819
8177 109 1002428
9677 1949 537216
1073 645 1215099
2482 770 328569
563 7024 1535551
2587 3523 234909
785 4645 1189144
1015 5814 746704
5915 7529 189379
3688 1804 1622482
537 3195 193084
3129 8996 303202
5129 3098 705079
4027 7049 313902
8970 6967 1279717
3731 9428 319100
4676 6040 133157
8224 5990 164959
6697 9490 312452
3724 6325 1385105
7419 2571 2967
213 9088 187763
7064 8808 352615
1621 4528 1215291
3761 1188 2051521
4719 6261 459572
6160 4348 837879
5279 6553 133833
2251 6072 1438863
8125 9849 1800998
3326 3394 973952
9802 5211 638923
6137 8993 53813
1152 9320 311206
1587 5835 485865
958 927 397409
2179 644 60765
2085 708 84848
4332 86 288186
4497 8452 609526
391 455 1225062
4536 4477 2524974
9554 7206 324002
2878 6837 346164
6275 3749 390012
5999 577 733522
892 3238 1087142
206 8887 389480
8790 4136 43527
1731 5398 228953
7160 5960 435510
8567 2329 60537
5510 2343 678997
2776 1251 672740
2453 1781 419803
9083 5742 426778
8675 6976 52951
3577 6374 330712
905 1223 27186
7347 6205 285418
9688 5742 745682
8802 3280 357067
1119 4089 292092
1581 2341 1331401
3874 4530 437225
192 7409 610644
8033 6254 1334035
2515 4569 678580
2199 9484 1173456
2195 7611 543434
4150 5157 2029228
4286 2826 945323
4792 839 757158
2572 7351 364103
3050 8906 346771
8975 6273 137993
4358 7282 1869929
9005 3835 329673
6911 5160 383945
2122 8698 1052659
6768 3567 1431051
2740 3135 628239
2619 9277 168487
4269 5319 201382
5394 2347 500642
8471 9924 588278
77 183 124316
586 9579 256445
8108 4448 172164
7623 4547 339817
2297 5309 959733
2473 1062 16201
8003 6978 456002
5426 557 63740
4064 9702 626164
8932 7373 2507512
1705 6735 1594504
4291 5172 866699
1011 3576 31507
6947 7475 973
3810 3059 198826
3935 6469 161510
9649 9946 519337
7732 9004 243600
9791 2545 168571
3017 6676 670402
742 4688 1073844
4083 2260 95852
8786 9456 176152
2566 7820 502612
9830 1308 202829
3788 438 44860
4624 2910 81329
8251 3786 763372
1599 4128 1295169
6005 7196 484570
7495 3685 597808
1460 3496 1963216
2933 797 672260
1419 589 1072282
4888 5857 1524674
8785 6205 907839
3352 7166 35897
3514 6349 63581
5853 9463 402109
1345 923 188133
213 1331 137497
6660 7074 4547
1258 2877 250884
9814 6129 209527
9727 8036 792315
7112 5829 671357
6520 8921 132951
3341 3950 7506
253 6571 678913
2279 2966 671916
7739 5351 123421
7557 4239 975830
