169
8259 946 207545
277 1558 1338933
1328 4095 619450
9142 8397 26355
1406 7060 32780
5226 1885 500039
8052 1095 211794
5230 1951 904049
3747 602 266968
7280 4097 571590
4832 6046 157640
3389 5539 1451925
389 5309 352184
9800 4844 300368
3693 7237 47403
7637 4953 1434993
3904 8029 1045061
8514 4194 468924
5555 4983 525082
2210 6709 2015565
2703 5574 25958
2465 5038 62194
998 2034 1412501
3845 7527 39029
6105 7354 475419
5931 4208 1083844
4328 1167 444851
7184 6441 325043
7508 5092 572014
8667 7394 229400
2178 1277 40883
9904 8746 136324
9747 5447 652999
609 5415 551378
9221 883 506675
2552 9254 970455
9072 7059 1191398
424 9424 606313
7556 9951 1290243
7090 4655 723530
3854 2655 83609
8732 5926 730399
7081 2656 2266135
8551 1460 218771
3112 3820 63812
7035 7598 296818
9687 9035 144441
6932 6046 301442
1558 6160 208557
8398 19 272000
4483 1181 544886
3215 8357 291624
3605 9827 263839
946 5481 773011
1514 7887 559686
3710 7468 1895
5177 5341 24732
8470 9586 1412914
7356 5819 405367
9151 8436 1228466
386 4940 57261
688 9661 118939
1608 6913 184967
8132 4510 339083
7986 4184 70963
9267 1253 820196
1448 8114 192608
8347 4443 1540573
235 3984 1869653
120 5923 542451
1915 2095 278483
5729 851 356588
440 9316 114852
1051 1160 1837023
7959 6519 328989
7016 5147 1662953
4718 1434 24894
3957 4089 33614
339 5202 179349
599 4179 245210
9928 587 922270
3541 4043 1168261
9817 1053 1245339
7173 1420 45787
6379 5403 350582
6654 4589 321516
3104 6151 2567691
896 2603 292830
9799 5712 471454
8181 5230 551596
4673 1637 339532
3746 7853 916308
7185 1521 105473
4285 8322 221981
9816 93 1298895
2751 1835 443529
1874 3967 3136901
1574 1563 60200
1393 605 442135
2798 6823 886577
9165 9404 189194
4847 5344 1256934
192 6885 224794
4205 9517 736718
9262 290 330421
2109 29 495378
9340 3128 401089
9280 3773 734474
3362 3944 1604128
7708 8848 537100
2886 9130 207576
526 8724 692004
4817 1643 138554
9986 6917 154442
8521 4009 1020449
4982 3141 72365
922 8083 221278
9947 9490 651205
7852 9309 145570
154 3359 915725
9089 7615 785929
9408 7363 380114
4707 5971 3247
425 2128 355126
3740 8710 3316942
8302 8493 643914
3510 6403 1451290
150 3662 782910
850 9918 990079
4401 9080 749715
1196 9381 209738
8427 939 450200
3542 4739 202928
1503 7204 293790
4752 964 308760
453 2385 95368
7240 2386 910105
8825 2509 59541
6386 3532 1658895
8655 4214 1081870
8462 2207 388312
3988 4069 1453140
6962 2293 171910
1246 9202 235117
1585 7623 1400088
5322 4191 889681
2742 4050 125578
9037 5690 576466
4013 1985 544211
3752 4424 132050
8565 6842 76698
9842 6981 726815
3479 1946 42602
1070 8573 72263
4526 6818 453019
4569 5895 260094
9142 2177 610612
637 5991 1383542
2617 5599 235301
348 2844 65091
737 8778 216312
5324 7931 2175
3723 8073 57592
932 8525 634946
4652 4752 22276
9783 7111 174072
3491 6746 86259
7780 40 12946
7895 3449 2991964
