169
3435 8601 500138
5270 5944 273551
6130 9539 1052595
4080 1083 596403
1212 1488 1496089
7963 168 353153
439 2971 1295568
6682 1077 238962
4850 777 938554
4926 4054 965229
9624 8468 679207
2651 5884 205894
897 4359 369898
7394 6881 480067
6017 6668 1852705
6403 1868 14038
8764 5733 635296
5699 3365 7996
551 8658 128140
8875 5543 751075
3174 6580 503788
1933 6551 617806
1983 438 835836
777 5114 384429
93 4816 1359637
8561 4768 157145
6003 4689 1386849
3481 9922 905163
589 3494 1174444
678 2960 14426
8715 7124 1220418
6258 8571 262908
64 8869 1434378
2136 4327 142221
7487 8729 686652
6312 8618 917185
1744 3842 32951
1317 1342 144687
6243 6993 75871
4034 5292 800909
2 3307 354569
8526 1153 486657
3963 6671 169092
1863 2591 70523
6370 374 66777
8299 1811 4132
4169 64 2159701
9216 93 590598
989 4047 132273
1332 4324 645914
8204 5252 1077078
9738 2390 1102040
8443 3809 114804
8133 7786 219888
955 1029 91624
4944 4267 106441
943 6948 496153
8925 9957 985120
2401 8117 2436417
162 4876 2191478
7339 8697 69492
2320 695 869342
4412 9579 2119202
5308 7093 777135
3850 3756 342733
7983 9936 169556
4849 4345 431496
5857 2569 124000
2131 9119 215639
5884 8466 2509
7341 3040 811461
8257 6596 273265
4214 1585 310052
231 2976 261516
2739 2214 613684
8271 9375 764568
9240 8567 609730
2562 2921 79360
9243 4876 608577
3632 1352 3477
522 2970 332021
7784 3749 495695
5277 4869 1117205
3852 6366 218171
4748 3399 116679
3687 2257 368211
9075 7632 83848
4833 8231 976455
4635 1645 165894
8962 5578 112471
4112 843 281704
889 3237 191441
8609 8045 110798
1438 244 99872
220 1997 498342
9132 3161 427316
1365 932 200085
3696 7899 548139
2384 4130 850699
3513 3790 502334
9151 7680 64305
8119 631 627823
1270 9868 1944781
1529 3638 1341751
7090 261 434475
4876 9131 773745
112 9550 536212
3309 2641 299983
7733 694 53935
6165 7138 195827
4441 9756 3546144
6575 9208 355728
8816 9142 273990
3509 2608 511602
4355 3600 101095
9538 8543 1355258
6340 5907 255197
9300 8178 447264
6910 6878 1701938
5074 5529 426218
839 7498 402246
8936 5985 3522
392 4294 1699018
9803 9757 340230
213 9127 2883371
1490 2099 662961
4607 4406 88146
8420 4109 71808
6540 4598 351630
3110 9524 110831
8687 3004 609684
3726 7107 315376
5007 9494 483231
7223 2015 151396
1734 9643 999254
5906 9782 1119850
2659 5764 53488
5828 4003 239184
9521 4632 1246360
7915 6888 151796
77 8292 661825
8295 9061 227869
2226 4060 133067
4418 8862 1168528
8934 9777 37607
4048 591 920904
4861 7086 176783
8733 2428 1276491
8794 8609 133170
2555 5199 65448
3652 2342 327342
5651 6496 596530
8450 9144 839184
821 9400 732044
9449 4535 13961
702 7733 875061
2329 207 11217
2635 2549 72229
8013 1271 23453
830 6480 1556907
35 815 244175
7350 9403 468311
8061 6113 1039687
1420 4029 205044
1 5302 2672313
7912 7694 496154
5784 3815 479611
7319 7545 563954
5340 6957 202764
