141
5412 8014 948072
3352 2706 630060
5312 4719 857770
3866 4922 963791
418 2063 61134
713 9492 971010
910 7961 530343
230 9200 228729
3106 2257 911082
8414 859 365699
360 7946 1337610
7669 5158 2417051
687 8371 210795
1323 6503 1045948
3152 3157 771110
4380 6942 210681
171 4 2833081
2122 2979 933201
8705 1714 324297
6012 3823 948234
5008 7827 1967008
4393 107 371087
1448 7355 1417456
7827 2728 539506
1395 9055 2036721
9769 8722 1183149
6447 4290 114611
2061 6122 926267
8592 6496 639069
7220 8749 703439
9735 471 718771
6117 1903 742561
9768 2002 809322
437 8573 38465
5102 6091 325352
1423 5663 361311
5546 9800 1678325
989 5824 193097
6657 7878 4080315
4476 247 1712241
7913 5126 817495
7925 9306 216639
6555 9280 237833
713 2306 400882
7445 2295 831991
2133 3422 1373834
7438 8619 168060
2662 6490 6457
5819 5660 654985
5737 1963 2233124
3694 1507 605504
4861 3429 1945316
6286 9054 317812
1725 5255 371239
8451 2129 710499
4332 7490 620982
7062 5491 878699
2062 7209 495905
1147 3813 724815
5827 1060 4776
6932 5862 327667
769 3087 1067061
7732 9623 597550
9043 7944 1555816
6253 649 705104
5936 6606 327030
691 31 468953
4052 9469 30761
3422 5487 92015
7764 47 167912
1197 2997 255734
9955 372 469800
8333 9298 639882
7505 6410 1024284
5193 1194 20212
6169 5921 152401
6494 5255 831059
7029 5172 465936
2705 1578 94713
4377 2629 1819777
1635 9862 1573365
7915 2623 966185
7656 1730 198782
7962 8936 658743
9137 3444 406961
6143 9061 141959
6651 9030 177556
6456 8657 3138472
9795 4621 252633
5591 2002 270415
7877 1587 122633
740 8655 371555
4277 1933 352059
1759 1363 1522193
2909 7685 201306
8049 1663 28274
6972 4061 1669535
8005 8815 2066772
6043 758 1054261
496 7979 40738
6071 3661 560285
4443 3940 618655
977 4365 858284
2345 1180 236977
9233 476 2626976
2536 4258 719536
8789 2089 519589
3225 2158 387873
9084 4001 184776
3850 8419 347253
1429 1266 253494
5156 7463 685575
7922 7584 20403
25 2888 429275
1210 1123 245904
8638 7533 125571
3709 3264 172940
470 7451 1086414
4170 1878 1588252
2821 6142 78528
5298 9082 226289
9891 3233 415329
5000 4567 73316
2743 4421 493110
8137 1680 85385
4553 140 347014
6486 1787 32866
5773 9737 821674
5149 9262 2144142
4924 3776 34694
7130 2255 578940
5465 566 311645
2376 7724 587228
6337 4975 809585
4951 9480 465350
840 6365 94210
4259 7249 881
9162 9664 1804535
9462 1153 289746
5812 5729 604102
7492 6672 30717
