141
7689 5598 2022111
4778 5017 958831
8048 1626 361941
2422 5288 256711
6632 229 153060
9795 4037 250173
4117 4066 138317
3176 8215 42005
2974 1090 277676
1142 7619 189669
5038 1065 1444490
7209 4689 645113
9327 850 276395
3641 3290 243843
9714 482 81642
8293 1731 1118972
5897 8506 374470
8607 4208 496542
3039 9561 1872164
869 2864 119885
9623 8040 166273
78 3910 1425499
7661 4504 1922391
8150 2724 621787
3333 7241 881480
9571 3116 1609418
3321 642 304698
8113 9026 328905
9576 4769 224691
1558 9577 655197
2612 1239 1435903
9831 4664 492290
4174 1435 302050
8162 1989 159492
7527 23 1637676
8210 3127 1153876
3941 3572 196772
3512 4129 1373306
2512 744 140565
3769 9062 114086
8788 4922 459276
7681 2245 1990263
8758 988 1478613
6368 3945 66087
298 2002 891291
3944 2866 2514004
4604 6875 693085
28 3304 819068
9593 4349 229623
9559 6806 511984
2874 433 315766
458 6721 1691317
1520 7956 808907
3540 1313 338385
5239 1323 270198
1493 7479 269614
9072 3372 664609
1814 975 442517
5076 441 798810
4095 5076 2841258
3646 943 754060
3364 5285 384126
5682 4057 2246070
5027 5545 434185
8067 8328 1365168
8761 7049 365540
478 2139 182613
4430 9579 275535
190 8413 493049
6315 6130 770676
2490 3231 1382062
5623 8319 2250676
5647 426 944978
4012 7529 249870
9659 1633 354125
1588 2345 461652
8870 5885 8380
3736 6637 150077
9288 5515 174713
6286 3618 884940
5044 1735 398077
6891 33 615527
7787 5644 569748
3629 5127 3126
1868 6003 154832
3660 1043 1582800
7980 1521 659613
376 5019 291846
5834 7903 94222
2455 979 1286788
3983 1309 8702
9379 9159 163939
2816 3678 195314
4936 900 425348
3582 9142 78685
7351 4414 38514
6636 3485 861182
379 6646 1152027
2353 927 608677
7980 4421 940199
904 2619 413075
9539 7762 280095
3682 9716 43565
9320 3215 797558
4796 5192 228855
4722 2390 495519
120 9250 264501
1239 6102 658019
6331 8370 846871
6708 7630 2363414
8653 3199 18162
9750 3251 435031
7591 4955 1165410
8284 4748 479584
3251 8114 992959
5584 3080 1185359
3620 8458 686140
4686 4539 367317
8023 9963 2091796
433 1304 114351
6691 4006 82128
5559 3018 225104
6971 3917 610798
7060 9808 115650
6025 4636 210361
7983 8617 74945
4876 2522 1368218
7578 9322 27331
934 8260 1927202
2611 8926 430170
7114 2213 219318
5556 7961 243356
9591 9226 2337274
4117 9875 118650
9394 3470 1365422
3919 5867 95566
7861 5496 716956
7954 9987 3651525
7864 8216 844853
2795 819 38850
2109 8256 2542041
