71
8665 5778 966446
7595 3677 1201188
2428 608 171948
928 901 1910108
3930 6664 2923118
2458 11 3693279
5427 7434 580452
6739 3107 881423
8770 7298 772799
9990 2478 1680651
5356 4577 1822133
8848 2732 28287
2514 1380 2936639
7693 6668 1920802
887 9706 2553528
5533 8177 810407
8561 1495 44712
3273 9690 943785
7319 9392 2932217
6793 6482 1853773
8020 5347 485939
3266 6947 33443
3453 9354 1008400
9701 546 282273
5935 4529 2080583
8191 9113 2188860
5158 4146 408781
326 4323 1063173
6240 996 2540271
2930 7784 157057
4606 2820 463270
5818 729 1188994
3828 7179 438859
4560 2233 324110
6859 1982 392293
3776 6370 8628845
332 1730 555459
2999 8095 295845
138 1420 328329
1361 116 886412
690 5797 263267
5137 9209 2924248
7060 742 656213
458 4797 1175126
682 3458 2675302
3507 8118 2168973
3468 849 2172547
9051 3253 889905
5276 1017 1668724
724 2289 2910388
7085 682 2498033
6668 251 578464
7774 4341 1676917
1678 2513 7929405
5528 4571 1184461
9002 4083 758670
8250 67 254211
402 5925 2350807
9550 2514 2274467
6513 4045 176967
84 1219 496962
3063 3718 699103
2748 5523 112048
5357 3874 50963
6821 231 552826
7488 1832 1922782
4866 4646 72802
243 4393 1442472
8435 2027 1101658
795 5004 841239
5283 9555 1141159
