71
9782 9009 323976
9988 2720 679606
4498 1333 5553886
802 3977 1182793
9363 8357 111498
8098 6939 408440
1905 1043 2604506
6884 1234 1247516
8159 5682 1983572
5307 4096 61071
1562 6243 2117071
4441 6799 1971187
5559 7580 1010497
2636 6455 223667
1914 4362 128663
2173 4941 322177
4748 1516 566831
4084 3826 485739
4956 1010 2159788
8309 5581 414768
2764 8396 1292081
4260 4441 3806682
7783 7883 1858807
600 4943 1400840
769 9746 539855
8186 4813 478222
7322 436 993177
9327 4085 2275706
9964 8533 2046989
8440 6302 1590603
2175 2839 123778
2075 6805 3883458
9813 5110 1110777
8594 8298 543270
8657 1319 267957
3798 3476 5640522
2647 4454 454427
410 3512 1580861
8645 7413 395445
8812 8451 249250
4876 4196 2017658
5332 3609 747073
9208 9286 221028
4600 2429 46535
2998 1877 9141
1608 8948 3650590
7234 460 207726
5937 2983 272515
7775 7710 1543570
2057 5619 6126181
2221 1260 2561750
2155 1078 434727
8561 4853 314431
458 9283 17407
1408 7952 851941
1308 5696 2465407
3540 2370 1998538
1571 6642 806701
7964 9401 326943
8413 4504 460246
9646 6619 1398668
5616 7978 368910
4914 2728 1037193
361 7410 2979142
6037 4696 1897470
8693 2004 92842
8149 7795 1347297
2399 1947 854126
5013 8669 2312558
8659 4813 290695
4675 9807 8251032
