140
8917 1094 884489
8888 9200 500530
6762 1887 399263
5220 5206 2302251
2702 2504 348047
8039 8668 847883
2703 5249 58278
475 7768 99760
8117 2824 314479
5482 502 548372
2450 5086 83100
2893 3145 506934
9478 3328 757405
2840 3112 76711
1002 5256 250475
8754 1787 449357
154 862 270166
6223 864 10306
3297 3878 677209
577 1908 311885
4999 3503 1156747
5285 619 132380
4371 2909 1402935
6000 9935 26758
3705 3952 340604
8727 1306 197386
406 7620 920734
7153 6534 297398
5300 2360 183233
280 8676 1988074
9928 6511 1663083
5085 7899 860990
5556 4297 365382
7089 6165 326233
9199 983 360603
8782 3973 759291
9310 9406 630551
83 6702 1640242
2046 8181 545707
3047 5466 1929382
4886 1493 810098
1535 837 267032
6929 1739 1063246
6060 570 68481
6331 5902 200601
7359 2804 15849
1726 243 464171
5020 6747 627536
9986 4253 581781
7294 8767 80015
8093 8909 118617
6413 681 200034
1071 2951 512560
1694 3264 638490
3249 6350 2053910
7165 9357 126162
6425 9977 1718821
3255 3571 865614
1444 9666 279516
874 9238 903147
3053 1689 678624
9945 8984 444213
8416 8233 48944
319 7350 55736
9951 6918 452950
2933 4238 950445
7170 9271 924077
3295 3517 384771
7868 2946 2437476
8533 262 1812787
5104 4268 350774
9646 3526 371846
1749 3725 324034
5556 8998 1380715
5028 1108 475180
1128 1183 358167
4800 4832 100757
528 3314 813471
970 9138 144370
8694 5533 2028307
2810 6105 1319656
6170 3091 213423
2283 5394 1071236
3858 3785 87399
9649 9595 6226
8033 6105 629708
7554 1135 4579270
2833 8803 42420
764 5059 511972
912 4270 135202
2160 4086 8180
1885 8937 222177
9596 9915 269819
7727 1190 840125
9542 8791 514837
936 4644 176721
5933 9957 1419834
3886 611 103755
7934 6158 191622
751 3408 78413
5367 5885 47471
8901 5903 285235
2535 6489 658830
3615 4982 348924
2230 1032 793633
4543 7252 1735538
9695 344 2806511
3281 2252 63893
8758 8174 271113
8229 5913 419588
4219 2868 1619637
1549 2924 708591
1835 5557 449538
7018 1415 746117
9133 9918 48346
7541 9028 597089
4665 3650 1206022
867 6074 2782962
204 4454 298954
3483 8027 106345
7428 5577 290568
1663 9577 1536260
4810 4212 451408
6428 4351 205861
5867 8077 953953
3601 1632 158579
3169 6159 1093129
9852 771 1216064
608 9885 801485
3835 9702 11215
1776 7076 1759544
4005 4094 4264878
611 6511 118572
7203 5623 186946
9404 4971 12781
3155 760 1069490
6122 7843 931282
9977 5313 1029151
922 8490 3395846
383 7403 538718
