140
2867 3793 836998
1935 2861 390125
1441 2605 1160106
9341 7054 567032
2299 8399 1545768
3981 2642 170813
263 9106 372086
2462 8689 52174
9540 4038 2241162
1232 7246 159090
4387 6339 128107
3962 969 854233
8666 8435 113420
4506 9525 361882
955 9305 2089315
945 9543 1512966
7124 9842 2366
115 4829 1361568
1862 6234 373606
161 2741 1301638
756 3316 2215745
5077 2651 1440223
400 4691 28773
1580 7104 825026
2027 2299 491749
8288 1298 1301334
5191 7090 345117
2347 4993 810701
2385 1541 1195808
8367 7652 228957
9822 7349 264164
9725 3812 334365
7544 4456 2482753
3654 6341 1220277
8060 1506 1622834
994 7859 232487
9987 5728 304492
3722 3255 1838890
3995 8749 1039727
6982 8116 54833
5279 2395 2164877
3442 5424 143655
2048 121 1473355
2668 5025 800999
1073 7454 989368
3066 5229 44393
5304 3420 559334
8642 5652 125805
9788 5441 585009
4278 3056 568684
2052 2068 780590
5905 5775 781546
7043 2440 2927527
941 7517 59953
5249 4999 1037743
8555 1398 1377116
8402 5240 701326
87 8123 103719
5572 2873 257835
3128 3535 496310
4423 5054 1482308
9975 9808 655548
9153 4359 46710
8818 2309 262081
6584 5308 1216925
2473 1202 313010
9885 5703 402886
7104 290 352397
6595 2462 1011945
5107 4751 132349
3915 6457 816115
8600 8898 36152
1124 6989 1597598
5508 7181 553965
9119 7614 672974
3294 5747 541984
7923 7885 296661
4319 432 391751
6672 2044 1487844
3171 5115 57228
9410 6728 32648
9539 1059 381624
1455 640 250636
1540 4348 1640175
4534 2096 2484555
1006 5327 1249351
1598 9897 14223
3610 8703 308308
7256 5735 363561
5843 5415 202720
9297 277 283469
1774 7793 241911
2869 891 712748
8969 2541 783429
7376 2223 182983
5709 1130 774604
2728 2884 1446316
34 2283 134102
1688 5523 593501
5855 5591 452075
125 1654 109076
6835 4516 85955
1989 1113 2036278
751 6724 174941
821 9974 212189
4882 3053 762865
765 6987 658112
2157 8910 2323653
9756 4294 500101
758 2878 44906
9367 7904 133667
4774 7064 654829
2837 9355 1726989
3208 1949 1010672
1704 2099 876727
4496 8999 887829
4882 3224 407710
874 9515 796407
3285 2719 500828
1309 6376 1206649
6155 6381 283329
1779 6531 1453476
7371 9051 1269912
5180 2285 425122
662 1401 322550
9758 8510 70192
1502 4521 260485
8166 2469 650390
876 9689 231029
6030 1147 186513
7839 9074 991950
5830 8687 193911
6771 187 1276249
4037 2323 415948
2477 4002 526624
4916 7095 665130
5477 7996 95595
1153 5635 22416
8981 4093 776797
1011 823 58775
