140
3669 3157 240798
970 1598 319396
2336 41 2186183
8433 7621 1306494
9787 7884 353538
2385 4645 382754
7342 3357 820900
3329 6645 476142
2476 9816 978704
1751 4675 1347947
2788 4156 861274
3788 6778 371030
4679 4327 1317232
2662 5510 26439
9506 4405 12816
851 1033 57728
9581 3159 122308
846 8669 438806
229 7132 75962
5697 1269 290360
5469 6180 171322
4566 2957 2123620
6994 5941 326656
8866 7465 431878
7015 8531 799807
5026 4285 586639
5174 7402 1957624
9695 8721 993265
1833 5865 67320
935 7868 1031925
5362 6236 10912
809 8224 587403
766 4812 1229246
6879 7041 225649
505 9885 127675
8498 6646 1918021
2335 7036 278355
137 6419 627180
15 6180 871831
372 7512 500495
6201 8556 1688575
3492 6191 2562580
943 2213 26752
5668 9478 587735
7979 6532 354921
7697 4390 589624
6959 9176 57
2473 7374 1627092
3046 1246 694721
933 113 339926
4383 5533 1072111
7838 6366 379030
5030 53 57550
6252 6606 995834
4189 9384 770814
6161 3634 406240
5498 6425 1246463
9255 6587 122974
3646 5271 448482
8426 3376 2592705
9549 7427 1043958
1770 3970 73956
377 1903 716729
2940 9482 829097
6959 6252 317527
6846 8526 447270
404 3752 2716163
5850 8167 175342
35 1441 606211
3650 2721 249888
4191 638 1814069
7931 385 703595
8742 5122 351675
8940 8290 917105
5472 5182 315739
4102 4117 62849
9222 7428 381722
3326 719 4297236
2183 4870 290687
2564 8525 111249
5085 7624 689818
3992 3288 622742
7364 750 9389
7874 8523 99831
7779 2469 1034288
8130 4063 188321
5763 1658 3820
20 1473 191614
6838 3108 3415825
1962 9281 36939
12 3027 1755527
8234 2191 258391
7694 9006 67518
6091 8731 433666
5679 9481 455585
306 5774 890784
1758 2510 186033
4825 2045 42074
6843 9394 341061
5488 6574 2310081
6041 4557 643479
8863 6490 748276
5660 4100 1420
6918 2382 1323367
1543 5321 792772
5844 4433 602253
7316 1888 925109
1517 1707 413200
7143 4800 191427
8416 3674 54479
5954 7000 2126452
495 9512 677327
1569 4778 467734
6324 4960 426482
6619 2973 600398
7140 1625 140406
2431 2494 1984635
191 4555 301880
617 5993 880108
5404 3179 63858
2969 1337 69493
9206 7352 477630
7529 5630 42120
6051 5906 1186667
887 9072 220573
7043 96 2851680
568 8081 542124
7918 3442 800776
9844 4183 1406743
2810 5125 236935
6895 5569 152202
2899 786 437759
9230 6888 604063
7808 1824 600561
4561 2008 264141
3246 8603 488267
4743 5725 2096837
8034 3830 676036
1782 4781 338993
3637 1695 268144
