140
9137 2893 143097
9877 9323 1091455
5881 9518 250277
7303 9119 357878
6674 8959 581851
5907 9716 438000
4433 6950 287973
597 7887 210981
1025 2873 1215192
9407 2980 1522612
3913 902 517890
8770 1790 261141
2971 8588 399980
1446 9096 937441
5731 2877 75707
4710 1435 250916
3632 8087 923937
9947 9760 35641
7421 5453 240305
2910 4398 173482
6389 6192 52347
7932 8394 2825482
9983 3929 1991064
8093 1019 13781
1461 515 164927
3831 3431 174770
474 206 1045750
4682 9837 349361
1992 2546 2356150
8604 8379 3208018
8224 7562 534607
6800 5654 1184843
4728 1622 458746
9591 7365 51218
3942 8862 112799
2876 6505 1392622
4564 5658 889463
6225 9126 274449
1551 9424 501498
2059 8532 251734
6882 1929 296295
8496 769 81881
8710 34 244287
7054 8911 721083
6144 9044 583071
8778 9775 720838
7588 3205 53715
9815 9859 880878
3471 4652 411716
7703 6983 3471154
7170 8003 755640
7996 3406 106124
2416 9287 1293582
7655 7525 296311
8075 9091 565961
9355 5648 31825
8123 4814 419848
683 1766 2154486
3702 3350 178486
5412 7873 78408
3513 7577 259471
9103 524 2739059
1751 9600 1189762
9859 9390 667878
7001 9090 432582
6691 1951 235492
8680 4350 1209943
6504 4196 36111
774 3566 735455
3095 823 1337452
9311 7643 100684
8962 5412 234598
3462 3503 215226
3087 8181 4926
3724 8504 271817
8010 4760 1769693
4099 9297 948667
6312 2543 2318524
1623 6702 19361
1730 1917 1127857
8122 1644 896377
9128 5675 689382
6130 5303 700120
8695 5721 233877
110 3523 85291
7172 5943 828512
2162 1932 56585
8439 641 478846
4370 6063 57911
5517 504 136327
390 702 975423
3908 9603 225372
991 9151 1636974
8900 4524 591491
1878 5902 1213302
1288 9528 231827
7954 879 1730770
7563 5663 2284156
7721 2542 1051750
1443 7577 281765
1607 4160 447583
5706 6709 1285068
8739 9226 16706
4191 1668 371831
5873 4542 1039625
3122 8523 124686
4199 8189 503771
4931 4497 713342
6727 5207 1037108
993 9368 360959
5259 6540 264469
9376 3381 56780
2429 1948 44039
4836 324 277229
2489 6097 123652
2079 7136 160427
7245 8209 288312
7376 1192 393565
452 9545 790783
9488 1884 697452
882 5831 406595
251 8635 3448973
1933 9758 437515
7683 3332 1126962
2916 2025 962210
7582 6569 165816
6483 4121 2199071
5948 3956 137478
5615 3718 877125
6128 4412 937682
9051 9452 956251
1733 1368 1464959
8962 1834 327547
1818 1581 701021
7389 5839 1680346
7784 3838 799222
5902 9559 752371
3466 2279 982348
564 500 1047997
7960 9349 255534
