140
9297 9576 1372477
5803 548 2391000
7343 6857 284516
4335 7076 246405
7767 73 77883
9433 4756 92416
3669 9934 71074
3929 8035 200580
6002 3270 1189951
1716 8863 509539
4164 1298 2078977
3505 3263 2427370
5088 9288 932592
9578 9269 258389
8138 1073 1660695
6347 4210 57023
2169 8096 34542
9503 9826 79136
2503 2819 143162
17 7321 854651
7617 2189 435640
9526 8506 913446
8591 8499 629859
9171 2349 982591
5175 8160 252646
639 943 863993
1895 4735 128746
3381 9171 1834817
8554 1130 56064
4944 4851 1040050
288 1787 224375
6920 8104 2919428
205 2372 277484
1878 8849 801498
8484 9264 891827
9299 9994 243123
3787 757 521292
1657 9121 975376
2756 5831 61086
9475 3593 425763
1578 6632 880423
3543 7461 1412476
5111 1873 896093
5763 2540 74494
2056 1306 282266
6780 2953 894550
4780 8712 473977
1911 3807 115135
4587 1007 1114861
731 8618 217770
6258 8070 661920
2314 2506 1758365
2607 1351 56718
9424 3939 40585
7350 7167 145184
1676 5560 53219
1695 7033 94447
4724 3893 217572
9616 6980 2527571
493 2226 516172
462 1418 352474
5684 3704 1082182
7686 5732 663674
3657 2124 593830
1470 8670 370435
9296 8550 30773
748 8039 182009
710 2473 239457
5552 3712 199285
2366 6119 869500
4084 3475 53523
5177 5847 810364
4059 6705 206089
3353 3801 98664
8722 2242 1039334
3618 1147 1192068
62 5187 3991765
6449 915 413207
9272 5838 1269534
9259 1271 170057
5649 1829 99531
1074 7966 2393686
4524 8932 390350
6315 8595 241267
9270 8478 63704
6190 1721 392675
2693 1452 597306
1568 3448 263927
3795 1426 422085
9910 1891 775747
1497 9073 532982
1570 8900 2076604
801 4173 638503
3854 3856 801183
9734 1981 585789
3617 1102 188374
7826 8513 440215
1219 3553 442044
2003 1659 1337574
5524 472 66286
2745 5205 133877
7447 2356 564283
6729 189 320560
7542 8191 215511
1425 4032 316116
6568 5360 14241
4296 2274 758106
5796 8588 755496
9922 8335 557363
7957 3424 1326955
2692 4186 1040508
9743 414 1028977
4564 1838 77235
6703 9390 3455903
8361 7724 53537
4670 957 30299
4210 8066 714202
2566 5745 2273871
9932 2128 1095389
9553 5511 964843
9599 2984 361788
1585 8494 1005362
2051 4418 1253779
4659 2373 787415
3098 6439 44819
1112 7376 200023
1777 6971 1460194
6400 593 810927
111 4007 76575
1182 4040 264250
2251 9247 491191
6885 9171 2396122
2675 8596 834486
5770 611 370626
1844 4090 570859
5532 1723 725238
8490 5843 70037
5726 8813 1494846
9110 8719 858081
1880 2079 1772774
