52
7524 4643 472321
202 4841 242567
2569 7933 168281
3200 5719 147619
4250 2757 418025
4657 5424 813645
3738 313 2918335
3927 239 1980191
2940 179 3237259
9779 5615 4393360
6844 4401 1820210
1300 8800 9952
7574 7074 5911236
2960 8780 6053
393 5750 3623623
8526 2446 788658
9897 2543 44979
3592 9012 5662843
8391 979 2527064
8379 6579 538844
9648 8343 5970138
3829 3872 160822
9702 1282 3046938
4453 8675 6244178
9594 9796 1023346
3456 913 2784778
3332 9454 377683
7738 1459 405791
7012 3468 504635
2938 1266 619031
4319 6602 4857635
9745 5245 75828
7072 9832 837776
4976 4779 1493139
9214 644 373977
3753 7240 282340
9788 7375 6060049
8714 2107 3773499
7566 5338 6098609
5727 8470 1782921
1438 2719 2926313
8747 5989 248166
4151 6833 1110362
8970 7864 102684
3552 3216 1229052
5684 4921 332326
5711 5540 1059449
5951 3319 43724
1606 3897 5685052
6197 5259 158042
3122 5380 3182139
3227 8474 1424513
