52
2843 156 958476
3571 5725 5199320
5301 2196 380878
9332 3049 1278238
2166 2740 1845074
5956 8286 1382956
6046 8046 1198386
4065 7706 1507052
9038 6731 265591
8900 9013 524160
7265 6074 1755441
4124 5081 1219194
3497 8712 4217288
3884 5851 1290215
6178 4510 749696
452 57 2611514
2426 7626 6941
7855 7769 3498832
4971 5669 1892873
3563 3267 3575866
3568 8565 1983181
938 8787 465
8354 1366 2599522
3273 3717 538754
9834 7986 312134
5363 3618 8378310
8801 8927 247170
8811 4009 908167
1 8602 3660902
2069 2924 6551318
733 6384 1140387
117 5653 1862703
5827 2937 600317
3584 264 4330666
2688 598 846487
7845 1537 1629413
3920 9559 2768053
8212 1382 965672
9894 9116 1996209
1613 9470 1304135
9686 9790 729794
6506 2855 3771764
6155 4169 491605
8667 2375 1996803
519 2616 1056137
4478 4887 1139743
4903 534 4172132
7318 8693 5452736
9813 3265 423798
4775 4297 729107
3787 6044 267807
5019 1415 1786618
