52
9989 0 4754272
128 6902 1816426
4526 7851 2849918
7212 5761 5036926
43 161 4726007
6143 3363 665828
9951 3765 1514157
5861 1613 1127173
5541 6157 1548582
2348 5853 5605739
5296 5381 69858
5543 7941 1469276
2669 119 1975327
5473 8584 295765
1001 3721 783515
150 6011 423952
8653 9935 3913013
6004 8309 4359277
5865 3666 1804228
4680 627 107060
6535 6087 74548
1691 1038 1931893
9269 4915 328251
5509 4689 157158
369 5264 2626519
4101 6829 1584213
3623 3371 1703616
267 9620 4593195
923 4294 962193
5095 8775 558757
9509 4876 1238293
4526 2410 225329
9738 6624 256718
8605 6839 722763
7743 4967 4998745
6696 354 7022502
5018 1656 152393
6834 4659 2419967
6077 194 4313341
8900 4247 2366817
2915 446 2401485
4255 5285 559244
5703 6594 258599
6068 3643 275445
6775 4630 947042
923 8592 4018218
576 722 511091
539 6741 2862015
2758 1634 1172520
7250 1707 1064567
5119 3729 2750145
6581 4290 96119
