52
1603 623 675934
8753 6563 3895203
5357 1267 4656217
5566 3558 5189080
689 596 3169450
3957 2295 948295
602 1021 3391701
3070 4234 52083
5326 2064 2952636
3743 7773 3723625
6052 9007 1320480
8631 7193 182035
7537 9449 736897
7915 2299 3404616
9192 8120 1938806
1508 1494 3618859
4567 835 602089
2621 5932 285058
6926 7854 3429602
8176 1282 2203955
925 108 1304212
4285 8982 1579455
4374 4656 150161
9556 6257 4339029
3428 6152 126217
6056 4186 147565
1481 5617 622081
8922 5240 4846018
6532 7674 4121881
9596 7060 275324
5565 3 1045657
291 4866 618070
7372 3421 532621
5013 9681 25454
5352 5316 456613
3905 4545 1024396
9997 7540 609446
9446 9616 349064
7185 724 384953
8838 5055 725913
7660 3655 1439222
7337 4046 151007
9361 5941 5003902
8768 447 1258735
6250 25 677561
7092 7968 14305828
8756 1933 1297318
3383 4782 334351
5537 5664 996681
858 176 1564052
2946 5988 2612484
9008 5415 698108
