114
2624 9435 1151525
6999 5156 23176
6453 7066 581127
1871 4907 3067943
9374 1568 595911
6516 1896 121819
1900 1574 2608625
3087 1850 66154
44 2099 672686
1420 8529 481244
8511 8848 988567
4959 1906 713085
9654 981 899365
2610 28 23082
1810 8679 1196445
8943 6004 577346
9781 9108 757766
8764 7279 2548776
5734 618 2841458
9691 4269 248318
1447 7451 182738
5759 8586 2199933
9023 7724 429997
5075 3370 948219
8137 8531 717815
4646 290 347823
1116 1618 521330
6607 4649 378601
5676 1500 279675
4127 9884 1295352
6370 6614 604869
2867 9330 1570935
6495 2520 770467
9941 5506 39249
7126 6638 176543
5711 3923 113334
2290 7839 3583271
8629 623 708508
3742 5957 94799
6158 4911 15206
3175 3662 583645
8301 7767 1102095
6320 3623 114990
546 1210 383791
5072 3795 930207
6671 8676 2538158
483 8225 652485
3628 5238 423506
8770 3328 1855158
9181 6424 67335
3359 3135 496385
225 2620 877580
7659 650 51411
7330 8497 1494477
923 9411 975940
3503 9041 645293
1567 5352 1723798
3322 3588 647140
4807 2874 950014
6866 9058 285198
7372 2056 406508
6601 4373 1375206
4177 3496 2001390
5971 598 955783
5955 6962 1490043
2664 9637 1443560
2860 3863 1297576
9438 1620 628571
8723 4123 3440140
6782 6148 197017
2765 6144 36367
5456 9736 1562595
6917 5975 499080
4723 4477 503871
4305 1105 555333
4479 575 1657577
4658 209 1546113
1770 253 361780
8013 6618 2730001
7576 7924 279130
4385 2169 65962
5925 5546 766754
1614 1893 609093
6055 4437 1256972
5384 7952 102967
45 564 1023563
3579 3762 355843
8696 19 1793558
8227 9284 35040
3449 1418 929019
6847 1181 571756
3624 4260 566093
757 1022 679528
5174 6647 1408003
7235 4185 18507
4389 519 2151387
6881 7087 7137
230 9709 2282959
970 1569 565452
8128 2275 396893
5388 9004 122265
5497 8482 1920954
6430 5049 506329
6868 9352 440972
9424 2535 603228
9175 8725 478632
5047 834 2200219
9145 6525 94748
9854 6867 193590
1968 9414 210571
4239 6970 614651
9316 8819 644431
4101 3388 207553
8802 280 1266042
