168
6663 702 68829
6703 1511 516395
2617 7890 2740786
7069 3390 137125
6365 7765 364500
9445 9422 1626052
9081 9118 674063
8459 7076 100413
1805 1395 444472
1640 5085 1623977
4941 2411 397832
5997 3790 658855
4288 6957 776584
7188 7610 737080
9134 9655 265662
126 4976 212481
5561 8308 4935099
5251 226 99666
6730 116 52593
917 5534 35412
8786 7317 726896
7914 4937 707693
5010 1116 1488173
6140 1932 564766
9598 861 878498
7358 9897 1691853
3690 8838 331216
6187 9177 361188
5281 2334 361424
7608 4331 283945
5061 270 2353230
6204 4876 50349
7327 6828 80100
7713 896 477232
4119 5909 725659
5278 2274 1643014
3156 3914 358037
7075 6494 551264
7815 9436 190653
7814 4236 15251
3351 6250 194146
7797 9887 146154
3400 402 252841
3584 1630 483278
2814 7617 563033
6652 3543 598997
5109 5185 356280
2613 5320 277671
2453 7839 1377747
2437 9296 1054276
5682 2429 598738
6927 982 245032
231 6887 985827
6592 1691 694677
2819 6437 478354
3947 6417 499739
4154 3684 454722
4881 6948 861272
1747 3556 6847
7078 1460 610651
4070 3272 733806
6078 8767 1242172
236 6200 374239
2680 7601 43050
8424 5351 635526
2964 4557 334409
6117 1447 1457444
3872 722 178832
55 7784 194883
721 666 94277
9880 8286 163453
1274 9640 320607
7119 8151 532540
4807 7566 1393815
5593 7252 493781
5436 2630 65307
5553 4449 461814
8869 728 501038
1555 3305 477316
7255 6138 992248
2707 162 178996
1050 8589 608705
7088 8608 339992
979 9377 209288
3707 6721 397465
8763 4006 638981
6925 4151 120549
175 7577 143511
8259 8651 2501978
3233 3839 171484
6223 1438 20257
7759 4363 73322
8191 7312 108054
4850 5104 159725
9021 6743 267602
6251 6450 406025
8856 5409 1498756
2623 9569 160229
4610 7379 94299
3021 9909 472936
9166 9132 750560
1809 5560 245924
6854 3412 170405
6265 7672 346825
5344 5569 325213
4160 5158 35625
2861 876 41132
3818 4227 141859
3283 9009 433467
6675 9215 296997
7034 8622 904068
8485 7046 135854
7746 7910 666805
4455 6996 1324105
373 4916 119864
9613 4750 2156193
2797 6081 673352
2043 4277 513838
4413 3232 81336
9166 485 809062
8628 4575 1013921
1491 8891 30192
4853 7653 1680239
2445 7786 605935
6111 7124 129823
1879 8833 1131133
1049 8037 447835
9361 1273 28526
7826 3750 3305518
83 8103 302360
4537 521 1408161
2644 6644 276329
8573 9708 992185
2190 8030 817442
4190 2553 2346681
7326 4177 392136
7999 9801 262747
9920 8806 313725
6423 4230 244590
1199 8240 1107097
7483 6260 102285
9948 9898 314144
7231 9018 493890
8282 582 851261
5146 2149 417631
3077 3090 45080
8400 1936 1791279
8723 6546 100733
5623 9561 118582
3403 4611 835359
5726 749 175905
2704 5300 2967929
253 9572 21715
980 3583 495603
6717 413 104324
8898 6956 267479
2181 2470 122025
3301 4464 398476
3912 6082 298622
5224 8606 635053
3020 8386 108933
536 889 9334
8001 7613 15508
2166 6882 695357
8769 5361 326704
6526 6926 354140
8506 7729 365685
8026 5899 246595
