168
1772 276 485317
6614 2969 574356
7305 477 615261
4976 4511 444242
3234 5171 706058
9867 8603 765508
6021 7372 197945
4657 4300 392465
9591 5723 229146
4481 4236 461372
6943 4059 290539
8962 4815 457562
1086 3633 289915
9910 4935 194860
9437 5492 149373
1250 1635 1118244
9402 5299 973177
6670 9576 482511
7780 9324 147403
6154 1439 126257
2534 6883 155191
6005 806 1185063
6239 698 341087
5540 181 233028
3394 9759 548876
7142 6014 3071229
5789 4373 181314
2401 1597 3296964
3440 3866 873530
8241 251 288670
2725 847 312148
9273 4217 609320
4936 9055 766982
5986 8801 2897566
3669 5702 292996
1876 1901 771018
9506 8320 753141
2766 1684 715569
4493 9078 516154
994 9951 453955
7443 183 271028
4804 8092 198440
8690 4353 320127
9156 4620 731025
3003 1095 136469
361 5667 793970
8836 7407 160220
2529 6023 1323698
5341 8685 34292
3458 1507 824121
4942 9029 477968
8442 4376 111581
5278 9919 630013
1112 7549 346847
3174 241 331036
5634 7956 432529
96 270 49056
417 5274 590690
2875 5814 273554
1740 2042 111680
9850 2602 282528
8519 7032 40047
7421 6405 426945
7617 4574 273467
1752 6052 1057727
1524 6262 81241
6857 2933 400252
5870 4504 881226
5371 3309 953567
9394 1181 8707
7934 8653 57191
196 9290 56793
2407 562 1379204
7417 392 432721
4446 3578 39463
9344 6566 432166
4998 5075 216497
8570 7073 1930722
3090 4588 1998804
7164 3183 145955
9512 3861 361192
4921 4230 821822
9621 7765 1069819
2103 845 362083
7759 7297 593013
5731 4913 649961
3670 8752 1406315
8437 7003 553045
6520 3760 764279
456 7857 845730
6137 5016 185133
4046 7436 554266
3900 3475 39733
8951 5468 142860
4398 6607 482059
5184 9133 168720
8638 7832 1855576
2167 2696 282425
9994 6988 2185083
4903 4095 544882
8864 2416 984398
7386 3286 2098861
7128 8528 756342
6905 3558 1419293
8163 996 229960
916 1690 157012
5851 5383 1277338
3414 6397 1220755
9632 6276 122539
8445 654 614777
2368 6013 125815
7358 2384 88415
3284 5387 1260457
2101 6684 433418
8819 5953 43860
6609 4877 513149
2436 1692 2165180
3756 1208 1143090
228 9010 304130
7520 7327 220634
4071 7984 462523
8381 4231 342692
8680 5419 350068
7480 5513 1449594
4380 9937 213031
2277 6705 850640
9490 8390 1448124
3926 111 5892
2827 2277 177280
5275 3832 9813
4699 561 422858
6193 9516 609197
5534 6291 13731
9187 5785 627033
4255 2978 331935
5384 4820 978933
5498 4642 732916
5074 9439 636917
67 9960 215935
6043 1797 649012
4170 293 72190
5895 3821 1730816
4088 2307 450542
7221 4513 1105798
4873 6163 44891
5133 4392 1304450
2309 1934 4084
8289 1209 404966
9937 9373 412743
3428 2029 81016
9585 7812 265977
6927 3741 341551
4781 9773 333400
8447 5661 102541
2185 8982 294716
1325 2703 556105
2065 1860 758251
9839 3584 747561
2168 5621 743909
3676 2639 291859
7319 3997 451203
7991 6860 922122
5765 8613 284188
8626 5172 1596703
2908 8167 95359
5633 5587 268238
1183 8625 15943
7014 7374 134456
