168
4492 2157 660971
1836 3635 700576
6278 1321 96873
4118 4408 141576
3361 459 74450
2020 6310 69172
2723 4910 94826
8747 7662 112144
3508 4220 51337
4172 3734 237732
446 7230 75263
9378 1735 503254
2425 182 440744
9115 3419 18247
7751 4348 354856
4578 9638 744822
939 4019 428159
7863 3925 694980
2616 4350 502411
8857 695 259876
7275 9936 622841
1658 1214 889540
6827 923 56937
465 3 997540
6025 4532 241829
3798 2613 608133
1437 266 395421
7895 4711 277240
867 4243 625406
4592 3163 19927
9976 8378 2271071
2995 6058 1537069
664 5998 19255
9800 148 885283
7811 3966 776513
8224 6714 1467372
2124 8852 1469125
2770 4153 801081
3904 3152 849376
6252 8303 8558
1109 6108 578996
5203 8461 312490
8816 1379 2083556
8093 5478 852005
4960 6112 345773
8156 3099 495626
7037 4835 307018
3011 403 114511
883 3579 240489
7642 397 195309
6797 2491 15298
5228 9255 456191
7163 306 189936
8151 7849 976586
2880 5413 1090123
6451 7184 844994
1930 1422 821080
776 7056 1322953
2915 8451 121799
8334 9595 493446
9324 2184 675477
7689 8731 3646080
3817 1628 611425
6159 4819 478811
6006 2503 102499
3948 3650 163660
8991 1722 1191998
9216 4298 1281611
6204 2265 264879
356 8748 1132206
7135 240 3467088
4898 2607 13517
4466 4237 113663
8616 7373 670220
2059 450 129266
8071 9799 63625
9862 1512 652574
4724 2344 688494
9414 213 805829
14 7320 380881
6925 3270 2261278
2238 9822 863047
3627 2800 407563
8445 6343 38928
6033 8821 485829
1289 752 228705
9201 8539 1021491
6929 4412 1594853
5912 414 430253
6770 4954 156651
1324 9962 551107
5526 8982 4141
3331 7469 725826
9961 940 884243
163 160 550568
6344 9936 100803
7917 2128 75565
858 3667 1429070
9876 8071 154397
7619 9633 72297
6286 4159 1206536
9339 1992 553212
4868 5747 657388
8070 8586 318717
4335 7086 73067
4198 3979 188901
8919 1149 409146
4173 2889 661844
5798 1107 1331522
148 934 440725
3381 344 331818
2628 4942 270774
1160 2379 79440
279 6215 77185
5904 6765 17595
6333 5668 382647
8084 7176 164902
2440 6402 96156
4135 9967 255242
813 7497 680382
1965 628 419485
3823 6787 1969833
8768 7248 1670035
3469 3927 100765
3796 9050 688072
2086 1105 173766
7027 1115 31060
7016 985 441121
1954 7750 207239
3878 9315 74876
2627 9051 557334
7114 8225 964487
1658 248 409006
2968 4010 238859
725 4510 404129
1490 4771 722298
2932 9007 24006
8787 2773 541257
5275 8351 272405
5180 7837 3177034
5213 2031 241215
48 2783 900445
8048 7299 906709
3869 7136 549
886 233 80694
426 1974 1044349
4491 5297 616215
2826 2621 711204
6019 8100 227568
6855 4954 42867
6593 2718 1102601
7118 8035 678140
2277 3390 80563
6157 8155 275712
5837 8794 94801
1156 3254 38352
3673 386 23627
7222 4972 1253646
9725 2391 300050
6481 1051 23983
1429 8920 1730910
2790 7528 52146
8639 3897 240059
9475 5165 932882
121 5948 3582506
1535 395 656163
1812 648 148895
861 8073 1218500
