168
6971 7031 390484
1729 1428 469800
2147 8951 23740
8852 6595 405759
6438 216 366618
7815 5714 394067
5317 6089 81430
772 8632 699880
1115 7264 1094590
8041 3015 81625
5053 1143 539992
8287 2971 215366
5580 7145 1698885
5379 9260 554520
8398 4432 528903
8123 4027 235002
1380 3364 1826
9770 2249 111512
5541 9911 208924
1311 7830 58562
8149 4181 110079
2339 2181 115604
1616 2254 565887
2089 3136 124970
2088 7138 65929
3360 8975 736847
3407 2254 397103
9322 3609 274478
7628 1 704952
7717 2698 93761
7239 8301 177523
1869 4923 138792
8930 4879 28957
1222 9214 751701
9413 2981 1167248
9968 4501 1238173
3453 8104 36413
125 7755 336568
3567 7634 731085
4 1108 175479
4932 4916 206730
5734 8103 103735
5976 3336 514696
2271 1355 212322
3444 1572 813066
1842 2621 828090
7498 3696 1504279
350 9137 169183
982 5899 890642
2436 2182 65495
712 7695 712845
651 8586 147031
1088 9405 52386
8702 6073 217732
4321 226 1177305
525 560 48270
8959 8013 158816
8239 9682 313896
4176 2806 813600
6031 9348 381775
9181 1161 190943
5302 4989 63871
444 9495 2276275
6120 4480 139616
4063 8681 1456911
9879 8988 270952
7463 459 64589
2723 1453 63042
4941 8888 681836
2975 4180 74329
1484 4096 2135801
2533 5602 114366
5289 4763 163382
5559 7322 90070
6806 5747 500664
5552 7174 2576264
7301 2001 1752257
2813 4658 713445
1399 4645 1280207
633 5459 486805
45 2287 934924
642 2170 11241
7993 6123 49586
9763 142 100037
7545 279 97849
5318 4021 194052
6284 3837 1131209
5966 2989 150312
579 2355 53763
3025 2664 192136
3711 3302 549349
9017 1880 775288
7828 1591 26921
9567 4129 2326189
8051 5184 1501446
8039 8682 57696
5062 631 634337
8084 2782 638104
8153 5542 462339
8964 3343 122865
5729 4959 645507
1927 5973 1705733
1296 9999 912912
8299 479 211097
8628 7765 57153
6442 3531 64887
5373 6257 278663
2355 4507 595231
4865 4643 923665
6601 3541 1316706
177 1006 1168884
9277 2107 2115102
5868 482 283023
8154 861 906732
2872 9212 1428819
3068 4521 2007038
528 8416 464538
279 0 1340888
5756 637 1836543
6722 1082 194334
3116 6625 1260750
2694 6417 541007
3145 642 233663
1551 1478 391436
8778 7221 121546
9821 5679 3394965
2166 8512 381064
4267 7290 38348
3566 2142 1736913
2695 1886 218762
9060 4450 687129
6545 1356 261194
2550 8860 308369
7358 7439 101958
6347 9241 21223
1030 1355 478614
3345 949 162759
7053 8839 19337
8294 4007 123825
6832 175 1003979
7848 3420 450615
3801 5624 485032
1646 9358 701386
1011 2539 387261
772 6893 246445
4554 2743 778551
4789 3590 350585
2375 8285 229665
3939 6616 903163
9107 918 1264900
4134 1701 252381
5115 4698 413524
8512 8962 623904
6581 9433 1713146
968 6306 132694
1743 9931 1390052
1812 8471 2854474
7246 9474 590265
5933 5318 1311338
3542 875 338211
1376 5225 135781
5765 1316 122856
8227 1072 1612579
8367 1694 172987
3055 9476 1066823
1021 8224 199465
7434 6462 719961
8482 8392 37464
