188
9412 7213 236159
2775 3084 4191
952 9878 704190
9803 7950 963485
9544 9040 1458216
3145 1431 723015
2753 8581 477368
3136 4001 1535211
3112 4798 107271
2655 1216 20996
6869 327 436420
3945 4523 110788
2765 3966 64174
4940 1759 848457
5104 5129 707963
2482 6016 441170
6004 8078 1936780
2221 4266 200553
9558 8265 152284
1400 7038 64036
8926 4210 1159229
160 2469 839044
5303 2135 143451
7427 1174 1626172
7519 3058 477247
2694 9506 202761
1731 4039 105697
9220 9940 23484
8732 4085 862827
9670 9991 1067348
1535 5658 62628
7145 1651 17720
6124 511 352032
3134 7520 868684
9339 30 953112
1539 2630 422637
6303 9400 99345
6111 8078 320190
5710 9940 4515
7628 7011 860491
7483 7188 190806
420 7964 11249
2309 1756 612909
9753 7520 266552
9699 1695 76396
8727 2533 64928
200 3043 39472
2065 1579 42798
4615 6696 1163516
524 2964 797103
7202 5963 559551
2886 6769 261303
6153 8872 43512
2619 2682 932568
1042 5108 65746
9549 5039 102785
8165 7736 1254616
6670 4768 958062
5928 2873 1045231
6097 2460 715447
8463 6191 53482
7275 5480 2237965
8517 7987 710863
6982 1256 61529
7900 7732 1362494
8379 7459 116064
5214 2306 16780
2989 4621 1313345
2032 2539 316887
5272 5931 1511783
4500 557 616925
1816 5719 93259
7194 8194 1673907
4714 3832 447275
8528 9932 449502
2260 3349 147361
7324 2904 5303
3561 1531 306070
9007 6859 93323
1354 9800 561963
2572 4566 190070
704 4087 566085
440 8846 339992
4061 4879 379398
8534 5021 1676944
4428 1210 527044
2600 4805 453282
7798 3237 591650
5691 7470 466359
6119 6581 757696
1281 9523 510306
5343 3028 620372
1353 264 106363
3041 8971 544667
4833 978 1145036
9648 9773 602447
2415 3403 190329
7106 9561 215895
2994 8139 192092
5751 250 901079
676 8644 150128
9763 2649 124834
9342 5509 489951
5533 5833 145024
4478 2142 62910
6533 7300 46461
8726 3150 1812450
2450 1112 538729
9455 1483 140856
1191 31 199020
4282 9070 268592
292 9252 670453
8363 4097 337718
6653 5123 1549987
3107 4767 1782087
277 9472 308948
435 6185 510650
4630 1317 484322
1992 3396 692227
527 5152 830397
751 5829 1120202
418 842 137674
3206 3543 301544
1045 3748 875185
9708 2049 9873
587 1961 236755
9413 8659 373675
9050 2807 2763917
6572 403 367211
3058 569 52950
7669 6923 674177
9015 8470 345674
4492 5722 311808
1434 1379 152020
7 5784 47954
7230 3543 554472
7907 201 1061057
1181 9150 56813
5864 3358 131323
2515 3436 837417
5158 3406 1788735
7882 9688 359574
6892 6191 188000
2034 114 964683
9236 2001 269221
5209 2198 151450
7125 4269 282008
2809 1497 874611
8831 4715 368926
3357 2476 54143
6647 5129 80375
7570 9566 341350
3759 7816 338900
5415 508 356478
3362 3656 164994
811 3794 1646480
9984 5698 887656
1641 8586 224182
1324 293 100634
6574 4372 8414
3719 3923 317244
8416 1875 400615
9271 4745 1160023
8299 7636 440373
1501 3329 112684
7385 7479 2217559
4846 2822 213313
9981 2699 221629
6326 1063 2369685
39 5291 14297
9262 5335 994381
6436 2962 1528933
9631 6005 104377
6276 7538 418309
2879 103 1022035
374 8814 140985
7669 1763 37157
3404 6222 5586
9201 5722 441625
4039 7155 262223
2852 5248 450020
9432 8156 780752
5915 235 23535
4270 2838 40297
249 600 35951
9612 4175 295412
5217 7276 65318
1082 748 938346
