188
6257 3695 342332
387 8659 510484
3222 7314 679740
9707 8378 28022
1103 3149 123488
6838 1782 1496459
5689 3278 105553
6672 4097 746345
845 7535 149637
9153 158 859376
5784 2493 742873
6172 3393 486726
9892 3408 499003
8077 5822 401311
8791 58 1536459
259 4102 280813
3990 3045 58982
1842 5016 112020
8776 6605 342149
4997 4618 737749
5012 1134 221626
3463 7738 384631
1718 5232 399766
3499 4919 283898
4304 9192 350031
3262 8789 383213
4419 2144 642374
1721 6582 216380
5567 5983 63664
2295 1482 1796097
2098 9742 1232407
1330 4931 76983
8928 552 126548
4610 8873 61137
7445 4122 175432
2311 9740 122191
1607 4435 142501
2455 263 398080
3061 2964 203094
1887 4413 911527
2067 4344 470366
6125 695 51042
8542 895 1709590
2278 4649 402930
6329 1460 894397
9180 8990 214388
3518 6810 471835
9641 3014 330585
4707 6488 184574
7844 8246 1235494
8740 9849 281339
1304 3710 883543
211 5434 43916
9875 7609 400642
1984 2734 224836
2757 371 584648
5410 5100 1302947
4057 7704 182580
8084 602 67484
8262 4191 52610
8890 6939 2127600
781 2432 1049842
2819 4042 819362
5167 3196 235851
2358 120 175350
7431 5732 104619
8830 1677 627355
675 7394 901378
3393 92 273974
7280 2410 309280
457 559 5415
4640 1090 118208
5663 4793 75492
885 7965 385976
3961 4413 118914
3336 8857 1754753
4682 1720 651550
3599 7108 551670
2702 8869 788001
958 6626 227
7035 5779 1783741
2345 2075 757669
9256 2050 564118
4824 928 1026451
7279 3211 368820
3828 6209 577080
8963 5245 551467
981 4100 1285471
5517 6271 380614
3036 3316 370392
5066 6267 19479
1287 6530 784236
6959 8837 48280
4515 3828 101733
9772 8586 364275
7822 7818 284120
4830 2334 256917
2408 8418 500178
1961 2703 429100
3602 2756 611498
728 8840 293881
4522 1361 286563
473 430 146272
275 974 3062231
5069 5282 157828
1433 3346 436180
4763 2241 21591
6697 7408 2989824
5266 2570 309347
8057 1783 699573
4429 9131 334780
4417 9588 858693
3921 834 156437
8247 8942 663555
6222 8925 716098
5120 204 205356
3274 8411 111767
915 216 28329
1931 4512 65141
2711 2234 715843
72 1689 547388
8418 4150 775301
7971 7591 545113
8520 2060 1494250
4087 1231 638924
4370 5174 2113220
7662 6793 774228
105 5314 11258
6622 4380 840887
7710 5608 960270
8459 983 257041
8006 6614 408023
2202 1415 805509
9482 5709 256190
2869 8956 859049
6504 8271 15222
61 8080 248260
3729 470 566674
6813 7526 91271
7819 6704 779684
8073 8835 101403
890 5610 893810
4993 4179 179042
3852 1772 229064
964 8850 18455
7278 4236 609020
4480 9910 39887
618 2238 408597
6767 5227 39144
4309 3142 549771
62 3912 861988
2525 8876 2887206
7785 935 34736
8563 9490 105170
6280 412 859017
3714 686 314950
8448 6140 186105
5325 6953 568450
6036 2775 549231
8839 9656 183023
9813 9041 73892
6072 8683 393578
4360 2554 1237459
388 3777 365232
4781 10 848861
4647 3467 340353
9453 5043 406805
8403 5304 291497
9236 5971 297595
1350 5030 264659
9923 384 205110
489 8937 1388760
4324 7196 908477
2071 6907 68076
9056 3364 1076739
6960 8092 971733
3644 4291 108723
3432 8778 162089
7511 6854 950892
9049 2502 82429
9956 7736 285555
2350 4835 476090
8103 6544 6450
1357 4827 1240486
9390 5384 584271
4838 2359 40386
5875 3787 1106923
6736 8652 390457
