159
7538 6647 215329
3023 3840 119716
7977 4279 11769
8373 5312 1937836
8411 6877 343825
9994 6530 432508
6076 5372 72312
3742 2506 228646
1100 3382 592586
2785 8607 38194
6513 4032 123740
3044 4001 673819
2522 5906 927172
3687 5301 1195854
3598 2688 308290
1140 4755 1106135
774 2287 491101
7249 1214 1159474
6103 3252 1126676
1634 4984 1300269
3438 578 1617435
6849 9981 1044
5532 6082 542766
5109 5907 565969
3155 4490 177531
8628 4492 251818
2221 8216 70525
3069 1730 1074282
7768 7005 1459795
7270 2446 2099862
1865 7041 1966249
9942 4505 167816
9755 1168 583370
5568 801 699447
6516 9003 226586
7535 6505 155179
1857 8769 1113928
5621 8876 19248
5524 9437 631743
5073 4927 1396236
3858 5700 769517
7309 8835 514470
7548 3496 134710
2181 826 970183
4282 2982 175
2420 8357 6376
1327 6877 298841
6345 2425 717296
3700 6539 39901
7494 2764 110573
1164 403 296597
6151 7106 617721
7004 9041 154576
5819 5652 475479
1424 11 26209
5077 1164 1117665
4670 373 14476
7451 6490 467844
5836 7254 1960216
9439 9734 682354
5527 7671 1043687
4733 51 552361
3 5217 893112
9049 1385 97210
7628 9986 261489
6149 9182 236149
3411 8667 1204915
1661 6226 897466
4155 6749 573164
5292 7026 567268
1185 3829 245746
668 9489 495229
9773 1424 1072803
6102 7259 763875
4647 1651 771609
3158 9724 698014
4492 8716 486282
6387 7351 375960
5383 9241 156169
2534 9864 667238
8403 6720 656834
4846 9728 180535
5498 2994 1514771
8904 3887 9012
270 1804 328681
9784 9597 20599
7903 2245 650454
4130 962 377975
801 1752 276556
6283 4727 360083
6054 1136 242702
4780 8983 2361531
7584 2173 26177
4091 8328 174154
6407 4793 989250
8400 1417 880703
8871 9235 804339
1907 3250 205922
6270 7370 17674
991 5635 182368
6057 3236 497483
1278 7867 670263
6161 2188 733201
4964 8595 1222532
5457 3325 83578
4377 3338 149416
4976 4043 454063
2125 2932 381801
6919 2161 529350
789 7559 161522
2312 9416 113813
4202 5281 2429990
7267 4440 1044316
955 5403 1195350
2750 2355 1045643
8377 2355 1741697
145 4938 101609
8193 2890 381319
2520 62 46970
9147 6322 415172
4039 97 1036319
2191 6777 1182321
1571 1073 508773
42 7349 45167
1327 7554 86578
9276 2857 900561
4559 4667 531789
2539 331 227485
5832 5468 4141680
2554 8093 16246
5486 1408 1032931
736 1717 779007
3455 2848 1202907
9271 667 50225
1879 5314 49534
9453 3699 51656
1484 1238 155748
7111 1587 582447
6818 584 946524
8932 9650 403131
7325 2751 380118
472 4464 288815
5935 9782 705986
9468 5932 182782
2649 6386 1414263
2143 8020 993811
8336 8569 314575
5709 1233 380498
5337 9961 174997
8600 7119 841142
4490 5765 2256061
7223 7188 24748
8431 2375 370795
4015 9284 68659
5467 6147 247039
4623 681 2861186
7959 4278 1217788
2069 7631 825074
5961 754 200221
