159
8655 6894 81451
9341 5004 629
95 1644 719813
3096 5851 134366
3484 7871 852892
3716 7989 128613
3206 6126 191521
8351 9235 417823
7623 8037 27122
4009 4568 196881
6080 8576 1920206
9684 6260 295387
172 8289 127824
820 5747 103731
8817 7727 529072
6309 5292 165279
9264 7906 1943485
4920 366 1478477
6460 3859 6273
5528 6605 29602
7404 5121 393790
91 328 1671509
8451 5748 763849
474 1871 365150
6068 5024 447133
9114 4224 223646
1741 6822 264723
1187 7371 338051
5744 2026 697669
8501 2970 333899
8087 5660 215648
3579 3495 195869
1617 2154 1310249
85 2607 209842
1674 7778 852012
2168 8480 327351
7282 6399 1221324
6175 4568 33304
22 6444 147717
8822 4017 1487350
9402 7530 1136939
7843 5853 416445
2199 4521 1001246
4663 2920 705462
5274 193 455828
233 7119 553984
8834 871 1655835
4579 808 576278
4062 7618 1259513
5473 4131 443017
1445 6324 110733
3370 675 111095
3668 4830 686699
3644 278 2288439
9313 1777 566284
6404 7795 1124580
1823 5109 403098
2910 9153 2931908
1559 9855 567145
2841 6157 468676
2208 7622 860765
8197 3396 1091981
7370 4220 2620410
8456 9614 276205
6989 5456 724060
577 4280 258700
29 6699 771440
5924 236 11600
7811 8190 41466
8614 5051 423576
4098 2265 760968
3991 1649 450301
119 5696 75745
6918 6022 239730
8549 2774 240433
6871 7060 229842
1491 7198 497967
8071 4512 259634
254 3551 1348652
2024 4464 437687
5498 8042 149598
4593 3445 376657
2661 2617 666399
986 1769 2782
2719 6086 181206
4218 9668 30048
6828 2781 447228
1909 863 126060
2316 6663 26616
7751 9069 1533651
8546 61 791266
3649 1652 234923
30 6641 143887
5733 9972 740851
5699 7416 2045909
8905 2270 34011
7681 5326 365097
9001 27 51225
7868 585 407830
5476 7652 509246
8205 8122 931109
7741 463 87128
2116 6490 265385
993 8457 1177949
2243 5086 32609
4564 5688 150886
6511 2922 36831
9675 291 507140
2372 9718 1937787
4249 2151 1121820
329 3318 78910
1239 3828 1582242
4617 7230 138108
8969 4654 279073
2728 6231 2401915
9044 8109 343925
7173 2605 1000776
9666 9210 1500466
9893 8450 26196
5251 2812 1221964
3438 1540 447540
9428 5136 912737
3987 4445 1127456
221 2512 509403
7753 1077 1049268
3854 1360 695728
8268 4074 679226
6679 3275 759938
3392 8444 968962
3513 2194 124948
3598 7327 54140
8423 3469 1906705
3942 7321 349971
775 1645 457214
9794 3928 1107162
9505 5440 346484
4466 1570 1836683
246 7951 2455765
7170 1131 787288
206 8275 1026457
3803 1459 273963
6101 1225 687513
1438 5726 751986
3846 8743 88165
4981 8821 425529
1638 1821 597861
813 885 510519
9033 549 137313
5213 4712 721983
7431 539 240429
2711 7317 213856
8437 8767 186428
2052 3969 29377
2319 3166 157060
3949 1281 2114943
2224 7328 53961
4030 8365 82428
5417 3877 644292
7932 430 857712
