159
9341 2899 453986
2777 9374 69894
6967 1760 113008
3675 2156 79777
5919 5932 911164
6428 7377 1149576
9047 6985 297598
7205 618 227827
7230 870 484920
569 6366 213654
2345 481 383339
7241 1193 1228734
184 3660 806332
5273 7505 292337
7533 3877 519501
8946 5111 923499
3144 7496 1487068
4735 4038 174025
6427 7372 507013
1456 7392 22936
6763 2480 320824
1917 4523 20311
9949 6670 514799
5217 6683 280226
5278 7735 847583
5157 9145 7117
4419 8745 344125
2199 2034 1568432
6372 6231 344999
6445 3299 1096455
3557 5774 266621
9514 3623 345903
60 6030 819979
8822 6100 779528
3977 892 49961
3963 4225 87410
8812 9659 64573
4515 3545 604883
264 8110 62879
1209 7886 411074
8841 3742 2380954
6315 8082 11821
6213 1373 92441
7370 1338 847495
8327 9281 896521
6729 3178 1047723
9637 4810 1267103
8034 6569 296901
8886 4543 1314873
5505 9182 239615
4302 5827 166759
8878 4642 3987
5816 5252 30675
3709 443 113679
5229 2958 1364412
9289 9005 1536133
6190 7323 947021
9889 6136 775258
3945 6585 918386
2831 6723 1105913
9397 2477 688562
4218 6025 595179
7856 6992 385873
5847 1159 502739
9042 6661 697773
4429 8913 188709
1400 5934 75207
667 8573 1737955
4643 9545 1056967
486 8330 1095575
6012 3191 847887
329 4693 96511
1366 6076 1311131
9902 8168 1179959
5445 6361 678214
5166 9957 56585
4250 5139 1884116
3995 5246 1208112
3056 9558 104215
9151 2925 1550578
5393 333 688976
5020 3078 596125
8098 2035 400003
5180 1884 2595652
9343 5922 4751
4087 5428 1380136
4848 1226 60277
2174 2658 728121
4829 4312 88424
9488 7475 53091
5802 9932 2748419
128 1178 1749850
4014 7523 318724
2836 9991 289593
8700 4407 767011
1410 2 50750
7812 288 90519
7770 1406 200423
7322 7400 595981
8409 823 1417204
2619 692 2263909
3081 9297 301061
5306 5297 1338209
2629 5289 27415
6353 9492 2071489
250 8462 148778
7403 1789 125315
8454 7303 72858
2963 496 344049
8796 4334 129281
8409 7776 1658454
9841 8936 478351
1203 9033 1828436
6158 9197 211498
1234 4946 152683
4865 4370 174854
4710 9460 100497
4125 52 863981
2162 2331 657046
2757 962 4861
5941 7018 700443
9172 4108 557936
3123 8596 126935
3478 870 307465
5945 3218 744156
347 4957 23208
9992 9392 310682
5647 4186 592848
2929 6513 10249
4421 3040 2347186
9380 1196 311547
1132 6122 242377
5796 2132 458878
7373 2787 969367
5718 568 681065
2858 2643 1166820
4844 1600 472553
4579 6799 627640
3213 2587 2845392
7002 3589 179077
3029 8860 770403
4599 8631 630375
9596 4195 707138
7888 1141 181254
5497 8255 306917
4307 7912 285726
6297 6247 182744
5715 6473 33239
7975 513 1033
3550 3814 41596
1850 2190 532997
6753 4009 38331
6130 1197 226861
8995 9251 1227174
7383 9484 423841
9542 7660 1659792
7070 7140 40733
3195 6644 6205
1474 7304 767375
