159
2235 9512 199176
2519 2662 171387
8843 5770 872507
2198 9873 202492
7473 6843 802219
6347 1097 681901
7208 9973 38717
5307 6797 140984
6097 8540 287620
7048 2217 763918
7679 7478 1061295
4020 5090 201026
9434 3495 1390424
6896 5283 826390
9138 7126 712796
2939 5560 994217
5331 2322 964252
5784 2513 168721
9491 6280 16426
5310 2569 72969
3213 4291 798719
1471 6660 929438
9954 1953 1073443
3883 5591 232509
9854 8122 2298398
8395 4133 584481
1318 8649 435704
5421 3002 975262
2433 1279 1274491
2437 9163 462856
3563 372 379736
6643 1686 715937
47 2247 177890
1395 6634 484530
3117 3761 1471619
3524 8053 849559
1647 8053 147927
6024 4833 1736369
4220 7896 63296
6223 4657 151705
6580 4824 120130
9380 5187 173045
2008 1635 349916
776 8942 225986
2531 9485 220971
1381 4539 527593
1752 2389 1526378
6665 7775 882881
9138 9671 235497
6098 2191 203011
4779 6887 1248656
6868 8906 352301
5789 6414 291921
7019 7219 538696
9460 3780 214778
6039 504 806757
9978 3929 419735
1668 3865 246728
7184 367 839765
625 9625 826871
3024 6764 569988
3266 6701 801726
5579 4652 1527120
5037 1613 2582575
3469 8047 98830
2825 686 1245678
5480 1205 2330630
9351 6831 272390
7460 2481 175129
3219 4109 181347
4284 20 432001
9850 7659 216043
2415 4530 41473
5341 9074 1031342
4975 9442 24297
7606 7713 1030350
5331 8340 163029
6273 7349 876314
945 8636 1276350
7718 3409 884761
9004 7065 669826
7143 7205 203138
2158 2665 13271
8995 5978 604360
1472 2327 267241
3795 6124 491856
794 8273 944203
4044 7151 108612
713 244 178671
9985 7503 651977
341 6858 372211
4588 8848 26483
2743 456 76020
8742 4472 264680
5566 7817 43683
9958 9245 1991212
2199 7150 195282
1675 1899 218864
7473 7790 902489
8888 6357 1341381
4140 8636 426129
1688 7177 239298
5899 266 1053950
2393 2722 1023727
450 6719 216029
5203 603 33386
2241 661 63471
6712 9259 747424
2947 3413 102732
9836 6462 1195246
9482 5327 941701
1400 5586 1170583
2943 3701 691629
1091 4330 277883
8630 7177 28575
4963 7108 610804
4583 6402 580440
9519 1 356945
9925 8507 39618
601 4453 1869270
6029 4436 203444
7949 7531 514503
1615 4100 1445316
7721 837 5290
160 4628 311120
8516 3644 221409
2299 6037 908198
2657 3524 249615
7965 8167 54609
704 3744 1145607
5428 5052 170645
5484 6425 1333921
1064 8388 1550574
4910 1785 250755
7435 5765 54305
3602 7755 1116208
4417 1796 592807
322 4592 785156
8729 6928 1157441
1299 8836 428860
4960 5129 447640
463 88 1266471
9917 7949 2137031
521 2016 242746
212 687 151368
9672 7251 97406
1562 4873 306903
1620 6307 452889
6652 8674 121637
6384 3202 3593380
1178 976 463453
9462 9548 158570
4423 4819 173004
6665 2384 1642117
9447 5365 2048090
6963 4602 355102
9808 5009 14744
3177 2173 652422
376 9590 114649
