159
6677 9107 483407
6857 1023 973253
4610 6109 714883
9368 7563 1355592
7840 7451 390746
6411 3866 286394
2696 9659 499077
3703 618 344349
7449 2015 26768
3820 2776 583445
6346 6920 4920
7926 3156 69733
2587 2244 793258
5117 9628 31275
678 7730 696335
568 5180 521363
7802 6004 580926
2627 6112 244767
8823 618 79161
9507 9240 432378
5873 5287 282439
7389 1397 137037
1077 7541 49327
1184 3239 155753
9831 1921 625293
2006 2079 123077
7184 8711 174424
7412 6517 1108625
9068 9727 124382
7338 1389 704929
348 1838 37212
9101 9096 673569
282 4647 179748
8181 2192 611634
4568 8241 1041613
6361 9770 69083
3168 1706 721019
1657 8140 601554
2870 2808 166714
1137 8497 299992
9785 9575 660811
9262 2513 1341343
1277 5816 1463290
8830 2775 251624
7283 5637 910803
2220 7765 127335
3624 8881 1100157
827 115 258759
1882 3315 279826
3355 7576 1254277
8871 944 222807
2413 6879 309200
7954 1154 99670
4292 8793 911677
1492 4999 650826
3115 7308 38834
2500 7403 668769
2221 8898 46015
5192 7356 95982
5083 9539 63039
5336 1889 1628871
5235 4450 2104968
961 3693 547667
5085 6734 645697
8200 2968 1262567
1025 1918 1017628
533 9164 193604
5093 4010 682813
5 3094 30218
170 7220 943285
8491 9915 1366643
1923 4304 1445680
9154 2221 295461
583 3351 1034940
7549 6460 79692
1615 4269 114610
8150 4497 675639
6452 8899 118205
4532 3641 38597
8968 3211 604186
2709 7219 549871
9148 2015 3912744
6748 6722 328442
9395 879 1984303
8356 9078 923648
5955 3627 179743
6129 1098 428836
5153 8854 78197
3978 5729 388664
1588 318 31904
1986 9556 428392
8679 6616 1690626
6692 6104 703777
1254 7651 518666
1758 1619 504367
8273 8800 364226
3203 618 1932982
2965 2776 259471
3538 6213 18393
7166 3643 2375925
9534 5760 378451
6870 386 1734121
5255 4428 418705
6125 7387 29785
9997 8080 879367
4650 8458 719672
1167 6443 2105973
3497 5841 398405
1237 596 1195044
1187 1327 45373
2335 7857 253838
7266 659 373054
6239 3852 928194
8463 7812 109827
9276 4570 459621
9443 7689 362480
2319 8215 609679
7927 8090 610015
7210 6880 63092
8172 9446 780496
3829 7389 1672106
8434 9681 943584
9834 3093 109010
3359 9597 340578
9981 8943 55973
8614 7053 1911232
3432 2738 453487
4188 4158 596371
9040 3363 180127
2390 6901 498244
2197 9432 388976
2355 6055 874712
951 8181 134147
8223 1922 190926
4575 7239 714769
1481 8530 269980
3133 3185 2009428
232 8157 749325
8237 8464 1175603
5955 1355 1589455
9403 7582 19185
3157 5832 370196
8515 1060 108645
2773 9457 1210847
7858 1658 449894
137 5862 16725
372 2402 285333
7397 2610 774708
8411 9017 3251179
1034 2309 555462
8468 4912 256621
4477 5267 100551
8497 4966 72855
4577 8094 888295
8961 1585 39009
2130 3410 2553879
5643 5665 584568
4909 8626 411525
6373 834 548652
