127
4335 5666 800066
9176 5590 339268
5879 1579 1829788
6874 3352 1664777
672 4677 506787
6770 2488 1057717
4888 4641 2101184
6188 9436 1791995
1315 6542 1934897
9251 2041 1112026
213 3277 198255
8594 3060 1343100
4263 2964 484280
8797 3020 65468
4953 3680 755986
1258 857 145992
1159 777 46830
6993 7186 1540538
7131 3017 507954
2795 8125 1151033
7026 9854 90754
3326 2965 1329794
5174 456 878076
47 8726 1233529
1733 7683 532069
6285 7865 429770
8811 6340 50880
4137 297 314252
2687 2473 168366
6695 3475 1259014
8685 4234 374467
321 1152 1174442
6342 6208 824101
7593 3927 424581
8597 1351 1134995
3465 7840 587271
1987 7706 345541
1859 246 144714
6717 5990 306844
8947 7543 188090
1600 7991 324603
4356 3211 550223
9817 855 126421
223 3785 1093622
4870 6127 78419
9229 160 53851
4494 5273 1265124
9134 1979 1633238
492 9330 2551332
7889 8765 936063
6105 7772 751278
8735 4225 944155
8745 2563 162505
7935 3551 547379
5013 4403 243539
7037 4095 2502517
8653 1979 464876
5315 8640 1138330
9305 4189 635987
2734 397 631653
4025 7622 890512
6379 4474 476454
4403 1357 696057
6023 1460 800058
6564 7656 986787
6864 2822 788686
22 1452 3826440
3497 3653 305372
9670 7250 1116649
4812 2268 353626
4039 517 455894
6245 1183 1951074
2525 9521 547271
48 7599 67386
9919 5740 1164151
303 4512 673117
4336 9882 1467019
2179 8058 361202
4032 4420 374057
9051 7017 2304743
9683 310 111962
5754 3061 295906
2911 6541 540671
4428 9569 630647
2300 8824 129594
1231 2143 21392
9462 2867 765582
5073 4424 445215
97 9747 227760
7805 8357 615661
4894 5461 3440491
6152 9763 889269
6013 6784 921426
5617 6631 732550
5362 6571 788852
2351 9482 1997465
3418 3396 10066
1225 5109 140113
4268 5838 570386
6164 4070 605559
2242 5266 792963
417 5796 1085540
1038 744 910737
9358 4200 167402
4570 9981 1267496
2221 7319 46392
8798 2832 480016
2466 922 549996
9280 3050 1060602
9688 1040 2868671
4044 2941 241428
798 1273 795800
2335 2745 475708
8781 4487 1051988
6777 5866 571455
6926 5854 627349
5499 9877 680745
3158 8675 786524
9996 5315 288695
3908 433 16040
3331 9139 691227
5968 151 795417
7938 7544 875163
4448 6985 392732
9954 8999 39090
5050 9532 617089
8801 2342 532007
