127
5513 2070 597519
1499 8166 1523541
4090 7685 136660
1553 2488 81541
1048 9566 704249
3765 5303 1752480
5997 2173 194190
568 9213 486607
3691 3922 1800737
7294 8286 122921
5795 6528 295070
9625 6235 1632588
2109 7151 515979
8597 8661 1017881
9159 9815 87614
6799 9329 223036
9962 8708 2202778
7289 4094 474004
3642 9527 369554
3320 3547 144394
6583 8826 150129
9808 7089 1460808
9415 3417 524270
9301 9690 572768
8537 695 475742
7099 6215 2355016
6255 5293 1325007
4397 3303 1042912
6316 9577 2255073
4 3434 81166
3132 8893 123890
3311 7202 1334063
7584 3806 1562621
7218 6583 799789
3133 3035 1665559
4543 5912 833146
8588 6480 138874
2442 175 480281
3609 404 1677732
3077 2947 295816
2547 9976 741161
621 573 659192
4754 2473 798618
7016 1459 873385
7251 7866 846236
6676 8873 672908
3723 1795 25920
4431 9165 104520
9590 948 386192
5418 6370 125738
3740 1257 2315566
4348 6303 2147585
1681 1551 1268634
3366 6249 67959
6375 5796 2134954
3389 9531 336702
9494 2034 104967
8333 7040 97159
6179 4614 1726380
8516 9471 188999
20 4678 1622373
1782 5142 465046
4305 4926 337932
6029 6704 1945760
5543 506 550182
1470 4061 99205
5234 4673 432346
5249 9786 994241
1524 7144 254236
910 4430 77517
8899 3635 498159
2736 1234 824719
6843 4556 208744
3792 6779 1550436
3970 4931 1170542
5992 2325 431197
559 5217 612914
6085 5844 291449
4624 779 1513806
5423 2394 500754
4940 8465 487373
9190 1431 304010
6075 1469 902534
2614 4398 523374
7225 7942 246791
7130 7716 2007645
6104 966 1398015
3184 3076 63384
9273 921 13441
5853 6846 40205
6460 961 365865
792 9594 37214
4984 6792 296935
431 7386 1594746
1722 4864 337801
4686 9273 1714928
7232 4909 278899
2198 7330 419063
1551 5326 2361339
429 594 918391
581 5768 2505227
6143 8355 18737
3446 1933 1055060
3295 7637 637001
6280 8339 1510039
4664 5778 823687
2100 66 1234738
1928 5182 33982
1600 8574 92544
2255 1981 136381
7938 5893 1032042
8916 827 124477
1764 985 971951
3030 8349 222833
2505 2334 1143640
5392 3816 6324
1602 3006 382053
6233 2495 920747
5607 9696 2117284
980 521 15515
541 1746 156240
6641 9711 874698
7283 5017 690910
109 525 214649
154 5424 3341306
3524 8442 273640
5947 809 1630004
