189
9245 3259 239656
3889 381 1387043
2098 5543 184326
3658 8537 263704
2947 9861 141464
9530 7130 549176
3089 2327 2124105
4026 1795 297824
9593 9720 340659
7118 1584 202385
2379 2946 1151260
5163 4299 488629
9153 8042 172415
9951 16 130264
9746 9747 20224
1197 8010 487684
2277 5146 817878
8678 3394 50273
424 7373 1218399
8761 4337 44338
5565 6989 1281232
9814 2097 424639
1180 9357 72002
1622 4463 1801251
6786 6246 245778
2803 1157 28968
8753 9813 676298
2091 3493 523651
6119 6044 1682163
5902 9456 547309
8923 1750 161055
2423 9833 63988
2381 1762 337232
6249 3063 516407
4365 3460 946082
9195 4544 613410
5650 3878 961994
1139 2979 416241
9008 802 241744
7323 6713 1316410
862 3993 994575
3908 4739 629306
8303 9851 697337
1326 1910 1537241
2245 9031 104154
3840 1071 1159012
3719 8544 423698
3042 1256 209426
2051 9968 10010
8647 270 188827
7746 5992 2173596
5445 7528 229975
3502 3371 248964
4678 7801 902201
6097 7172 599634
5 1610 810331
8175 8470 1473046
9971 9934 1693371
6676 9724 1088004
4577 3494 69231
4225 6311 127369
212 9315 508598
579 5115 465452
6991 8634 1046184
8717 9243 181460
9670 4914 17948
4521 9878 546676
5276 8386 74622
2967 8369 96960
1344 1687 1403362
6634 8559 573896
9802 676 495525
9993 1258 411896
1200 7416 2331434
1982 9419 311119
7992 4204 282873
312 3892 599148
2390 2470 414385
6168 2466 264097
563 1797 581382
1036 2539 382602
9084 3660 1073701
3902 9902 7616
1049 5149 1592228
3700 2224 99192
9698 5929 282492
4990 3016 1344238
8005 217 141931
7160 1868 1230399
957 4196 199135
5739 8610 180948
1442 2372 1835057
9612 202 108391
4178 1004 142377
6758 7220 1041250
8076 4153 315996
5616 743 642127
5096 3158 228913
448 7432 45642
6193 4306 17568
8063 1655 118977
1367 9070 146747
8956 8293 968481
8281 5043 56545
1427 1710 329357
5094 3416 538394
3694 2581 658370
590 6032 290151
1263 3892 826784
3734 6118 1249552
8872 5212 449181
7494 9505 1214788
9657 1849 520718
4245 4155 539134
1458 8588 78732
2704 5001 447994
8799 2236 1490354
4096 5899 1108949
5829 6816 1097345
1981 2340 523494
9372 2388 578555
9296 2572 548612
6279 1940 83164
1889 5365 336153
8228 6282 732196
8307 2956 70009
7998 8374 128020
895 6304 73911
4763 4812 62552
9571 4286 913591
1830 5053 892745
919 5421 114704
3854 6062 32718
578 1979 6793
2991 9073 179821
9373 228 424639
9199 3445 204946
7905 557 72203
766 1787 309747
9314 1621 901362
4888 2737 367859
6445 5494 63807
707 6497 122510
3998 3733 252428
4557 9917 239958
6052 6453 611060
7169 5499 687539
9207 9955 99883
3590 6358 176223
6839 1243 115465
7392 1593 10315
9497 2531 958203
3827 1128 276861
8374 391 478019
7073 1422 1082680
7695 140 298504
1160 3676 23497
9326 2624 129717
5332 7789 1156546
6539 1769 973148
8864 2930 140249
2002 6715 456402
3300 5224 295429
8835 334 625943
6552 7326 171281
1887 2244 862691
4567 1260 642836
8098 5910 315736
4328 6709 134676
989 5150 180842
188 9185 694320
2087 6309 531229
6774 3399 710974
6738 9349 128381
5766 6909 394744
9031 6387 178449
516 3816 240644
9498 3672 863570
7069 1396 95598
3264 7054 77323
8352 4977 300233
7723 6111 754979
8920 8559 1551753
3859 6559 140252
7835 4969 371158
6517 3930 417151
9343 9522 485223
77 2749 399709
2510 7689 335827
