189
558 2866 52963
8878 6501 450669
3100 5520 1258255
5074 1542 282976
4793 1182 222650
9460 993 338235
1550 7937 556711
693 7884 439436
1962 4981 253144
4254 5367 401044
8749 1356 523540
4437 9792 354448
9135 5267 111851
5431 8409 34996
8887 3307 424027
9292 1450 1250023
1948 3975 401145
6190 758 433931
9659 3925 394558
2189 9140 125314
8835 8187 1084760
441 4295 308571
1558 3273 98391
156 88 677767
4786 4010 215482
27 5049 1240633
3565 7824 498780
9463 7645 242806
994 8418 410778
9140 7820 374914
5818 8410 132083
4068 8335 145331
1300 7401 2782857
5713 4106 7829
7307 176 334172
8373 924 216795
6036 6415 71340
5119 561 81856
2244 4197 4270195
2960 1679 417030
5071 1030 1005017
6935 446 1286969
5981 1552 633663
8216 2799 381123
6351 4535 535732
1474 9949 91800
878 9922 656953
7714 6167 442351
6511 9350 2716776
3105 3206 24598
5199 6808 82462
5408 7828 76617
6374 7099 526449
2545 7183 1050671
5317 416 841165
9660 4936 435835
2582 2788 910439
8523 2734 2070
740 7526 685903
4198 8512 61550
5219 3577 1539639
4417 6886 134205
8499 2744 445266
1630 5031 147268
5279 2099 208372
5623 7910 249410
7051 2563 754230
3106 3145 145069
5086 766 248377
2315 9015 244477
5619 8239 1404333
8896 2130 443773
7063 986 688736
5866 4815 410100
778 4994 1061241
7539 5915 22001
2108 6816 635906
8640 3461 432831
6323 2152 152041
4758 9504 287456
9410 4638 283653
4873 2204 1253111
5957 2217 616195
5049 8774 780874
6036 4921 822087
1603 8285 313288
4031 3418 529636
4780 2112 1778004
4413 9725 8397
4962 4142 466702
3633 1013 95146
5162 2232 1251726
2031 4859 445066
7942 423 644092
6698 8499 383433
1935 8397 295776
2498 7983 507949
1410 420 1706868
1208 9609 4050895
151 7749 61903
8764 5573 203329
5932 4949 527072
5127 9017 118933
5670 6333 81727
1124 1456 839509
214 8723 1238586
947 2569 674944
9976 4447 246369
5409 2067 700963
5984 3484 646008
5923 7863 420046
605 9795 345801
6112 8354 9884
1900 3211 456760
7820 4146 437449
1468 7706 696039
879 2653 218637
7903 6458 220906
9942 5857 241509
2311 919 168298
9405 6962 2079909
5715 1949 392592
908 3372 43650
1248 2869 1012102
5818 2518 2151697
8414 1674 56405
6976 8177 303282
5549 9699 2202
2967 5449 132061
8519 8265 363917
6352 2207 927746
4901 9936 423404
1417 4858 983328
63 94 76891
6603 9348 348166
3904 2157 1456780
4544 958 776244
6967 8530 713386
8664 7225 120072
933 5158 59155
2615 7563 3457
6616 6504 832533
8569 9756 145514
2989 900 983273
3219 7097 451072
8106 623 213610
9441 1035 105525
7561 4682 254022
7933 7495 983706
8395 489 150290
5425 9105 857586
9568 164 673412
8086 9914 372907
9447 7720 49385
7090 7751 90443
3097 2455 820447
1739 8719 300704
6919 4018 102873
2899 4240 20457
6129 5099 979263
7690 8562 322531
3590 2533 298833
3675 6973 236617
4047 9508 1589155
2227 575 136136
3891 3456 293762
894 860 289690
1218 3836 20338
3703 8876 518330
2387 6040 415291
9755 3720 273590
6712 9128 197227
6037 918 9058
7790 5296 983710
9582 8470 1221677
8753 3535 323702
9255 8354 748631
7683 8981 97536
3111 7786 151624
3690 1583 16350
4231 4807 81007
545 6815 112699
6099 4795 414800
2392 4092 260603
5484 4774 15665
3363 3657 536025
2738 4941 210995
6079 9677 460211
9782 6693 138009
