81
6323 8367 1946046
9566 2829 2723195
3396 7049 359129
9837 5318 155866
6367 1636 364262
6581 1150 1723147
3496 9042 1165481
5334 9104 429490
2672 3252 1890662
1274 8238 529535
2295 9990 588832
6654 1656 75597
9315 7120 574231
5291 621 1489719
6439 987 340049
2637 9967 1248639
2485 5818 83981
5499 7597 206167
6438 6523 2223620
4354 2176 1222544
439 8491 4211990
5085 2690 27078
497 9658 747045
5796 9524 3431991
8956 4685 1220363
4 7106 2226456
3370 1855 682055
163 4608 1589233
7577 2122 897727
1854 690 381
672 7214 185245
725 455 2029103
9690 2125 2016721
3382 5535 47372
970 1262 2191026
9573 8588 311593
9113 1702 503542
8000 9961 139874
4393 2609 818262
6712 2926 1278279
9161 6507 2707874
9753 4700 472684
3285 7955 265167
6163 3738 470643
9439 8036 2064746
4841 1562 1351687
8428 5274 1183361
1912 2586 303247
5879 7238 4903526
9292 3963 1586267
640 6559 1972465
2597 321 4143657
9595 4602 1565047
7594 9072 1043086
363 6718 2538892
3414 8988 174342
6493 116 285180
1435 828 2439282
4247 9279 697498
4560 6209 297527
1866 5863 72522
2016 2189 412532
7496 2377 1818543
1580 3080 3438154
18 648 188028
7826 9476 1278761
1217 4934 4467723
5193 6337 441636
2457 2085 378758
3689 4907 504140
690 3131 491123
8970 5875 1524487
9639 9137 1853107
9601 7811 94395
1567 8794 207626
8024 2358 2124718
4337 7803 864116
1422 6306 2168070
2398 6626 422190
1862 7921 1383003
2897 915 1504662
