81
8053 6192 1196060
3301 311 949655
8204 7016 5798510
8384 3166 2547086
6199 143 150512
4125 5390 1200747
1452 4891 1103421
6473 7534 469863
8603 891 4681017
5781 794 523376
8590 7543 995180
8410 1179 79147
6863 9638 441249
2220 1574 1744553
3419 7084 1200269
9568 4442 1064378
9578 7653 1363927
6119 7458 1226969
8232 9014 1039444
4115 8527 1639164
6714 4949 1172034
9908 3581 1225039
6025 2896 625996
6553 5293 123657
8465 4848 5039447
40 6333 1787258
6063 7288 834436
9017 717 2557432
4745 9870 1972458
8764 7883 66176
4010 496 2450298
5482 8033 605226
6211 5039 111792
3366 8780 3347709
5228 6842 679500
5810 6999 3051858
1815 2165 1896872
7614 4236 966601
4925 5947 392756
1850 6792 1167038
989 8463 491135
1730 2293 15977
315 7493 1951728
9021 4203 450759
4150 7725 478883
1892 1775 468946
5876 9778 794085
6621 9428 177628
3433 9359 5827742
6007 1956 108064
6694 7370 1104183
2125 2661 1108662
2250 7810 950395
2386 4631 185975
1679 192 871275
3516 5083 991414
5155 7981 294946
7615 2196 4385415
309 8888 601044
7523 6192 2251146
7935 9670 138563
151 7398 280186
4640 2411 2967778
4347 7701 355330
9096 6337 594555
1681 147 429079
4139 5102 354748
9805 9818 912965
5669 8434 1606127
1017 4398 1179861
7829 4833 402842
2883 9248 47523
9624 3432 807134
1113 4351 1522821
4474 6697 451011
3295 2684 419649
1846 3449 1710667
9898 900 1211137
2599 2989 1295676
2244 5457 8033
2042 7612 306803
