81
2936 3434 367095
7414 618 30359
5210 3149 382319
638 5661 1660853
7541 6570 52170
2384 101 1122247
6374 2975 3194801
8919 3491 633078
3 4586 1727583
9423 6536 458496
9100 7257 1512225
1763 798 472230
6426 9662 607487
3237 1754 376269
3690 7404 433890
3468 355 705463
5088 448 615655
2501 5068 221926
497 8305 1138424
5193 553 390729
5675 6616 1816714
9067 8348 2967784
7476 1165 238555
9594 7623 1221896
148 1409 1508544
8956 9683 825872
8278 6521 2300228
8558 4398 118902
4354 1674 4281523
936 3408 184795
8842 4503 2485518
5024 2611 106609
6061 9206 1249808
6999 7276 1143841
4598 4053 1750470
5634 9347 470966
6650 8617 587365
4720 821 752234
8748 2342 566909
2752 5391 1724144
6753 2117 1696547
8941 5144 449120
402 5088 1729100
9428 8499 280801
7837 6875 739365
200 7842 510073
6475 7869 748080
8851 339 2812112
2372 4074 1277189
8418 6840 459858
9087 181 1812990
8652 4029 2385712
8249 7984 323127
3882 8112 1397256
9266 4725 4100666
7052 2553 2245149
554 6761 1391988
7942 8675 1566107
2667 5408 799834
5180 3287 153740
6260 3360 785803
6744 2738 108838
6112 9969 452957
2949 257 6867341
4123 2410 1047677
6667 635 708241
5768 7141 4260292
7833 6375 4572167
8216 6188 1800762
5154 6724 62093
7022 3224 3464902
2736 4034 174527
2105 5562 437142
6788 4859 927355
3831 4415 75643
6312 1398 464374
3478 6141 434755
3515 369 200277
241 3687 303533
3873 4465 1301593
6751 1524 2264938
