107
9167 3403 1257653
7720 8177 247955
9711 8797 1372603
7829 2429 390201
6123 9215 907471
3332 1318 1042928
2943 1692 657761
9989 3321 920933
5819 1854 1114835
6059 4478 104538
8471 8408 1414373
9020 5343 794836
9979 4782 335537
4894 6320 1099760
4668 2593 107883
3587 8945 91806
2117 520 185020
8094 2713 1015928
4231 9910 95319
3464 3833 159562
3085 2535 464960
6482 3676 1641041
1897 6235 999765
2653 5040 121502
4317 5429 676937
2693 3524 238077
4511 4492 766921
1491 4289 198009
1358 3828 1157448
179 1620 360713
1646 6861 826001
7872 9134 2281206
6109 7900 740473
1623 4030 463361
8173 6641 243099
4011 3136 519513
6360 7902 381372
9403 9707 482317
6969 5070 127944
1509 5594 2277445
6829 9433 419497
885 6984 677220
6661 9922 7230389
9072 7702 640253
8746 8939 180362
795 2900 3636063
1013 9739 181608
2998 2760 1157859
8167 2205 979781
9853 3458 382807
1459 2252 115493
1048 6974 255072
3765 1251 1308488
9648 8232 277497
5662 8480 2219726
6534 7095 135052
3189 9552 265892
5841 9910 1118143
9185 3930 1444711
1547 4638 619323
38 59 32336
5999 3740 1305778
4751 6135 714823
2619 7824 867459
7947 7501 661682
3873 4525 821841
5786 4402 2740427
8782 4349 85406
8092 1220 1096007
296 2102 507990
3548 9114 549313
583 7631 1043128
3114 386 117526
3177 8669 134168
2194 5851 1544682
4971 5204 354943
6442 3930 1194096
3316 7106 1531629
8764 9396 110607
4797 8622 1171130
8118 7701 560388
6743 6412 712006
6973 9882 2221848
5201 2832 207664
6546 3728 1518914
2063 4839 585367
1073 419 285426
246 860 871246
178 6517 224563
6733 6132 843267
144 723 1146968
3055 722 2712877
1196 651 217956
3389 1076 4830061
6688 5698 616337
4476 5906 558915
6912 6781 309859
627 5979 2087313
3837 4862 636848
1306 2624 2261176
2204 2394 433709
1610 8098 1023670
3644 8711 1844236
5952 3664 1782802
7584 6051 111409
2815 9927 2090013
1821 6584 1189949
