146
4461 5496 544699
4377 3242 761942
9984 9466 736075
9192 522 1885050
7210 2568 3100281
8910 4511 1805216
7835 4856 949684
2902 2998 182015
4426 6777 220137
9852 6572 642897
5137 5538 289001
7554 1708 607817
8248 9027 700821
2148 7698 127711
5398 3319 502183
6595 4176 1281300
9636 4943 789187
4912 5183 531983
7934 3005 423286
3110 9775 1239177
6211 7550 144806
1388 335 559759
2335 9856 773207
4870 1541 5519
168 6198 1634811
2491 4994 662215
2005 5180 276117
1519 3422 62200
8340 6588 848541
792 1962 359831
1089 1641 153199
3865 3535 129258
1970 159 328966
8069 2611 156795
9173 9028 397517
8155 4011 808837
839 136 310618
781 448 26792
9053 8258 181875
373 3846 1288710
512 6351 2598749
4788 7017 1399981
2852 3668 64043
2209 3384 4178690
3461 5135 567696
6460 6443 157647
3947 9422 807207
9058 8402 86689
3928 9432 130200
9003 8691 149260
8806 8465 1475635
8559 7238 25824
4421 9386 231302
3132 8831 4768756
8553 6696 427786
8045 5772 890553
8549 4060 18684
2098 8079 750689
9013 3152 748786
5161 8142 1447929
5176 7550 89102
1388 5099 1251257
8736 9135 65891
9481 9752 2375141
8525 8527 1474515
5721 9732 1132737
6008 9790 146214
8200 716 336885
7904 2465 312834
613 4084 528944
6215 2540 45745
7981 1573 1017603
2145 4291 1256429
3318 7499 682574
9733 3183 60945
3459 8653 131708
160 2212 22777
7168 4134 1280291
1558 6662 331340
8106 7828 67386
7901 5303 1692519
162 5012 663472
4777 9500 462556
1441 6149 1109157
5244 3914 381641
8677 6539 256104
9449 6242 628704
6635 6406 778585
2036 1034 84968
709 1898 1409249
5263 8370 130011
3349 1395 434478
7816 4769 558745
8165 9386 1731011
3416 8708 1222967
7771 9958 91729
1967 7015 1271726
2131 3403 88503
123 1620 580422
8244 7457 243088
1903 6287 18358
9894 8445 686904
8175 9008 202574
1353 6060 122838
5276 7183 347750
4948 8027 124525
160 4589 762189
3864 7884 168859
7130 8554 4490
7765 4228 627710
9337 6733 440652
6973 7381 1237908
6454 2504 542741
5710 6203 92328
8761 3954 989757
3870 4156 658449
790 1656 27345
616 9537 53291
582 9798 28945
9750 4097 541959
7050 177 420479
8744 6768 18972
1674 6808 1822116
9559 2092 53704
9949 5445 162354
6373 3985 465505
4664 3930 741317
8192 9083 424980
3892 1786 196364
8110 5207 2323821
6915 311 118905
874 3477 753851
6782 5326 684308
535 2157 1313239
896 5852 1028220
4071 5112 966440
5598 7273 197594
7367 6729 793218
2330 6131 266958
943 7881 292083
7057 6817 291247
6791 9442 1015487
8067 1941 1813540
3909 4034 844842
9665 821 1362123
7027 3793 162667
