146
466 7044 196333
9939 1128 98386
4075 6411 1413313
9933 2825 134066
2664 8271 610331
5972 9472 338878
9610 8415 1089900
8591 786 1327734
1675 74 370728
4800 1054 214557
4893 9202 203070
9072 6276 1738087
9044 5317 256374
9601 756 306503
5423 952 874451
4029 725 114867
43 5590 571728
7373 7173 1570371
4699 5420 199472
8866 6077 1100617
6751 5988 843411
7054 2149 819581
2443 3650 1029599
6508 3077 18403
528 1076 482826
7453 3409 389025
7196 8281 1283411
1709 559 222474
4367 6113 1783546
5456 698 542708
5357 9641 1294180
2917 2388 428616
9506 1734 451424
4256 3970 139318
9054 4699 320644
4981 1819 1349456
9983 3175 8011
9950 9019 2682425
2431 8352 1414612
2893 6432 194012
1308 8380 44259
3353 7144 1051669
9118 8650 454474
565 2549 3552285
6859 9422 2307851
8117 1035 778562
8911 1124 136541
3350 7016 273530
4809 852 473766
192 5454 660254
7235 2950 783811
9864 9029 81892
8586 7154 592420
990 1031 575425
136 979 822861
108 3102 289899
1916 5842 509728
8983 6633 2260939
9455 9944 1560773
6754 2643 427115
8443 3722 795485
5392 5027 1130151
7013 7930 869812
5389 5622 382100
9346 8728 844277
3148 4869 687672
1886 2081 588019
9657 416 586271
6046 3674 19701
4144 2166 1191267
2063 774 205971
6224 7510 132505
5469 1685 69440
8410 8248 750053
8227 5939 1324438
3861 8621 2099679
3735 5645 13513
1992 2645 825532
6722 4378 1605839
3978 8756 258694
7386 5298 381452
2548 9537 646231
4454 2984 9038
2912 9891 389856
1843 3391 326272
9603 3050 332384
8102 9975 1339442
2385 6276 1318157
1569 9097 824128
3352 3615 122547
6237 1500 212829
778 1637 300628
1244 6566 1639980
4107 6122 250749
8087 4055 72987
8033 739 766111
3032 6385 806987
5697 4013 249492
738 6986 2049740
6121 4870 786100
8760 2004 362565
6113 3658 1292593
995 9624 1535006
1925 7076 1287064
8145 56 899002
4919 191 455092
8779 7423 939847
5373 4847 141639
603 635 505061
7160 4557 37527
9845 2649 706976
4850 5281 572407
1101 6635 84624
1119 3534 78260
3716 563 146841
5250 621 10627
925 3600 113084
3547 4724 160469
4463 3834 14630
4594 3958 1252335
1113 3719 394623
4238 7642 224926
3779 7430 222419
1901 3069 127242
6388 293 947256
7352 5613 860769
7250 7922 1483284
6082 3767 807036
863 7280 746762
5333 273 119643
5310 956 1468077
799 636 950535
8189 1122 884728
7556 4116 291663
5948 5553 1290582
6604 3027 492314
8607 6912 283727
3571 2031 245295
6236 5327 2871
240 3104 488104
1278 5088 262187
4400 3860 874314
619 9833 801540
3112 890 1319423
8424 7704 125011
2258 7331 418989
