146
9767 6569 8890
7339 405 425842
3975 7363 744141
6059 3027 617081
5723 4870 149130
8164 6893 835488
3972 1981 961903
8629 6056 1122552
1867 9762 932954
722 7769 542267
9203 1024 69596
8313 9562 462803
3791 5406 2910528
1112 6472 267896
9382 6079 1458514
871 9044 446809
5606 7936 170796
2372 6755 645714
5469 8673 1116476
4981 6418 726254
5841 1781 872799
3247 1655 275569
6160 2112 426016
5268 2590 977996
5452 9143 228947
1977 8556 523168
5342 1099 541252
5515 4245 1455195
6986 8077 785722
7774 6301 152097
2753 8508 847555
5133 1021 28389
9915 3844 2064010
72 2119 266499
2171 3002 340650
1518 7572 2115814
5102 8598 100930
4538 1253 237232
8740 8256 1043252
7463 8092 331228
9027 6814 738542
7738 4411 251308
6839 7602 1385753
9642 8768 114031
3792 2524 44141
9168 6778 545135
178 6619 58790
7501 63 40290
1972 9838 485477
6251 6132 350231
192 145 633091
6543 1404 237394
578 6412 38831
1456 4455 259144
5257 9619 346928
7677 2453 1705030
8514 7053 840345
4878 7912 531214
8868 345 900070
1927 3837 506236
7810 8057 409154
6670 3 1038895
859 2881 684737
4885 8544 129603
258 366 1451300
6727 9157 289054
8893 1343 155462
3147 4328 785531
1055 734 588614
1949 666 419106
5769 2041 1741927
4774 1299 629776
6906 2686 294507
187 770 102982
2500 5466 501701
3687 6147 1549857
2203 3419 1358635
6464 5844 727572
1387 200 590603
3879 2524 566902
2290 1570 949283
7938 1755 266913
1385 4384 1728567
2493 7843 953556
6648 7522 964708
275 6609 1656640
6752 627 186573
1033 3325 636643
8490 6422 2502521
5945 6299 1056965
3171 3476 800118
7866 8780 1082836
4026 1167 1328970
1865 5022 810313
8267 3552 132153
8840 6382 550191
2119 833 1735410
8027 2703 205270
3230 9902 2360661
4952 690 30743
6009 6711 247288
8988 4913 825643
1688 3894 242914
1003 2571 984033
858 8903 1072100
6935 2433 126257
5203 4325 867849
6418 2251 3129053
7202 9330 289422
3191 4627 1031930
4570 3670 1092270
3513 3971 38318
6874 6855 420022
4581 5908 578358
8030 1273 747883
6068 8923 712220
654 3055 1912581
561 8607 12559
7459 9952 994472
5637 930 520321
4653 4321 102738
3678 7355 18810
1158 5503 1022291
9453 4093 195051
1876 9788 347301
4091 8358 692926
7474 9366 526128
3539 1462 1002067
4354 8915 212665
826 6665 434042
1298 2341 234360
1293 3054 50648
5263 6990 964559
1491 5687 1825808
2652 5493 406971
7355 5903 844900
9516 3881 29019
6593 6791 424708
8590 7743 554700
8329 4995 94729
4632 1748 155977
6858 5263 278652
31 7308 354094
8657 7676 251304
6647 113 267979
962 9845 665193
