121
703 8125 1419864
4743 3670 391316
2328 9105 743224
1034 8664 137940
4039 7384 32026
5600 819 535453
6020 7619 782838
3675 9193 251323
6460 6356 1967259
7716 9912 613924
3721 2170 88810
1796 3362 27703
5889 9274 1246190
9760 9386 572029
4616 8074 1873624
2260 8081 1591767
366 5182 1552584
7229 1058 924180
1809 4284 398421
2605 2078 1304323
1132 1954 936036
4839 6761 822418
5868 4554 1384894
6822 6405 254538
1599 5337 555446
5079 9204 153275
782 5708 227534
9183 2745 2119629
3763 5848 26549
515 5175 58194
563 7691 228312
1390 6031 120379
3867 8498 1294069
1975 4464 2786095
7955 4688 791351
4123 9044 455672
4580 4911 2693409
8955 9124 379878
694 8491 340630
7146 5344 2312392
2775 4833 1777936
5028 7288 1124873
5607 9839 301939
7349 3701 596067
3917 4913 115956
2017 1009 2415337
6911 7988 394871
5365 3139 408971
6884 6062 991869
5690 6215 75027
4511 6723 875928
5237 7773 1162690
5911 7384 6302
5375 7145 1457383
9494 4244 1840292
1868 3829 606421
712 9071 124076
3092 1841 2316332
4854 8357 987233
6459 9321 2328469
2390 3127 20071
8094 5331 125435
8515 6436 300546
6089 1955 1200335
6901 7243 124826
8773 9045 820980
9864 8730 1399256
1731 5266 555997
9767 1300 373835
4829 6897 643035
4027 4985 2223847
3432 9103 223385
4164 1570 428605
3211 6602 135715
2025 2895 155113
324 137 703392
1527 8368 82173
8894 7872 191198
5318 8958 939273
9082 2638 147493
6277 9000 638553
1952 6550 2199422
7947 6166 41645
9528 2769 72584
3676 7923 657223
4533 8577 5972634
1421 3940 74201
2303 9976 2192503
7275 6625 700201
5207 8680 191643
6477 7176 745522
9707 4039 987970
3597 4517 571406
7663 1297 1720627
8294 9206 1597747
7123 8636 253761
526 6785 676187
8187 9813 328067
7372 68 250280
9708 8167 187790
1234 8395 1745296
5602 4443 154058
434 1958 286210
4563 1000 633924
916 1531 1516151
8935 7715 136069
7234 4202 466117
5638 8214 600528
9449 4220 1015045
6440 1249 159276
333 3843 52932
5764 8932 598898
2924 7079 749171
3306 3487 933482
9098 3942 2351246
8979 6900 655466
416 957 28668
857 1766 144620
6069 4109 1324855
3113 5187 277521
9419 324 1012521
