121
8207 6416 112652
9669 3875 54242
779 2357 11212
944 3619 2241595
2759 892 1937828
7715 3680 1981892
7735 2182 249822
9655 3586 1257279
6728 6642 1084455
9673 9212 1367712
2880 9260 1084887
6543 7212 2303513
1846 1599 173954
9291 9203 629153
505 2699 632374
2936 7066 1105562
991 8343 1146230
743 4190 1495622
4491 9964 53588
7496 7537 125247
6377 5295 346373
5352 3653 435888
4335 2898 1056415
1634 6462 789963
1706 8051 1481141
6798 1696 1254359
4743 2765 144099
3946 714 339193
3240 2577 543618
3571 1671 264155
8242 6843 562609
885 4063 256430
5012 573 300183
5456 6257 286694
8306 7430 646623
5059 2693 256412
9914 3161 947965
3946 402 1732013
6154 8462 136014
7835 1101 85929
6675 7317 319964
9897 6633 119173
266 6907 572150
7629 1354 1892075
2927 1042 152486
319 8361 660437
7259 2353 853159
9003 4524 382592
9093 1782 233178
2713 2808 397205
5266 2921 162310
2034 999 838323
8593 2951 2458677
6461 1768 1725438
2660 1444 605370
7599 2987 1337525
2906 4828 394666
8069 2007 1920432
6542 4792 338897
1027 1837 170234
640 1301 1316749
9127 7377 15711
3923 6640 388924
3684 9542 61812
1203 4589 168528
4931 3896 800147
2605 3732 548863
4209 2106 1574860
9995 2314 2722094
7051 6224 64192
4397 5844 161405
2610 5980 1757480
4875 1598 637501
4408 2497 431818
1472 959 43573
6932 9160 79926
1943 3898 315881
7151 5879 404177
2582 2679 294119
9777 1586 503
9366 5617 1121270
349 53 1346786
1145 125 333325
890 2889 10145116
6947 3216 103647
2571 6469 32217
6005 5125 844684
7478 5070 97973
4201 217 1111063
7473 4174 2064749
6030 2028 1053218
8101 4734 702845
2700 3766 89220
53 5334 41047
3003 6438 108715
9824 8225 350971
9759 1587 57501
9822 9260 2677066
715 3781 381154
4449 8681 738504
8534 2832 1718623
8197 551 562795
4341 836 186937
8354 7616 66021
3935 8840 1659273
4410 618 2046068
4222 9662 514344
4164 6613 1415126
7428 6985 1701012
3674 5783 472545
2572 7844 177501
6395 7667 516229
8879 4209 31232
6771 9639 124031
4626 2476 770467
2562 8205 1977756
9026 5577 721802
128 1095 937404
7704 7781 1921411
9840 460 13046
333 5340 827857
