121
8264 7769 1321245
1924 8420 796357
1605 1910 351959
4804 5951 713153
9039 5630 1673165
4344 2161 35249
7439 8072 228599
6974 6528 149421
7582 9934 857818
1149 7986 170288
1292 1193 693134
2481 1183 2151407
4589 4993 1378525
6315 4625 139892
1646 5607 1795302
8046 9660 60935
8029 7241 946912
8576 6407 155485
1923 4266 4382379
8010 9449 98672
4940 9628 187062
7198 7153 577359
4167 8464 646408
6817 2356 360709
1500 113 615941
1013 3237 1613051
2234 1115 615757
5887 3451 316328
5778 1779 1832394
5688 7539 1282424
2384 6885 6095385
1525 8822 673720
7532 4239 1219522
5816 4190 312285
4727 113 1533801
2420 3242 352096
5166 7747 1719632
1181 1153 694168
8444 9943 989215
1408 6337 182361
4160 2917 158370
1674 1665 537993
7305 6286 62723
7534 5786 769207
7171 3611 245675
9189 3171 797591
4919 3052 1134801
6748 7064 344583
8382 6119 1140654
2641 2249 1797614
7399 9585 857912
3623 3281 176443
8250 6877 2034608
6736 5173 37672
1608 2745 392010
3021 4877 78037
5495 2310 181416
8901 5382 2775763
6741 8974 1369470
7760 628 47176
4246 7677 840214
3773 6269 52515
6672 1978 1078594
9091 3809 1845564
3583 4150 335836
1361 4413 786317
132 7130 1110383
2031 7562 854527
473 1201 1628060
9264 4760 68912
6474 9358 3625772
226 2550 534655
3631 2240 160431
1097 681 1464721
8526 3990 1738545
7908 4722 915604
4400 6003 6083
7506 5289 284257
6891 101 601659
9017 5905 52026
5593 6950 844793
5358 7203 70890
4985 7534 554101
5104 4282 567476
168 8712 31545
3055 3962 662176
6005 4359 487249
1687 8170 3492597
8670 6245 848023
2590 8122 527018
9761 5719 694661
8891 3066 506291
767 1109 1744398
2787 9902 41478
8395 2461 2573663
7491 8715 57612
7976 785 1076666
9536 4367 215853
4139 1502 486221
5618 6155 884483
2360 2256 536516
8900 1110 376509
4452 9437 1307
772 702 223691
6585 3567 1099505
7966 7134 883525
4134 7901 788314
9012 6897 784598
9927 1352 834754
1038 487 1165936
1882 4154 638939
1319 6775 18569
5422 2612 1807159
849 8015 378692
9416 4979 447475
9443 7367 51340
2111 4624 175155
4574 9997 215876
9226 4004 335070
6995 4259 22197
4968 1201 3771
