129
9524 3389 245597
4388 9579 1028134
9242 1344 825791
4246 9184 935710
3651 6258 365273
6230 4933 5073
6974 1659 344677
9761 1137 1794515
5200 5236 1523457
4140 3417 467963
8736 5368 683047
6519 4534 1841490
5265 9648 910686
4629 8061 2127263
6284 6839 3309329
9534 2505 560507
145 8733 1274472
8069 6966 887317
3668 6595 918539
4625 6133 105729
8551 7885 387495
9846 3322 558327
4190 8322 3402491
1991 2104 336588
1440 9835 613416
1490 8351 29752
8806 3360 714538
669 8545 996066
1445 9581 143788
9072 6211 1259623
9153 3889 126129
8699 7588 1131279
2516 6579 1053679
4663 989 475728
1981 9951 338919
1794 5211 340233
8425 576 362393
4218 8608 116398
5295 9954 200050
3049 5485 61048
3828 3072 150226
2980 8501 336557
3062 7593 117604
8947 2297 929704
8892 1634 135380
6678 1192 156657
3564 8289 836236
8535 2502 13539
4666 4382 392032
1959 9429 330504
752 241 480453
3639 6716 748061
6670 9284 87351
8560 8338 143597
1914 4570 49790
3855 2948 414870
9931 9927 1048243
2982 6757 217135
6173 8244 386468
206 3430 300056
9260 1627 1077039
7827 2795 785999
3132 1551 537196
468 1553 181421
4149 146 1245309
8468 6745 234418
1587 3624 148769
5592 8513 235634
4837 6556 341347
3927 6487 932367
8629 8929 141247
9865 2078 2623600
9415 5726 2552339
2455 1312 254611
7963 6198 586188
1440 267 61466
4525 159 678012
4521 5226 3977938
4410 1436 170834
8366 8556 45662
819 112 440984
2607 7007 1123125
9180 6893 1062135
6887 6132 159571
6449 1273 1499987
5431 3137 36165
4508 1396 729085
7917 5531 363079
2702 4097 1159632
4673 9994 113049
2311 5062 2702170
4205 2490 1526055
9403 4574 1769233
7618 233 326527
8270 6502 574985
6393 3847 497443
8879 4322 172476
3770 4804 800421
6246 8886 30400
8345 6474 5679
1435 2908 3159147
1638 6011 181604
3896 2884 672519
618 7506 464880
2076 3099 639024
8166 2428 1773113
7509 2696 216752
617 8869 1900074
4839 8633 825653
9163 1447 782788
4427 8256 597092
8540 147 1347062
1785 6615 343155
5467 8163 1141511
6894 4876 504917
8022 5338 670700
6666 1697 1069229
3269 2086 1431600
1988 5657 1233832
4745 4855 312748
5628 8161 243705
8869 205 774954
608 1940 311958
1921 1651 720431
6359 3849 3297790
6663 8059 275623
6659 6126 1219085
7237 6746 1556306
4070 8176 352179
