129
721 1675 664528
8727 7073 231996
1783 4414 219356
9004 8573 1486373
3533 7160 278475
461 5109 2429809
8531 6352 312697
9523 7862 2085984
3852 1849 650870
6563 7486 1235315
7450 6544 590516
3136 6109 68945
2685 3341 605149
5422 4030 76142
4577 5322 1254003
3964 4281 2277653
3418 8390 842672
29 9604 11714
6580 7582 1103052
891 6878 1091642
6687 5067 76852
6394 5479 178475
5919 3983 892508
6766 5577 1019759
8288 3668 2523383
5745 4353 537261
8653 1570 33121
3724 588 125405
6706 9566 1282003
3775 819 1558688
7485 8696 84009
250 9541 100241
7952 1747 339226
751 3617 416876
9230 5139 81229
3407 1504 2472416
4461 6408 328707
1994 8390 119800
5052 9882 569468
8861 8877 2509600
5186 9214 791609
9949 6190 19101
5315 7659 2238076
2811 9951 300861
4030 4607 1853567
2031 4541 1038349
3137 3073 529553
4061 3696 793383
673 2091 897759
6146 8934 1929646
8129 5303 3688163
3092 5931 568501
1835 9670 19456
6265 4068 588536
1594 2675 460336
5144 4473 1903176
9688 4449 1881
8062 9368 57046
2926 1366 686776
7134 8266 37947
4479 5043 443784
8401 6789 2878233
4712 3370 424092
6429 4211 361009
7963 6769 1909920
7701 845 306677
4369 9367 732382
8476 460 1307115
3692 7197 733865
3575 7779 1335709
4892 2330 126813
9965 3539 1121638
9226 216 688912
9914 2995 604412
3432 6808 694008
903 7770 1030794
8344 6328 1039804
4562 5769 892598
5633 9369 57634
1598 1250 848016
1872 9074 228227
1466 3045 285794
3204 9489 75231
9024 31 326366
550 6727 311717
8164 2988 308807
2736 7151 842529
1463 8656 1479229
9459 3859 1020929
234 6246 1739804
6515 3191 900755
5323 4876 348999
2918 5084 695087
6828 6210 490813
1352 8651 333156
8243 9004 64795
8716 5195 201132
7449 2242 1600324
3022 6950 60810
1020 7172 1009654
5182 6495 143465
7031 2817 91112
4991 7997 463160
7245 5639 102591
1101 3915 131733
5189 9611 23542
1214 9232 3711434
5837 870 22755
9603 1403 1124287
768 5183 50482
7207 6972 554686
5143 3457 728273
8568 7748 10933
1673 8438 1488509
3566 7595 13639
5002 8458 812426
9601 6384 613076
4474 9466 407602
9883 4104 2050130
1819 751 1767879
1641 1853 1094646
2804 9950 1008018
7991 10 87533
7384 8165 45910
8244 3926 358163
3599 8542 122473
5480 941 1298864
679 5364 444185
7566 1154 197281
