222
2544 6663 599299
2093 8585 1131313
1403 8012 4231983
1412 4622 477708
8438 9066 39732
2992 5700 201469
4494 4782 213557
3002 4585 414643
2375 7357 205035
6991 1273 1014862
6450 3699 120479
2015 5012 186096
1439 4814 301123
7690 6418 100359
7896 1958 201723
132 6693 1813308
3993 5255 675013
4700 2728 503804
4857 21 197812
4081 7895 416598
37 4452 651700
4384 8078 323442
5954 7089 142951
8153 9642 768940
7893 5674 234532
9537 9529 1144551
8536 6379 682445
6349 5586 15719
2655 447 169044
8484 6565 523433
4324 8760 311241
5035 6387 948172
9103 652 200024
127 5718 158408
7025 8093 33609
30 7377 4305082
4122 8651 52745
7455 5368 506401
5791 955 13620
3684 3044 756880
1422 183 251865
5646 1456 145049
2186 7205 854939
5496 5481 17585
2212 9065 334580
9272 3785 454967
5229 7529 253588
3819 1456 118633
8744 7863 36198
3003 6022 46796
2651 6560 274434
1592 9582 48213
8687 6465 166090
4879 6442 552332
7910 2230 472050
4933 3183 22918
9326 6018 239746
5807 4799 187706
8114 4659 241906
5115 2932 502507
4957 6633 240379
4616 412 106527
2219 1712 10399
1821 7815 350577
1077 3308 337025
2817 690 242516
3697 224 414762
3269 9113 596220
2037 9477 33740
5935 3271 1472207
608 3087 728626
1254 7071 250824
8255 9386 176080
7224 8320 1001961
7256 222 258921
9445 6062 1159229
2428 1915 241973
6055 7616 236873
4618 9214 774234
9274 8500 163808
801 6018 1626334
4491 3315 497101
4316 4110 5962
3080 1856 330371
703 8943 65869
8329 2556 256915
2200 3406 52291
4355 94 30341
3395 276 202701
4953 3484 242029
4244 9305 254126
1582 4319 224905
9518 1337 57139
7437 9685 25983
8081 7000 284671
4605 256 164986
7514 2655 181290
6303 9852 131141
7918 6422 185620
2323 3169 11837
3621 2811 43264
8668 2162 312888
260 5054 18403
4372 3073 442813
2240 7708 381616
9554 6751 473849
3777 3634 170523
694 2594 769911
1737 4217 1194062
3911 9620 185597
2667 3311 258963
1111 2381 22968
8428 1837 124504
3643 6729 42664
2204 8348 790311
7956 8141 236197
5855 3391 786221
2727 5907 340138
9323 3187 370755
1335 6145 96333
1390 3534 1448344
1409 9058 122497
8120 9028 415443
2229 4323 12214
413 662 440793
7564 9202 136534
6901 174 983859
2338 5507 96448
3528 1291 160605
7820 6627 43798
3731 4306 166650
1435 5486 215020
1919 8758 564773
6117 4786 771466
9473 8058 412905
9924 7295 75214
9204 8540 228038
9985 8961 175793
1043 3533 62235
7340 3368 449265
3027 9236 759517
271 5090 1541167
5632 6134 70030
9706 3984 216242
9250 942 995199
7800 3754 41269
923 1698 55717
6362 3133 173646
3750 8796 1140544
9776 5620 948802
8043 1174 115290
7980 342 308621
1738 8771 520927
8193 5017 640977
1758 521 1587037
4340 9531 844060
9742 9719 559412
2957 6176 131817
2279 2870 769578
5108 9426 201354
8998 959 43523
1727 6170 376557
830 1576 110207
6624 3349 481429
5273 1977 196292
5235 1766 1804203
6497 8884 354241
3763 9192 132300
6783 4291 930121
2715 6248 120866
9415 6531 60215
5285 2269 101425
2519 3159 320507
2855 4598 328497
3018 8116 550989
6043 1522 124551
9737 2314 474957
8521 3799 2307339
7458 317 248211
3706 5454 551906
5304 9914 504518
6836 6953 697335
2624 8345 231928
8687 1898 589664
837 8728 867165
8224 1145 221254
6788 7504 90681
1371 2453 153490
2038 3086 385005
609 6019 539
957 6994 41694
1167 5958 698544
5773 8497 1625350
5253 4273 836909
6418 7108 412895
9751 1878 127052
1971 3174 22751
4130 1061 263613
9338 8836 10610
7631 5849 130077
9303 6412 58127
978 9486 446900
3903 6375 505423
2989 600 48042
3588 3389 313698
4974 9313 17737
1204 457 1590639
9244 4502 228396
2252 977 368256
8356 1619 2646248
6113 6829 631956
210 8123 216107
5447 6614 465753
3693 9279 567587
2480 7361 878905
2096 6237 533752
6648 2642 37847
6384 5506 1663605
9422 9739 348516
8329 4791 11385
976 418 546790
3810 5031 840391
