222
5293 5037 304888
7703 9790 31326
5027 1400 293278
3579 6576 533751
8105 6419 17151
3059 7285 1654154
6625 9561 15659
6694 1693 60478
3575 9919 1612809
29 1045 1391234
2741 2655 997658
2265 6967 110633
8101 8754 439329
1882 5566 1370990
3770 3996 529610
2048 4742 325640
6763 4755 99963
2432 7214 468143
650 2357 310398
4693 3889 14524
8382 8179 411019
4492 9217 209297
6858 1912 61744
5716 7221 517175
717 3505 151692
4823 4135 110823
852 3585 192935
5679 1628 88996
8955 7498 1875598
3827 4729 437365
3337 2194 529190
8053 6768 220801
1802 2325 1165158
9261 3746 18533
9922 9846 684797
8052 3073 1430351
318 3475 1393899
9563 5939 18977
2772 1898 121607
1481 1688 174396
4349 9541 522778
6374 8997 93854
9892 6277 259252
1656 3463 751791
6837 7455 67445
9862 3324 890296
2299 6665 61064
8764 2981 174534
6569 3053 216446
5850 9177 1062790
4426 6398 98335
9276 4388 1315187
5267 3894 39732
8925 6420 10110
2278 9244 834667
6097 7132 74807
8030 93 342444
1900 6928 1411742
420 7382 1927848
9584 9993 1036008
9677 4695 211430
4634 7163 245071
8415 2821 181754
5850 9341 62989
7896 4705 471505
7246 9796 618027
1677 3017 210745
3436 6876 302616
7309 4182 133634
9234 8035 751962
6973 9318 637638
2127 9806 619642
9727 1903 325160
557 6530 148423
3202 5908 318490
7479 1100 554276
864 8878 110675
505 7804 222715
6530 662 340672
8006 4662 265580
1733 7576 950866
2268 6713 185376
635 9404 636686
8212 3810 200192
1932 1908 1958398
9108 2955 420092
3515 3223 956262
4066 2487 690210
1048 708 275422
5071 6130 834088
89 2126 13264
2839 2638 471084
8437 6094 31755
4447 7111 344204
7831 2761 87196
4591 2810 92736
6815 1802 251862
7114 6327 13707
4794 4973 361101
5087 2141 348398
9879 4348 377780
6268 3072 286824
1193 8844 424921
6495 7767 339284
7500 9723 651322
1601 640 289580
613 3839 275345
7857 7764 241823
6048 8683 52323
8301 3479 533340
7206 6229 126028
6320 2079 340557
9859 5549 441069
4181 3791 189687
1089 8456 294379
6236 9508 316806
8869 448 225640
6556 6587 483338
1897 7909 87084
2105 8882 9315
5659 6248 779976
9372 980 845675
6241 4583 509741
7943 504 437630
5469 2872 41757
7883 7537 491825
7665 5166 120835
653 2227 60231
3707 5618 579185
4557 6175 836599
504 272 723373
7809 7479 355238
2135 7132 302852
9532 4124 544325
6234 1728 396044
8147 4029 1101372
9074 9611 172523
1722 5555 69390
1092 1693 367717
2371 5354 1070060
546 753 146835
8857 9573 59188
8386 894 150096
1338 7525 164853
2175 8535 150746
2861 3994 1030856
8685 9980 480812
4487 4283 408631
1581 7496 640659
2926 4374 95957
9419 819 112693
3395 5662 1062884
3630 7732 702290
4947 5267 686254
4070 874 199859
7374 9298 1406055
6600 622 158756
5011 2196 117069
9868 2042 647723
412 8452 51196
3615 7771 565731
1712 6725 378551
3098 9511 507664
1236 4971 345256
9913 6844 414472
1420 1275 157906
1810 7362 829654
1156 3370 224154
3091 2644 574230
6426 6979 17599
4998 3681 141013
6524 7190 501766
2223 9910 871229
5479 8396 99500
3697 300 201590
5423 9464 1660911
7993 5507 269426
1978 7862 115607
5708 9026 952814
2037 3374 370742
7205 1784 865918
972 7569 25604
2230 1900 1194436
7097 4553 971935
9875 8977 73717
9796 7597 887374
141 8822 470870
3263 2397 1053779
1566 5587 83755
9588 3745 680812
6954 7200 184345
149 504 227448
7783 6504 26554
6325 8872 215878
5754 7842 254837
6713 3613 824014
5442 2231 121696
3520 157 181694
6882 7422 446047
2171 5449 271558
5010 2896 399975
289 8586 250712
6020 657 83275
5852 8196 171575
6278 203 652271
6802 2670 356991
1345 2294 794176
5041 9228 295179
3762 8731 474211
784 9238 584583
5367 3945 273390
3819 615 672651
6009 6210 306708
5505 8711 1326780
7610 5825 678747
2743 233 32520
2615 4570 368693
4491 4354 705820
4480 3764 119938
5529 4515 816089
4927 6599 204324
7410 6106 460099
