222
9862 8382 62002
4825 3510 672379
7050 4436 243636
1210 3242 261921
6448 9470 258795
7539 8199 201747
3944 7200 21460
5363 2912 212189
8412 5185 141959
6354 3159 15664
6404 5859 436
5838 7751 406917
9477 8022 87976
4671 8047 111812
928 8644 335994
2358 9212 523130
1737 7966 204500
940 2649 90584
9035 4202 614988
6487 7259 1020222
9764 3658 624573
6043 3016 847238
4010 6579 512772
6635 3431 697067
1084 7709 509652
5542 4047 1075911
4794 6182 124634
5005 8201 659997
4409 1121 240128
775 7993 96194
3241 8917 1429867
9361 6244 396070
1990 6116 294135
5780 7552 172691
5136 9771 416821
184 2564 619907
5294 9373 33218
7379 9858 538509
9675 3670 546372
9945 6357 114020
1308 4957 1594233
9975 6376 616932
7856 6703 1501643
7180 914 505232
3084 4008 540221
2925 9756 134394
1500 3107 602856
8294 8232 281297
7323 5537 367401
4583 35 334441
2516 4932 2964957
2364 9565 88683
7460 7530 93160
6139 5340 484311
7926 8084 158204
5885 5332 26144
3726 548 874635
423 2535 378468
7640 9349 161041
4270 1192 220628
3726 7290 1076205
6358 6513 117965
4983 3640 212241
4409 6744 277593
5676 1795 515630
9886 256 397014
6176 42 501145
7349 3277 797264
4306 2964 1262465
7908 7081 22729
5194 4528 169791
6777 1412 16441
3647 4048 1653414
2640 1044 433221
960 9465 580344
1584 1597 1534815
9964 2513 860941
6915 7770 1347342
6004 3983 432239
9224 819 176652
4468 4346 798781
9543 2913 545458
9298 960 543374
8953 4231 882822
2196 428 192086
2059 6167 290607
881 7712 323253
2551 1780 296938
4404 638 622413
7666 8488 105644
78 8606 119366
1540 6438 31596
69 8338 510517
2367 1007 861272
5340 6435 321649
1712 926 214145
5351 4654 496608
8422 8021 799268
6318 1524 85093
7522 6247 317460
6263 2192 119520
9354 5745 729614
1229 8296 113515
635 8841 282517
504 8606 356245
888 1826 649637
7843 9343 490426
9388 8467 972842
1494 5944 254104
2232 5472 299220
3762 4471 785810
3041 2304 587845
8205 1616 183899
9535 493 177709
5711 9887 240910
2118 2071 1085767
1400 6208 1539203
577 6006 141356
6656 4993 554326
2441 7309 310170
5532 8946 151053
8107 6734 612367
3154 4993 790063
4047 5285 51229
9734 2368 821939
8086 6828 243741
7412 8316 842987
7606 2584 1552729
4942 485 116129
1865 9784 216762
634 311 174692
7708 2655 156070
8260 3688 455437
4193 7789 814565
9196 5255 7238
5500 2667 206307
6036 6018 85144
2713 9281 59497
5261 4215 683673
145 7592 247493
3771 8892 715439
1406 7479 340053
5509 7283 351535
463 8577 308961
4946 5341 281902
7453 5843 870320
425 521 209526
6320 817 244461
1129 664 1199717
4287 9728 84603
482 1545 216575
6736 3866 459560
397 3045 349306
5030 6584 175810
836 4330 483515
6358 3168 497933
2815 3985 131921
287 454 580138
1348 1576 99231
2341 4314 1323999
5117 2567 461070
1044 8037 674863
9870 3353 54656
9204 3841 498072
1627 3484 536956
145 8991 1352946
353 6178 10154
5610 4960 403434
228 5751 35380
6586 6018 195372
1653 3176 35209
470 8781 951863
2925 4731 243864
5589 2274 23086
4176 9855 375953
6598 544 8269
968 9085 1279357
1790 8545 20052
2695 633 45906
6758 6547 1213493
2673 6102 222160
888 6906 777994
8211 6684 514873
5389 861 461953
5499 8442 49782
4900 2814 233181
4124 683 29997
7231 7209 57283
8077 3039 433377
8530 9756 401936
2603 4130 402787
7801 5854 608316
7357 5725 1431286
6714 4143 52334
9270 2803 248995
1514 1202 1516
3685 4721 52873
227 2390 180921
1711 633 105049
2937 8297 917646
8294 710 509235
1329 1128 33925
946 6291 250136
4057 4996 48265
5791 7619 608115
9426 1303 307686
3252 7002 531313
2874 7359 821446
3135 6273 137452
9721 9248 187987
2979 2865 878005
4186 3618 139175
8252 7010 217129
3819 9572 1153976
4154 6078 342319
6214 8564 281765
387 4290 56450
9654 503 1160402
5461 4340 64121
3327 2417 846925
1940 1653 19135
3315 3165 601800
