123
4163 1331 317648
8304 5951 822862
8638 8369 22685
3910 1846 1489666
1470 6614 601282
646 1029 670932
8078 8464 1057667
8714 1525 886483
2865 2619 1183014
3845 6983 846473
4082 6970 810198
9302 8865 515249
5956 9968 275361
9982 1992 151646
3617 7931 1608668
7326 1338 1005546
7493 5268 159712
4971 7539 2224877
5924 6243 194914
7191 2819 2888686
7098 7683 2484348
9901 561 896274
2673 4314 425345
8082 4221 822705
1065 870 83883
9054 7205 38008
3142 7114 177859
1972 4303 1157025
8095 4780 565175
923 7306 309949
1266 5092 920495
7267 9826 896869
1086 7435 587497
7061 7155 516961
5409 7472 269548
6788 6554 2898519
7264 5772 131365
9363 6337 671050
8885 3302 1951805
6732 5647 178994
3896 1992 381090
309 3651 12043
10 6300 520287
5702 7535 491475
6705 2135 2341541
7074 9466 1485073
9390 9769 130693
9534 5764 828696
8426 8022 1303500
2456 6220 53186
1203 2705 1385961
3956 6377 1291360
9630 540 422076
5283 2365 245483
6915 9472 316621
3733 6033 84254
6251 2083 316947
4478 3862 1777187
7792 9376 1660966
620 4231 626424
123 3119 683489
2717 6600 1175356
2185 4261 2359957
5496 2581 1545384
2403 8332 1017338
5475 9905 577912
7916 4027 1002723
8992 9088 32632
5943 6225 500294
5358 9766 1075894
4363 1791 216785
2570 7270 622483
2155 5255 1462569
2422 1321 3188048
269 6788 1070115
4447 3381 319698
9789 4593 16001
3045 1972 1387008
3375 8274 1249717
5345 6582 1109981
4104 2702 605276
7070 6762 2588033
1495 1222 864402
1466 4962 567286
4080 8389 67152
9108 5899 836597
7352 8986 571211
4445 6878 2459407
2871 324 1538392
4509 1703 62692
507 1267 700322
564 6284 980132
9590 9165 850639
4025 9802 551211
4243 623 264379
2031 4786 943880
671 6819 73080
7213 1979 180476
1773 421 52433
578 0 158955
1911 6060 590552
7102 2989 171015
3588 8247 258836
7223 4766 381734
5347 8211 22986
4306 5079 565130
9675 2316 2773595
3082 7732 147582
8552 3301 1698956
497 7623 56453
101 53 1043802
1367 8661 2360600
8796 2293 525339
9845 6128 781459
4361 7023 164102
1031 5903 581631
7549 1182 43817
7408 3360 799989
348 8266 657455
7276 2274 83833
5673 59 157202
8993 5332 175621
6278 3028 1036866
