133
8076 1839 385327
748 7785 15447
1372 9213 912891
3083 9647 986828
4553 2419 1031923
8290 4612 731849
3144 6295 444906
4548 8759 1837179
3953 8796 1255891
4214 5529 507365
8884 8962 384914
4584 9330 671581
3232 9214 2487690
973 6933 1944785
8642 5764 251872
4052 216 1355985
4326 6837 2362883
924 9545 26915
2556 1204 172073
8624 5034 837415
7972 9493 209509
810 7187 199693
2893 7957 3047186
9429 1044 570946
581 4838 490422
4847 5201 217180
2862 7074 2259345
2114 5901 511457
4368 4495 16077
8172 7913 4715
5979 9429 1005165
3393 1225 38962
3391 336 153727
1179 1915 335759
4579 6045 708220
251 5903 1225507
5263 1480 27613
5880 5142 679316
2615 9953 1526728
5839 5332 41725
4792 7488 1598208
4995 8617 204346
6695 7918 440805
1368 239 335333
9440 1307 131603
5511 8535 169667
9549 1565 379418
6042 388 122275
7078 8494 783392
1931 8286 690367
6529 6526 917271
6947 6627 638324
8011 5054 2496135
1837 8019 589675
1224 3018 89051
5413 8887 977356
4202 1373 693781
8796 7114 2427239
246 2106 309934
7236 213 409078
3467 7262 12293
6203 8027 484549
4818 2653 3484716
6847 5865 77014
2289 8163 84622
826 6581 775262
2127 7669 1038034
3621 8185 140965
8987 8210 754067
653 3075 428363
6980 8619 2101226
8462 6257 272822
2588 6714 3525
3995 1721 832534
7077 6502 519656
932 4321 91458
5041 8158 707120
7433 6088 565068
9547 671 39751
8055 6903 547095
7218 2832 1862174
8743 8711 333222
4596 8381 742243
1299 2123 85164
8015 5085 150695
7353 9027 230238
6515 4631 1433285
7563 3104 37642
8047 9803 2238913
4590 8597 551480
4062 1077 1777
4015 8968 1203523
29 6393 247238
5258 3214 446453
6388 1362 805174
2497 8277 1326327
3845 5769 889651
1975 1467 1881526
8049 6381 1364148
325 5238 342506
5129 9776 480324
8305 8503 429199
4095 5711 2275337
209 6244 194859
7869 8655 1264042
1490 1679 411627
3609 2765 3278001
7311 9421 227415
3970 2952 1364960
450 2830 861857
7001 6602 405314
404 4405 157808
3815 1184 482443
8135 9036 579329
6021 10 435428
329 9851 1764375
5468 3885 3120
4452 8050 378686
9572 1296 72778
1414 612 127036
4806 7106 1551410
3499 1368 730601
4839 8010 1193199
8627 9661 300965
5572 6007 582730
1242 4671 783017
9706 8491 516999
6063 3333 1621633
1847 1166 557693
4750 4211 269922
7636 6513 186498
3016 9451 787612
7814 8006 312035
