133
6251 4118 460892
7728 9346 11855
5769 6463 2361536
6329 8616 100874
6475 7710 131722
4678 1200 936938
1203 8894 1141143
9619 2453 1728720
3702 3248 252223
6421 189 147939
418 4169 2227479
5309 6706 586435
7471 6161 181762
191 994 884764
7290 8310 517296
1982 6277 712603
5957 4220 1457854
2732 8677 524746
7695 6591 1212565
2891 5100 176399
4036 3359 136297
560 5044 64616
3192 1994 281537
8208 4607 2854591
619 7945 1429034
3403 664 18315
8991 6050 626318
2177 4942 1068681
6255 9688 2352483
2535 6696 2032719
7495 2918 250924
4938 1469 259305
4850 6491 501465
6855 5330 3188718
3130 8746 976274
3790 6295 111097
9089 5092 510521
2394 3672 455470
5381 495 71326
1471 5865 9827
9831 8207 1503755
302 6848 164833
3908 2996 1512
4252 8790 586201
6026 4165 518970
8519 6663 1330108
2873 9495 1341529
3577 2883 1343651
4456 8629 875904
8641 3085 1129556
3692 8967 862098
2829 2435 345041
6217 2296 318769
7792 9888 441642
7638 6734 73432
4201 8622 70725
4665 8612 292190
7179 1604 125221
8781 9259 239761
8740 3618 392519
703 669 215711
3716 7105 165864
411 3455 470182
1560 9640 673201
5723 4921 315987
2012 4817 2227591
155 1695 220220
326 6097 841892
1540 9311 805407
7995 3573 1789420
983 6814 1629087
7365 7010 108587
2521 6650 1882965
1614 7034 1394433
8853 3938 77281
4305 8529 338300
4106 5450 292261
6861 8064 342611
1075 1290 449438
6072 4037 1126470
7540 4877 4569
9125 9255 59462
2273 5915 1622459
8396 58 54381
5315 402 1758451
9402 6892 1675988
626 2770 220024
3650 2682 1647108
3878 3381 1087269
8223 4712 96497
7831 9004 1143783
3339 2951 1518010
5579 6816 928832
7279 4065 3291207
104 3634 352258
4183 169 457885
9132 1703 2247899
7344 629 273573
2112 672 90937
7703 9596 1073005
5897 6789 946361
6563 8394 178096
6185 7976 99308
6783 7643 267097
4824 3791 535482
3534 372 1728905
6868 1553 1597360
4134 7517 260198
6840 6881 257334
3395 1213 1314511
7768 9070 344406
2119 6873 657824
3095 8857 805725
2778 199 1203655
4223 7314 189607
2738 220 37936
7173 3348 142547
5885 6005 1407584
974 245 236416
480 9840 2679170
1139 4035 185665
6577 3948 856547
7743 4562 31706
4822 3733 40360
5906 1232 208702
1962 5262 301016
4442 3024 977403
9798 9582 1454480
9364 7242 112925
4644 4520 88667
5862 17 543038
1422 9368 412657
8312 7000 14127
