133
7007 9805 430746
5104 2287 1736885
531 7557 635981
6095 1534 1138605
8568 7299 116057
621 9400 97709
6975 1432 1095501
1865 6241 520497
5740 1446 1748058
3918 1761 779517
7272 3230 172705
5802 4645 19975
1173 5595 522046
9837 8376 2999996
291 8786 318307
3393 9808 426130
4708 2491 544512
5007 5003 49432
8322 5657 77746
7673 474 64950
3385 3281 527347
3551 4297 57618
5717 8096 726257
3619 9939 2036039
5668 9872 1718300
5476 8425 123381
2327 9046 897945
2766 3724 693394
2763 2045 979201
2142 8850 502400
7484 6991 159842
5958 5022 381872
5807 7494 773627
8289 2602 1120812
6757 6768 3014996
7023 8260 147806
6093 512 1000544
5627 7299 1782209
1445 5876 926502
873 2583 631734
6251 7084 589426
6069 9792 573433
1742 1852 583881
5398 8454 237111
4658 8638 437364
639 2974 421084
2027 3382 50113
8737 7585 513267
2468 6725 2688231
1463 6317 1142626
2097 3434 490509
5828 1007 190022
1312 5235 313788
6269 7401 566376
1910 8800 588613
6917 8354 711986
9029 6802 796720
785 9735 2513389
6774 7567 627408
1689 2628 89612
6129 7989 140170
1040 8192 1182177
1230 3931 323556
6022 8921 2162646
8663 3191 71013
5414 9484 726461
7374 7192 1115594
445 5635 738072
647 221 399428
891 3913 288187
139 8333 78511
3632 4986 736170
4706 4185 2011584
7447 3871 1352595
2226 1489 478865
7059 3060 168100
3417 3913 2570608
8683 8146 225089
8778 2432 37068
5990 7655 285610
967 4497 111786
6272 6057 893402
2292 2971 2222962
3469 997 1267589
8914 9074 690550
8645 3360 2375717
5237 3124 555508
7536 3837 293672
2087 8151 512866
6123 9220 780944
2339 9129 715684
3344 2510 1640009
8340 7200 792997
3810 6098 153545
3749 9181 53592
7823 4559 1200353
7360 1898 251843
4108 8786 192492
2143 2286 124227
8198 6664 18328
9122 8836 34728
163 3324 135013
8950 9549 455008
6269 2522 3357095
4960 6217 1085530
616 9410 1277293
9198 2470 1364410
8409 2364 82149
5757 8092 1534992
7693 2409 180410
2711 6293 530677
8536 7331 850213
9448 5374 43303
6344 5680 126814
7731 8469 603521
7005 1856 29540
5887 9223 850315
9419 7256 437425
6439 8772 942113
7702 9115 1085806
7441 6171 1182940
4597 1637 612094
8565 8302 1647103
120 6625 239028
7005 2134 1318868
9672 6550 441461
6850 2418 2180569
5868 7350 54412
2139 9646 562015
3046 4079 334095
263 9160 141085
2757 8412 512184
8247 7365 6081
