133
2806 9938 171677
7408 4206 342244
2442 1445 2633638
2779 6362 217234
2404 1118 49806
8240 9864 619369
9430 6967 1044857
5480 2083 479710
8014 4498 693398
9050 6650 286486
1846 6501 101919
9807 3489 958175
9600 7006 911074
2165 502 533705
3056 1120 163479
7213 3346 1580828
2954 5366 50918
9818 1737 1460037
8164 4586 136121
8835 3152 776439
7228 154 389546
3664 4071 103399
1823 3265 1257956
2846 3313 4085461
7393 9040 76531
9680 6010 2832347
3887 8440 685235
8337 7708 609909
9137 1650 438957
9766 6303 1011718
2951 5411 187662
7413 7929 50723
7144 7695 178517
1973 8506 270505
3837 847 63997
1146 1289 646549
324 7331 131646
1157 5448 1529399
6535 8542 1002571
5004 9743 4712540
4810 8502 723166
5105 5892 1088797
9293 4598 25492
5481 3494 355093
5743 1066 275541
3320 3668 148370
4547 2891 43066
1871 9726 115104
8562 4602 654460
372 9231 215865
3747 5375 566251
436 7470 746008
8113 6759 1386041
3852 7440 181057
3705 4159 710430
8387 6051 708097
6960 9903 637124
7047 9221 1163623
3853 8372 221708
6997 2089 18848
7212 2038 86521
6037 7012 843116
3519 2504 191038
2020 145 152974
570 6559 1679176
7016 693 310593
1948 7874 2568415
1505 3068 474287
5693 4135 85456
3624 8142 2504679
1610 8588 813627
3984 586 29745
2316 5534 112612
3316 8447 73161
1759 7439 3509776
4765 8153 277674
1668 7537 1700423
3592 4523 922201
1615 8945 1161395
8607 1525 21081
1782 9137 311999
9743 2068 559676
2360 9798 789178
6648 3911 3422600
8132 2462 132189
3897 4806 627273
1092 8840 86526
1380 2841 182716
6443 689 45303
5415 4028 870530
2376 8377 1458117
7024 4415 823189
4662 4286 39977
6051 8661 680567
1659 1171 1071924
7078 927 1129388
6959 1392 900231
253 9020 405372
8897 1420 236806
4673 1104 354337
6532 2861 39509
667 8973 728651
134 1568 886617
2009 8870 267527
3171 8376 1048936
928 5588 190846
9536 459 1076648
4630 4571 629486
8190 1129 28273
8437 2101 6743
762 6915 517581
453 5958 584517
4083 4200 2062233
172 7876 386741
4372 1595 2968507
8440 5958 281685
8814 6307 809730
6314 8583 510408
5702 1561 83963
2536 7455 567993
1467 2567 1165624
5081 5918 1283818
9255 2710 1083220
525 5598 1748552
3787 4090 714181
5442 1248 10448
7957 4109 98206
2940 7010 288060
2142 492 1117826
1061 3737 242171
6695 8650 1021408
7172 9079 2302514
6206 2453 141107
