129
823 2170 1267185
7635 4016 522672
3564 1620 1233357
2851 4063 859448
3702 8834 1352193
3047 3560 92081
3235 9617 60749
1226 3056 1231110
6322 1970 80399
5773 2791 109188
513 3023 952660
6376 7151 714608
559 7801 346333
983 9141 472919
2129 8971 317767
5189 2562 1037513
6567 3056 788449
1969 5276 267657
2090 6613 1989579
6317 2764 789509
8952 8771 541982
5609 6161 1885136
4165 2515 1256420
9823 2225 202814
4456 2417 1023280
8402 8514 1694305
9242 447 420010
4666 9010 812785
550 3084 887103
9251 3782 329713
9010 4182 1361207
3683 5896 940765
9358 255 1016475
7845 6877 165059
9611 3894 1960605
7142 1599 706903
6326 359 685056
5615 1955 2314368
1586 6785 28575
6423 1059 278304
4437 7784 343581
7666 1191 261927
448 6505 287895
7700 7132 1483077
7346 1574 714305
643 1985 310853
8536 2494 256075
662 1014 27904
6725 6570 12183
8556 4752 1615090
5544 6056 443031
7821 3860 255981
3363 8104 47179
2001 9437 381238
9077 916 620231
2715 145 678049
4338 6663 87960
2229 5695 47350
3139 3615 1645534
7124 2681 587433
9833 1816 926136
9715 2043 1098780
4029 725 703672
2961 8031 311284
3810 4028 694058
1268 1259 748993
2839 9672 214208
866 1919 1197236
3427 8910 1575407
5010 6226 138192
3002 4386 71678
1187 8834 528122
247 3815 327258
9732 3685 232620
7595 8009 956735
4225 1927 487663
6726 4846 2500204
9424 3633 500166
2471 216 27121
4034 6370 459345
2973 954 555835
6826 6815 27806
7658 4373 1053073
2704 644 405233
1323 8257 1620650
2051 5191 4687
7701 6402 462560
339 4623 964535
8610 5077 401232
9930 5156 123073
6791 1102 391554
4591 303 605334
8289 928 973048
8443 1137 1019132
9390 8509 647334
550 2162 875847
7399 4521 1351811
6790 4019 252444
1298 7899 306244
3253 5791 401734
7793 4868 579739
4510 8356 534422
96 8311 2490887
5601 7783 1070696
5298 625 2162710
1898 1996 1476511
1663 5084 369976
3353 6310 1255133
9999 4162 82887
8610 8705 1139621
767 554 321355
7322 5533 141325
4775 7239 378633
8481 433 1777322
9344 9903 368484
9706 4364 739921
2739 6548 2575816
9892 8699 2057047
1089 4666 1701154
5456 6700 1749382
8177 943 1315815
3563 6420 242831
3202 3295 1939971
144 7496 130445
6632 1366 574509
6978 2873 205857
6624 5762 3251908
4897 5373 27900
4802 3856 92582
