129
7910 5411 13024
5755 4004 132173
5421 3552 781606
4210 8476 713040
6640 499 1015819
4467 6656 986267
7042 2202 295481
9613 8193 212164
2745 6145 185161
1945 7468 72217
6879 8829 1315426
3252 5561 399097
5293 5488 242207
1990 7892 13195
1898 1412 889713
4868 9282 1618238
5752 1528 1356306
6828 5245 805755
6227 7202 951766
1035 3024 1364794
2857 5506 86586
5048 3857 945580
6950 9531 1778253
1804 4367 910424
3331 6770 2843987
2429 9762 205258
4673 2468 1216970
7606 6398 788539
2935 9059 54969
9566 6061 1267660
1094 1412 20138
4155 2535 798467
5539 2405 1279144
1826 8936 960349
3995 9464 2072652
4446 7899 3100712
5073 8733 798495
8874 5294 944578
6095 8651 2470259
1446 1842 662514
2457 917 151367
3518 745 673811
3233 4572 403784
5049 1281 351033
4805 8854 770147
2787 4302 38390
5399 3530 273857
6447 2512 1520488
3640 6323 656327
6253 1776 487557
5591 9271 272057
1483 6384 2624878
3270 8523 574913
2956 6137 8750
7618 5109 388471
3980 7581 42735
2547 9995 292548
8820 9711 1565192
1459 1541 1503525
2131 3185 154775
2291 7447 911932
1345 1694 113965
1598 8314 72970
9463 1435 43962
6432 8275 72978
6480 5821 1130026
7178 8734 36994
4782 2455 328299
416 3632 8393
4199 1826 918233
2065 2896 425856
7419 3331 24243
1084 129 16484
5299 4002 762022
6500 5513 19885
9046 2000 54411
4074 3249 732963
7890 7098 962256
5087 6543 1131216
1963 5886 1048105
1329 1803 505291
4893 5844 2378071
5690 1948 239466
5997 1628 1150180
251 9974 155686
6243 4643 442066
8036 7391 19772
66 5055 2965995
6802 8642 627869
713 6715 1145750
2563 1234 761687
9582 9451 733946
8022 3900 115939
8357 2140 810000
6448 7050 951175
9530 6892 273928
9435 5668 905171
7092 3232 26077
4407 6853 245403
7306 7975 2078994
6615 3243 1974410
4368 5622 1286479
7875 3167 2860869
3761 8460 610781
9479 9129 779376
4693 1167 855783
4760 4317 166334
6886 6868 1147477
226 1854 518151
9873 1948 271976
4376 4365 324287
7980 2301 276665
2191 9408 113324
387 9865 1051678
5353 1134 1129547
1532 9556 186908
9455 3454 149251
8403 2680 523428
5335 2738 1028389
5133 6638 1895132
7910 5405 394943
1334 8352 425344
9818 9967 220970
9407 9246 3894487
9406 8748 244685
9307 235 777337
119 7357 571489
105 8296 1174920
7503 4063 474333
