129
2796 4520 19951
6333 8643 2759442
4613 7930 4917
2219 8218 319462
8892 9929 1881930
7781 1340 293406
2390 3513 151401
1339 4246 3216710
5902 4325 1157369
1277 9269 2060695
5592 3887 409564
3349 8949 403942
3439 4041 1421687
3408 9136 349340
3178 5871 1220595
9557 6859 1011032
2303 1285 703462
24 4183 347392
7711 5428 434927
4481 1486 277693
3207 4422 266713
4787 6550 513221
123 9356 1088797
6351 497 906416
485 3021 274259
5085 5408 823904
8393 5217 3214360
3218 5912 221111
6756 5916 533503
5615 4779 302697
9919 6870 1016588
1544 8607 782588
8865 1367 623651
9506 9861 202109
1667 9777 772920
1092 5183 941432
8643 3558 530062
6483 8547 224625
7478 3444 109826
4750 1818 506955
3242 608 760467
1849 8278 35756
8451 4577 780179
8186 1506 18017
9456 3416 306711
9993 4464 51052
7289 8267 2087143
9847 7409 119785
1415 144 1393623
7073 8123 119311
8334 5280 162687
1189 4572 189312
2804 9207 812930
5991 637 842991
8565 5390 530080
7364 6685 569798
3312 9795 804057
3004 7038 401289
9021 6769 7717
1821 9299 526740
3816 6304 685539
2854 8192 74128
7704 7903 1324377
5356 7630 1525937
4850 3712 572979
1058 7063 328294
7621 7060 487094
8657 4248 1344900
3060 805 2294542
7926 4197 430971
605 1270 697963
1729 2065 548809
2829 5941 42767
714 581 593817
5561 3927 351359
3741 8429 3363846
5887 3368 120949
2131 9042 821314
3827 6361 1354300
5061 648 1036448
6771 7575 513116
6286 9127 385647
5624 8515 691816
6999 7052 342916
233 9394 293404
2878 9635 886121
6050 2535 61131
3546 4762 475765
8123 8758 483426
1226 7900 1533571
2299 3602 380294
6059 596 241006
7761 4553 377001
6545 2420 669468
526 8849 1712384
9465 1486 2081409
2701 6208 2512241
6500 5336 542468
1943 4642 1027569
7144 5373 1345267
7327 5407 134103
5824 3887 26681
7033 3248 205788
5449 5348 92824
58 5547 467425
584 3832 866574
6266 6493 443865
501 6406 4686572
9254 808 296394
7083 4836 1924613
5944 7003 635190
4342 9004 1144236
432 2561 842399
597 8730 362574
1309 6603 926515
2309 2735 814988
1746 6045 1567862
7138 2877 103735
6830 7059 115378
8871 8284 56232
1186 5584 532600
5761 3537 496988
7976 9089 482179
3430 5172 710922
9218 8819 1913711
3312 5247 523513
3342 3682 43779
7544 3730 438480
7975 4133 1767228
