129
9253 1392 512018
4971 6321 1199157
9571 4305 401125
1162 4608 378743
8216 7937 160804
3755 9209 55527
5564 9578 243655
4409 6931 682307
3730 1133 336679
1764 5635 1697029
5514 1702 103209
5262 1261 140390
7740 1752 2850471
5619 9046 2029435
4205 5723 445018
976 3817 1303023
5540 3690 1297009
1458 1334 1081030
2422 7390 1068707
9601 9493 176988
6287 9933 943081
7256 2870 7488
404 1138 954526
3366 315 1245465
732 7076 299718
5905 5076 298322
5619 2286 467433
1277 5997 13655
5061 8974 841021
8847 9106 1077663
8167 3985 1424628
104 118 16456
9361 3789 680402
9554 5872 2004424
883 3106 780667
5048 8562 1327396
8534 4518 209120
9161 7400 154571
2262 2308 571198
9970 4344 636513
6198 6333 208852
2049 6236 75921
5709 2695 413539
9863 8594 2359865
5072 5665 703064
2259 2734 510312
2251 2726 34991
2766 6834 650206
2356 3750 182700
9845 6979 1485742
457 6931 125619
5781 3659 530643
4952 6261 98004
2747 6066 108452
876 5040 166296
1839 1697 156483
6124 9677 67312
178 7312 1496148
8203 9550 1064322
5387 9845 373165
6378 4175 82136
250 7482 85784
4785 503 328859
4821 5896 159943
4979 2961 1921239
1613 6097 232277
2363 9818 418528
8194 3434 408970
5115 489 270997
2999 7856 109547
6047 5695 16812
4025 2983 2890763
9291 8840 850975
9323 1073 2386341
3742 7730 3991265
2217 2046 950360
3538 8481 1538413
6687 4264 8598
5979 225 322835
9382 9258 2222983
53 5302 144264
4384 2208 684308
7245 7542 835039
8578 226 404363
4011 2172 1472967
2811 390 1257013
7377 4980 3063343
390 4425 412780
1234 4681 303202
1958 9529 223000
7636 1594 851040
7451 1498 456880
8104 6233 74957
6327 9120 237569
1398 1835 326298
2990 1776 113304
6349 1971 152386
4700 5906 276290
6118 9413 465846
5543 3597 195673
3451 475 196296
9100 5318 1553065
2102 5088 311274
521 9251 863719
7202 5951 784292
1298 2361 943934
576 4384 415584
1436 6522 182906
6336 3064 1440083
9265 3570 789614
7290 338 1690178
838 1401 163330
9010 976 1019875
4577 8282 721646
917 3386 726099
4558 6884 831425
677 4822 4174158
3715 6927 2613039
6188 8887 409694
73 5816 1019077
7743 8102 29882
8786 8182 70071
5810 3062 1010800
1358 9075 498970
6800 9584 1023628
2859 9507 1042367
4943 4378 802137
4723 2843 359684
1210 5202 2237319
