129
2482 2078 1097939
8447 6754 329130
5021 9096 1741094
7185 8683 873054
7389 9095 397666
1265 6072 317274
2877 2684 1349196
2355 4617 1958637
3385 5816 970083
4631 8097 576938
1106 3698 568294
1058 3272 598508
8267 6244 584050
7483 1022 46239
307 630 28741
9707 3815 91491
7733 9166 2410421
6659 3291 285162
5183 1221 29777
9703 5226 2672184
8206 1601 710529
3360 9105 59326
811 872 978126
6990 5194 1227187
9662 1265 3264435
6980 9892 733484
3941 1400 594995
7527 6077 159127
9928 9747 1871443
5790 2678 790812
6439 4636 82424
7442 4832 880864
1035 3506 1118194
1294 4556 1135382
270 25 251073
8297 3243 628339
1512 9665 1022750
3545 5387 3908545
8089 2535 1217933
3543 8130 532942
9622 7143 2454211
1023 6475 1398986
4078 8142 115043
8799 9179 16353
8906 3623 106196
6361 3417 983107
9387 3516 899519
251 4070 314133
4222 1272 689549
4384 8622 1315492
8608 4913 123276
9344 1652 615746
9092 6201 660635
4556 8134 153981
8305 387 509010
9375 7769 1078131
596 9227 337530
8608 88 262814
2659 3202 929916
6666 5832 18627
5960 7988 156408
4121 3041 1412225
1127 3558 796055
9282 6673 877916
7627 9246 1988534
7557 2847 271347
5364 8256 16339
6325 1084 205482
3247 1434 750582
9603 3389 356849
1200 1466 400346
2575 2291 89178
1708 7210 282800
9734 2787 1556729
4609 1426 2216677
384 760 1098407
3688 8910 411820
2246 6337 864006
2756 6598 2282310
4134 1449 64127
8919 3029 625898
5946 1552 295487
4045 9487 420847
9096 5163 127804
3220 2865 1730652
3457 3481 889758
6924 8220 47287
4749 637 183236
6705 9659 710614
9329 1755 238339
2686 5208 101995
5681 7002 386742
6418 6135 104435
4114 1868 751445
4208 4231 22896
6412 3236 260596
9825 8989 622913
782 922 1011275
6969 9224 1383740
8036 825 2524902
4814 2742 1421136
9158 5931 587558
668 7834 973231
1194 2920 658064
7048 5930 488636
3201 483 37665
9454 4040 104053
6105 8861 2217247
5582 1190 340920
4205 3906 767517
3523 2624 42951
727 248 484748
9508 6201 30853
8535 9546 109187
6391 1864 487093
6023 4318 1654208
7535 6322 989286
3285 9585 182268
2325 2 338896
5485 8175 1650448
9033 6394 145291
8854 7057 230071
7095 3297 2223603
9979 9736 169920
9783 6460 1293740
823 5415 280046
8603 6038 2101278
2715 1787 20258
9228 5137 354787
