190
9368 3150 662414
1847 142 745692
9957 78 276974
8 4301 154600
953 4087 1441646
4677 6982 691279
3851 904 527981
3294 4510 684016
6554 7388 628654
8846 5756 378807
2122 7552 127043
4738 1475 222876
7397 26 88547
8335 2051 280486
8418 8868 1555866
2961 2385 1078515
1468 4855 489187
7479 9513 177077
3993 2685 215017
5535 8810 117423
6327 986 704757
8731 7451 365829
2928 1846 200875
2167 5142 59051
7737 2695 1204048
132 6420 356181
7619 7042 185832
9051 7499 547924
8447 69 329372
120 3769 232378
677 6336 571209
365 8112 445077
6724 2617 294350
101 4008 529709
714 3105 110239
5840 6667 420315
7949 1414 229078
5868 6743 1169119
6016 5952 230869
6156 8396 363555
7652 9644 10601
6035 1731 13725
2956 5868 879245
7575 8583 833075
6273 6530 1063869
4854 4192 1759040
6444 7512 174247
8364 6870 52328
5688 7936 1245491
491 7158 1178798
4836 2417 58772
6136 9686 172409
4717 8573 550252
6014 7474 1913217
2042 9061 732864
4497 8048 14796
3976 6742 630918
1830 7316 233070
9783 4277 170160
1430 991 641712
9912 7714 155183
3316 3681 261395
9153 9572 604098
8918 6768 1320442
3846 8536 75109
3816 1963 376518
7749 5729 620027
1856 2801 2276435
6701 8657 1024418
9319 8155 126232
2279 745 26961
9835 8098 186605
4936 2087 960710
1858 6940 20538
5339 1068 740289
8009 2866 193380
5902 60 89642
7208 6032 357387
2693 7594 199768
7356 4423 336896
8681 5006 609986
4727 7700 16706
136 4894 42752
3766 6224 872075
7815 3422 115418
5482 1820 1588251
1102 1088 2867
5590 5731 216316
9241 3313 1068727
4081 3362 277374
416 8809 1038402
7233 3161 456597
8293 7659 359118
4081 7 1203447
5330 2339 779133
5493 2511 459796
4911 8970 10537
2536 8529 181055
4746 4418 900660
4208 5351 619548
6473 4242 840172
9389 8755 430658
4716 4125 136965
763 3184 557081
5984 8491 44072
7194 2335 19838
2370 176 26256
3658 7805 1288180
2039 2465 401299
7297 9946 185332
4754 7428 503228
1173 8750 159440
6205 7622 49175
5929 6784 736241
1007 2790 178924
7331 5619 198777
5069 1955 819896
6786 8662 458952
9287 920 74038
464 4964 625997
4669 6937 604616
1011 7831 2445074
6946 6628 502064
8332 9657 473981
6676 3428 455350
8323 5898 163280
3662 3872 2747052
9142 4704 952356
1155 7454 8692
6137 9736 1655523
4585 6794 124799
835 8727 514953
9719 2281 272594
9646 3752 192834
9876 4750 253427
607 3034 382889
746 4361 249099
1669 7125 1043030
5257 4808 505134
6857 8249 1444824
317 339 130405
3036 6142 1036817
2392 6806 38997
7815 5771 23637
8872 5407 1074832
2266 9897 669637
4503 9065 808250
9545 6811 78455
616 4714 299458
9883 1521 416107
4657 1255 194015
3183 677 282174
4184 950 123084
2187 6745 173719
2950 1254 149259
970 1836 2030278
2373 5479 444118
5277 7684 45554
4405 3270 1495748
4377 5801 175961
7366 8871 1422407
7977 467 1335691
5644 2458 466960
4953 5857 60532
1473 3883 588366
6372 65 243624
5290 5568 93697
7873 6205 152838
5855 2852 122064
8933 8338 556127
2602 1498 1045825
9702 9376 433154
9088 6088 315203
7761 1020 13658
3252 3051 404248
3242 5288 618262
9782 139 786085
518 4290 72859
8194 5844 284223
2705 1230 733192
3620 8541 1919364
2896 5168 963364
9691 5666 117512
1026 6591 32569
3072 9899 147668
1637 124 671570
1251 6972 2743
5084 4645 376870
6406 6910 1039594
6114 629 369880
