190
1068 9451 635373
6436 8191 458442
3709 3578 36785
2612 8806 1273420
7725 6532 189089
1567 4141 100699
5833 3993 259482
4369 9239 211126
7764 3908 47759
241 1194 442746
5866 7018 795851
5972 5795 880917
2635 8688 282451
8120 8172 973454
9839 5646 492398
6460 7481 552679
967 6881 266486
8969 1525 520135
8745 5622 38371
928 6180 84221
3866 7444 846210
7572 941 611473
1227 1422 271933
746 5754 88881
361 5520 1475756
7506 5298 224919
2886 8858 13140
1413 8817 1027092
3871 2022 2343278
295 3787 676934
3138 2568 893188
5903 7192 229715
9362 5390 287120
2535 9308 149818
926 8615 62057
931 8936 370882
3693 9997 334950
5627 3720 73956
9593 3654 491400
9698 5894 288252
4682 4296 125706
8025 8721 218499
5601 3390 314815
298 7025 205068
4935 3584 92641
6756 4441 1101022
6976 8658 108151
2529 7526 668262
5242 3482 1642453
959 735 868619
9503 2848 264056
4815 4501 663803
9834 5500 545586
1719 2794 2859139
5774 1540 291133
3369 1131 80489
7455 3212 350731
3755 6367 17390
3998 7483 739793
2646 7212 230910
7855 6003 4764
596 5178 405622
5533 4668 296101
6655 3012 927568
709 8953 207497
7880 7292 492472
5441 2583 109098
1987 8220 898485
7951 8004 103750
1557 821 463474
7487 7514 132555
6476 3030 322442
2656 1094 507771
1290 7105 164254
5646 8806 161498
1414 9475 99624
1908 2702 260511
4195 9927 15806
3452 6955 801320
6569 4145 398282
291 3025 680398
3666 9566 12137
4034 6134 3104131
9540 2454 72986
5721 9973 1528479
8788 5044 214425
8746 7187 212450
6006 8160 629332
864 8916 809211
417 4734 383751
5763 1324 352145
8776 649 1006260
8690 5594 429786
5887 6283 585078
3006 2325 104982
4072 959 287863
2437 1626 200170
7397 9361 958999
4521 2150 44663
4821 7064 2553190
3703 2882 789714
30 9700 1221241
4262 493 666274
7463 3411 2246747
5079 1537 271195
8080 8304 134013
8104 6001 574454
2987 8837 1199003
9724 209 684528
5531 6223 182585
323 8743 319346
8881 6777 650332
8191 7077 750553
3056 5012 317039
3031 3051 1568473
1122 7078 1015921
9206 5974 509268
1946 5712 182174
7845 9924 858024
4533 1181 232535
8927 4522 52233
6606 315 358511
3178 3313 5400
6933 3467 691553
5690 6104 376178
6026 2379 965524
6930 1469 748033
6331 2285 138819
4631 5484 904296
1095 9562 280005
2762 1264 90239
2765 318 576223
7741 3820 744222
1507 1761 96127
8066 4424 22976
3057 1630 95992
7899 7393 1359707
3829 3223 1532454
5832 5033 229717
5489 4605 979732
4685 8210 42837
3097 9640 576322
8431 247 315575
7713 9348 161914
9203 4564 19762
3508 1378 1101946
60 5283 834841
723 1678 1257607
2 5812 41507
8212 8443 582531
6397 2756 362206
6197 7593 271376
2987 695 229274
7499 8117 147167
382 9031 68405
6536 9529 998668
9738 3334 327161
4451 1599 392498
8531 8132 520036
4564 1210 194743
3354 4548 54510
6469 9012 469592
4592 5229 3320185
7719 5762 230304
2847 3477 760553
3837 787 25128
3728 9238 38586
8839 3407 284727
4740 7802 582403
6994 1612 409904
9994 408 206831
5022 5465 438472
5466 1638 1324027
7766 5119 675042
684 3032 31198
3018 4964 213816
8206 9498 8366
4459 2971 146005
761 4740 185449
6636 6889 280497
1977 528 1057457
4449 3457 46823
8207 9205 192268
5026 4499 89265
9377 6809 248853
4022 7372 1292607
4470 8946 787062
6418 2555 417664
4884 180 437930
1672 151 1042306
