221
5875 9705 94537
5149 864 614838
1165 4638 360707
2943 5934 347658
4148 1159 11312
5779 2581 5833
8296 6083 145221
9300 7703 18372
1333 455 412913
8332 1476 186654
5066 5195 150504
473 6579 263211
1421 4780 105492
4562 8394 146454
5063 7670 367152
2847 9552 934727
2711 2555 634958
2335 7059 485270
4053 8010 30574
952 8617 1166194
6094 2145 805496
5075 225 2158474
8480 7881 861923
475 3172 224209
8622 5354 149689
5298 2863 243200
9152 7362 70628
9259 9066 180318
6454 8270 253346
5497 7774 756388
4494 8607 500819
3734 6246 140013
6977 9044 539741
538 4192 1620044
6612 2548 14495
6234 8384 36671
6945 133 128366
6266 4004 326864
5736 582 235124
4220 1283 1322752
8917 4851 583669
3580 950 917600
4034 1233 480624
5596 1054 80694
3823 6115 362364
4435 5004 687678
2475 7162 249026
3200 4134 177114
778 4335 3717008
4205 2316 14005
4380 278 92188
4245 3978 185120
135 8960 218620
7209 6972 237026
2020 134 747639
5264 5179 1254612
8199 8299 1229360
8435 3727 391841
8642 646 37647
2538 8677 360581
2478 1983 308795
1716 8147 1053665
2323 9992 554494
9866 1232 1972157
6060 8439 414421
2162 7105 180166
9738 6490 443324
3964 2348 308615
6997 5735 228375
1432 2186 124328
2943 2240 218054
7451 7884 241092
2544 7298 57089
3344 6196 2413153
761 6246 322008
6213 6710 304084
556 4021 90335
3526 1264 396868
3309 2376 118546
2766 1202 94395
362 9452 531335
4427 70 17906
9659 1946 578223
7266 3988 158839
2487 4168 214481
5082 8929 713175
6370 8285 406782
6271 5320 91697
7681 4338 2090474
4660 3131 285632
4014 7750 41533
3203 683 475506
9117 9566 362642
5416 4658 11555
7728 487 132988
1371 2924 260353
7118 5937 269776
7240 1572 74551
5288 8838 8994
5823 7633 494696
8643 2264 1108658
5540 9275 443055
2675 6017 879759
6337 502 273684
6509 85 495983
1545 4363 189541
4046 9269 47747
1601 3486 9323
2507 6093 136023
18 2812 1216523
9742 6619 505637
1232 7760 211374
9062 5131 337968
3585 4909 85971
6321 478 118170
9168 3733 965407
8785 4758 339281
8170 2161 168864
538 6449 623056
3446 640 49612
4523 2820 1216021
822 1705 355059
6140 4542 308641
7980 3050 421895
8700 191 496242
3631 7600 104983
4068 4883 52075
8945 6693 177999
1738 8230 82233
4802 8708 775556
6697 7537 200954
3506 8184 15442
3019 7391 3220
9011 3356 174224
83 9310 45346
7301 4516 315436
4759 7070 807225
3648 4503 31768
4347 7077 533917
8917 4690 224637
5332 7422 318135
2025 5961 1012103
2761 24 110720
4207 9340 140752
5156 6776 713341
7594 3326 440150
783 6877 92624
9079 1438 41306
9708 5405 320826
7353 1279 262708
7141 2480 64034
4165 9226 772079
6483 9327 137461
8682 4446 5521
2151 8117 235923
4132 4294 679385
9955 2308 553357
8410 4019 68831
7479 3465 606555
7409 2417 972085
7802 4134 552441
6586 6944 57551
1805 7747 146862
43 563 528678
542 3041 58116
4941 9174 80807
5263 3422 1802882
3630 7288 131109
5954 5267 178343
2258 7697 68129
2205 264 2076731
8715 7663 62551
4059 7474 600591
5317 3457 1416478
9524 8710 959873
8598 9137 1257213
6111 2108 1423535
577 2904 144856
2267 4409 497079
4955 3749 82314
8055 8202 480947
5732 4167 233904
1383 472 5124
1048 8039 701487
3203 2162 196456
1880 5558 821612
8881 3735 386495
2518 1810 216859
3794 3800 559334
1368 667 1094052
7456 4131 923147
9899 1620 192053
6638 4041 820220
9670 5490 203849
2992 5813 1840006
8199 5010 135402
2695 827 82203
4143 2785 183896
1752 7108 283326
420 7499 837639
8907 8028 54938
7665 4061 600996
9149 451 563735
2137 5486 689961
7646 6131 721540
8769 2475 164474
1642 9233 118907
6813 6374 1192736
5661 8567 560537
4598 1122 50769
32 8648 216635
6950 7325 727200
1873 4058 493653
5600 2678 15228
6050 3500 832432
9477 7583 246257
9982 2828 701209
5218 8305 62841
5343 1178 166872
5747 9179 1045919
1027 3362 211947
