67
8377 4801 1978162
6557 5178 416743
338 5848 134534
1001 9945 1514221
6123 7843 146668
2611 5665 608028
4966 4001 428713
35 4101 961826
5969 3992 95168
3616 3215 1436700
3925 9495 1156144
8855 8464 297804
1004 1022 3269844
5696 9649 2174114
6671 7912 259567
2074 2487 1964156
6131 6488 762751
93 1998 82977
8547 4296 451441
3218 1288 2805285
8567 2014 424992
6245 5079 51763
9795 2493 2081736
4403 1104 2044374
7616 2460 808519
9246 947 421563
1345 7762 1976978
2017 2478 951418
1304 81 2717259
6747 5775 469922
7209 9619 4859
708 6739 4915249
3639 4471 436558
3132 2769 160817
1033 8868 5003967
5688 639 12258
5023 934 834277
9298 9075 110880
9410 3485 4719325
1 286 1688709
8167 4478 6672751
561 8280 1024932
9927 2574 4368561
9338 8860 2189131
1226 5720 130918
3601 9554 841536
8609 5203 982816
9549 1860 699109
5740 6076 1601626
7603 6463 395559
5252 8868 65047
136 5444 2970182
9471 2099 3143198
7136 4986 1083442
1245 2746 2513595
4384 8751 298715
1220 5647 334279
4572 4869 5547752
5319 7153 2013943
3981 286 3493209
4767 2244 15970
2248 8561 911774
9068 8013 621311
3212 6447 1252945
4695 9276 747535
9584 2670 501784
439 8588 4798111
