67
7135 4065 1686336
7070 6677 6584670
6756 6605 5688457
9547 5521 610530
6126 2047 838924
3819 2089 309694
1041 9617 855357
8482 6734 2910273
9626 7018 335204
2208 7654 149420
1315 777 2486113
1160 8991 835789
548 5441 5196351
5432 7911 1616712
3955 8208 2055620
4730 3020 143290
4535 8225 1205702
5155 8953 315467
3410 2887 801703
1166 9063 3885340
6023 6614 522140
6897 7212 1191692
8193 4471 2821461
7487 2597 3295712
4906 3500 120702
1925 5302 1341788
9632 8996 1626857
9749 6802 97417
9849 8540 259545
3021 3930 341974
392 8309 424243
6952 4708 1846735
6467 6697 2112976
9828 8146 13554
1286 8379 131650
3586 4023 1345056
9879 6912 5121753
8303 1885 78885
2021 9 1383476
6904 1139 703841
1515 1415 240047
7588 6806 1029873
2251 3710 551414
8011 3311 148270
2202 3793 1374525
1650 1802 999972
2615 6839 292430
8618 7615 115075
9449 8624 117863
1261 6413 3597255
3696 521 1134014
7744 7286 781875
8215 2976 181453
3975 8008 1537794
9328 4014 622069
7604 7397 477017
3074 173 304034
8489 3983 5840283
7104 2175 1611546
2924 9149 2708991
2534 6711 473690
4680 8439 431669
4864 7543 5294344
5443 2548 154073
3794 3064 427614
7601 3308 2418034
7480 3152 3842367
