67
9756 7693 3053823
9454 2604 2029855
3418 3580 652879
3041 2416 2617571
3327 8575 1212074
1192 5189 2018530
6480 4694 1331217
1339 4159 460266
2327 4458 1677224
8585 8744 2253581
2869 9738 2881582
4666 7180 2654627
8629 6564 1317049
7505 4914 324276
1531 547 662518
9479 7887 22555
5710 1395 2667389
6414 2823 562883
1428 3527 2935599
8073 2759 862546
5979 1065 683136
5196 5147 1865854
6374 8573 2223086
720 290 1187330
6507 9364 1288146
1477 8947 163133
8758 1608 720001
7461 7633 708249
6931 2479 2046874
9373 1200 4242993
1267 4686 64430
5216 676 916442
221 9705 350112
4531 2938 1981497
2104 4285 2720465
7471 8344 1673385
1456 1448 3509273
7890 8046 1303717
9146 650 441197
4004 2829 1191664
8820 4228 1238271
8035 6758 462044
1292 3149 130639
487 7159 1991469
8250 2535 151300
331 2244 3035485
3638 5372 1315586
8905 8734 2343
6983 9169 12188
8137 7416 519945
967 8109 3247732
5176 7921 45713
4665 2852 4797040
9711 1636 106231
4453 6570 1598793
218 29 2626073
6993 2532 2497698
1891 3510 2426075
4401 3430 191297
9907 8675 1679964
3462 3343 860638
1273 8774 2123696
4213 7524 913915
8380 3837 3517209
7407 3819 74813
5537 3003 1517049
4828 8383 1437766
