67
1350 8127 96240
3737 6723 89266
1247 6031 2679938
9008 5593 669759
4570 9798 131364
9957 6764 49845
147 1244 1561079
5637 9778 178712
731 4309 53657
9739 3463 4682455
4952 5529 4418033
7438 6380 1115183
812 6250 580875
8733 7984 1302088
3092 4280 721767
2182 8140 552783
6522 2413 867890
836 9647 3926260
1506 7655 4138953
2311 6475 4133072
4140 9752 827118
222 911 3303254
5996 6849 4933291
1163 2563 526138
1964 965 364675
7108 7880 2524279
406 9000 213444
5201 8463 571033
2435 1010 2518976
5177 3075 396705
9248 8827 1547017
9229 8421 260595
7308 5691 1915741
3370 6740 320351
1147 4544 2891723
9056 4606 371322
8811 6152 289216
6269 2749 368103
9169 7263 1078313
8657 6412 604303
3430 1292 1203249
214 6477 2030878
2015 7664 5474756
8939 8835 726351
1752 6988 1619995
8802 3395 325529
6625 5762 3405827
8273 380 2285822
1516 7018 935700
1838 6507 1643006
900 619 1097451
7805 2786 2842819
1598 9356 474276
5850 3675 1480179
9594 3659 955272
4212 1890 5649088
5296 6798 2050771
7139 6135 454437
4972 2861 286847
5636 9793 2308808
3957 966 252457
4673 9768 526164
9831 8309 864580
7128 8254 119365
2452 6659 798677
5649 9168 559244
2532 3777 1853636
