184
8004 6988 97712
6401 6335 261642
7862 2341 166899
7113 6179 157132
8389 6322 30176
8139 5381 332195
3525 8900 6030
1444 5716 898981
5726 2064 2625312
5346 992 76816
3665 6872 877230
9090 1297 1184307
5144 2664 121002
6176 1766 128094
6889 7354 93557
1612 294 394824
7217 9808 473906
1556 4032 784032
866 3612 260907
6213 8383 2325764
5967 7846 537396
8293 7043 423431
1273 8132 586954
8561 7450 520197
3326 672 531158
5379 4502 375005
5639 468 233007
7519 8763 184752
4465 9690 265080
6964 1683 131788
1690 6536 715556
7570 7980 13043
4436 6453 427310
5048 7017 323438
401 4755 509997
3150 5162 149208
1539 4390 258421
6388 4992 1882490
6824 452 204508
9229 6145 172610
6116 8539 552346
3294 7936 630509
8840 3302 325186
7497 9380 359647
8909 253 599244
880 2532 298739
1792 2068 11714
2663 5312 89534
2747 3655 33433
3220 9606 278927
7175 9055 371271
7729 145 845046
2546 8923 145723
8183 9879 241979
2704 7232 136284
7479 7769 540864
1640 9391 360505
4779 3928 304808
4794 8065 988162
1756 9648 357447
9982 49 259046
8741 7645 509896
1113 6394 944811
1585 7421 1329109
8058 9466 1907803
9688 1073 3403117
5257 45 1214526
7305 7593 48514
3238 735 280663
9266 408 1089822
957 2750 27280
3727 4500 1167327
3755 2297 282096
1702 260 443948
3406 9839 1734103
2664 2112 197786
966 2134 15172
1597 4004 920423
5572 5799 143142
8020 8473 30967
4033 7461 1175027
5938 6082 746397
8073 1246 130140
9829 9011 38758
4494 4515 1099753
4721 2552 425337
6943 1422 57508
9958 6262 168135
6867 8194 1340426
5322 4851 83744
4207 5686 488556
3372 8175 484395
7074 4755 161912
9857 6510 380019
4146 3392 917780
2729 396 27565
4778 9007 103477
4744 5046 380519
1230 8204 618602
5091 3697 777705
7677 347 62580
285 3775 24880
2323 2351 412884
4171 9118 332173
237 9985 68894
2876 5826 2687381
4636 307 239713
3488 8347 301028
4574 1589 182153
3578 4240 412767
6761 1548 1291789
6998 8048 344340
4718 6160 124553
1857 69 2028076
2391 7228 577633
6655 3263 138898
2962 1763 291490
7712 4310 1093853
5007 6311 2047772
6077 2932 83841
5795 7453 71119
9062 2164 225509
8276 104 195340
7939 3109 782712
1277 1384 1104875
1851 445 68366
2287 4893 1341654
7555 8573 54240
5283 5502 806535
7325 7302 38498
672 597 1351427
5029 3226 142004
2604 8108 131012
7775 7307 57578
6362 5569 628008
642 3590 10650
9540 7256 2203585
5960 5767 57705
3789 5632 285274
4982 3535 363920
238 1912 1245675
1010 29 134708
3556 10 1321224
3659 2225 255511
2040 163 172328
9073 475 364304
6870 9086 72791
7352 125 1319770
3701 6900 673056
4164 4103 924691
5766 9275 303062
2678 6369 1521471
5496 5274 498510
5586 5163 24993
1349 4465 2742969
225 4266 200651
3039 9672 73077
4890 1184 270009
6935 2255 130768
1390 1418 249784
2179 6040 49793
3186 5857 846850
6498 8607 13952
3424 6357 775077
8913 2674 1631179
5713 1985 1308886
9372 7078 823358
1938 9349 508019
1649 2464 194916
4733 5905 326625
6731 7458 520073
8690 1460 335811
9228 8067 343940
7370 4021 123811
2053 7858 254127
5883 5532 124850
8151 3526 1049324
63 7321 585971
6550 3273 912783
6409 7069 254559
6504 9016 277311
1179 1844 326385
87 1498 355769
6565 7992 122029
