184
5229 9023 273454
3602 7568 18601
5083 9804 258003
6926 7598 740413
8233 9815 228989
1062 5564 427647
2138 7847 243501
6501 9163 1265558
4166 6447 30447
7747 1989 625299
8606 4559 466285
7739 4168 875455
5044 6467 672940
195 5484 1063286
7253 8492 542748
3626 9822 396990
7377 3271 447846
2840 9886 287219
2376 1648 757042
3672 9547 226341
8146 1529 686644
1662 9126 433065
7983 5877 2071289
158 7204 744725
15 1153 179793
5448 9550 1836619
9627 4528 1040111
3543 679 183765
8554 3098 179323
4130 1355 689396
6994 2921 1015131
9063 5285 509440
9915 2691 578681
4068 6296 758806
6364 4710 649870
4057 5206 415973
2891 4186 152566
8121 870 106371
2779 5199 1946144
9532 8089 14640
4718 1065 488210
3383 2513 1337844
3438 3078 583365
2569 7201 1266208
5535 9717 585998
1220 5974 764781
5351 8874 733805
1234 6488 128218
6780 2962 445579
6604 5674 475237
1695 4668 2125542
6809 7072 81332
6240 9822 494079
7664 2228 34122
5988 4770 128755
7841 6652 428735
2783 4690 29057
1065 9753 33112
5533 8470 1634528
4601 3683 2571
5828 6576 356386
9835 5151 187391
2018 4398 1135996
4146 5573 109879
6493 6424 101518
4079 5332 198770
8159 5981 248380
9480 4249 1076003
8459 8368 697888
2691 5701 1143448
2888 7931 292044
2925 9391 277975
3967 639 515302
9663 477 139921
4360 7958 285530
7802 3051 1176863
922 4868 264908
4600 8247 606097
8534 6534 598461
3843 9245 1387499
910 9858 327915
1547 3863 53726
3487 7089 143216
5945 1767 44081
7852 1199 2332211
2585 5559 405497
8239 6822 56384
9578 2532 511305
3705 2469 1058593
8220 8277 9608
2548 5705 1315154
8233 7130 153233
6510 0 368982
9790 8530 451100
1041 3610 577583
3154 661 101942
5030 1348 4079
8804 3882 829641
598 3567 1069368
7669 8520 701339
9288 946 61307
7464 6268 737735
207 4001 283097
9792 5859 343811
1595 7706 198851
1076 5666 690899
4656 78 840682
2994 2462 134684
3576 6978 841655
5766 1560 38304
1503 1281 631608
1174 9796 212950
3804 9103 166667
8013 7742 106409
2847 9146 146656
2452 8180 899798
3345 7457 361267
127 9619 57990
7087 8240 537320
377 6247 462079
6325 9521 1119540
3564 3142 437670
4045 7578 32596
4537 7294 162001
3070 3068 500634
5261 9828 134230
2395 7552 1012815
6908 3000 895815
8120 4528 814688
2337 1732 299538
3110 5200 396234
2791 873 26533
2754 4228 9780
5859 565 651265
7303 6095 59668
3043 9202 833568
9670 1311 102290
9270 5538 3466888
1031 45 687474
8185 92 404333
952 2492 233877
3866 6270 1601142
4618 6021 2553136
6887 6143 165228
9 2458 398715
1539 7264 843046
4999 1704 246815
4097 8199 1083625
8208 1902 887809
8904 7896 338659
5167 2865 953394
7591 2724 661130
709 512 348124
4246 1044 365649
8955 3089 313718
5484 642 1178481
3794 3041 261501
9911 1425 267926
4946 7582 1186145
2211 3729 161290
9687 683 335701
6928 9612 195522
1894 2045 496250
4429 7913 312142
938 7764 554047
1082 2055 458579
6728 2055 624369
2597 6856 698310
4637 4178 327535
2716 6847 213212
2989 7060 483077
8482 5136 311881
6708 8764 759584
531 8944 64329
9433 2682 55085
7977 749 237204
708 6981 877440
384 8372 81580
7864 1260 526287
1953 6335 40583
6490 2826 65391
9120 2551 399699
4432 6705 833744
8656 4242 41000
