184
3295 1728 136490
5888 8279 298987
7630 4386 51742
4988 1280 1299989
4842 809 220991
8107 3623 749369
9860 634 107126
8197 2609 74664
3107 5048 133366
4859 9939 276505
7453 8420 1231925
7295 8939 333833
8277 1791 521983
1164 3392 214095
5834 7248 264754
5612 9106 627423
4899 5002 1991457
9047 6489 57797
6554 1929 67886
9375 9413 793341
404 139 559685
8334 6805 460950
8524 560 197523
9326 6614 720906
9694 256 11741
4417 1263 144702
6856 8983 239854
5564 2737 848943
1167 1805 682702
5383 8054 313587
7697 2271 778098
1041 4572 69639
1505 9346 876186
9801 7600 1425640
7626 4017 573113
3370 2503 861968
1063 5458 102793
7728 6625 369826
2644 9955 202879
245 5342 1345316
4203 5158 14230
5954 5961 250859
3048 6696 386043
2900 8350 1124736
902 5785 554074
7954 8809 302802
3091 3479 931018
9369 413 361909
7201 3860 66212
1280 3562 299071
8558 7480 2599
6688 5964 48245
4630 1893 220771
3771 5435 130549
6244 2587 910462
4232 233 171083
1856 4998 2110537
7348 5929 300068
3457 3160 2757194
8848 3335 97291
6243 8623 33503
1639 282 1011279
6181 4835 103863
1984 2678 1405527
2678 7769 99511
192 5859 395819
5802 728 114721
8165 8290 355958
9321 4676 264060
9254 1151 93216
194 9799 279557
7503 7294 2179
7832 6082 571792
8397 8353 1922748
7586 60 2238452
8431 5584 502059
3098 6017 752215
4158 140 186251
1970 7602 127589
5463 9531 621555
4307 2557 352941
1113 3426 780907
8933 9594 445946
2605 3832 564132
1413 326 2128
3169 8809 297083
4696 1429 1099807
1705 4117 1158424
871 3134 1229474
3643 3548 313937
5116 9450 1392019
796 1185 944008
964 5649 351372
3283 7824 1671749
237 1331 855292
1747 1432 36275
8489 4781 265829
3991 9595 669660
7899 3698 339883
3711 2762 246919
6008 5132 160926
2890 7373 251207
5167 3280 93320
3694 2862 485146
3011 4727 340226
9672 4883 789502
2407 4764 43383
9294 5070 394284
8608 2909 136844
8051 3817 2193420
4815 9008 75853
9244 5728 173705
4573 8152 1636279
7442 1669 37341
3182 2225 1607116
2389 5460 38492
3128 5432 229318
2745 7740 174306
6902 418 1479589
7824 7723 387510
8869 2784 117842
5515 6852 708460
202 347 650107
1213 4670 61152
1465 6753 253406
6743 4697 116271
114 6141 579314
817 4512 129517
1572 752 156880
8954 8635 872934
6234 5959 297412
6118 2851 390001
803 8002 613961
437 7240 6841
1808 8179 1779981
141 8709 619131
9490 7796 293036
1911 6152 187699
664 7593 232069
6085 4003 35134
6808 9989 229116
7404 1095 799599
2424 3446 232307
3853 3343 631235
6580 542 63043
9094 5849 1381630
3812 4167 1408564
4567 3298 298715
5655 8864 1075865
7662 2768 105209
9968 1490 436988
9970 7719 381974
9627 5664 368585
6940 9973 704576
3664 1590 165618
3655 8279 209752
2519 8811 586988
2346 6201 886438
5431 2605 78140
382 5733 846312
9651 8941 639862
4687 2438 416261
7136 1572 1003308
1231 795 490456
1314 2885 348256
6261 8386 167433
6933 9330 1369483
3120 2994 802030
2513 4654 65669
441 3310 560175
4751 7017 1259188
3310 2016 825895
7425 8239 1097663
5625 6267 34946
7427 7677 104777
8994 5205 1680474
7166 8108 211141
4274 3065 922152
3605 6428 428683
8369 3063 799798
9472 8340 92977
5323 5290 388175
30 9424 283388
4203 9037 909075
