184
8862 4586 82355
7763 1446 551253
505 436 284147
7714 5603 615137
800 380 285018
4603 9766 181157
6467 2884 356437
5315 6014 1632145
6561 6596 1341285
8723 5788 464599
6394 7047 1855369
5340 4846 656978
4251 5804 1120314
3344 7087 382546
5618 9272 188597
2117 9399 1053765
9624 3371 54381
132 2842 464085
1289 4259 692112
8095 7176 1028054
5381 6998 131677
8972 4087 155794
1750 4566 907233
6454 2094 325513
8198 7178 303384
2056 5815 1845886
9173 4739 95235
5241 297 181095
4553 8121 742053
2760 9938 606853
5649 7024 419755
8233 1489 514844
7138 3108 177124
3069 1988 241948
3842 7897 1037063
8242 1943 547355
1054 2648 355967
5250 513 230637
6769 2953 400147
2658 514 102856
5093 1980 620501
8931 2488 307684
1546 5450 132527
8798 8867 618829
2349 1882 1435853
6510 6167 1826007
8635 8928 76672
4969 9379 277068
5533 9691 304364
7847 942 881962
9542 2231 481090
1848 176 765261
9527 9341 973705
697 7131 195332
4510 1960 253808
8756 5400 460798
3269 3829 871297
4344 2115 440527
5567 9918 127303
626 5610 461935
5599 8026 911222
8975 8974 3848
6375 8204 43970
4390 6519 1564219
2037 2870 243180
1927 9707 138951
8229 4849 609735
2947 717 1160961
6714 7361 150566
6665 5115 1199509
8305 1753 709336
1537 6174 308305
3040 3422 560585
7041 3384 1424707
8118 8886 64443
6345 7590 216484
5796 7740 139965
38 3343 109927
9454 9094 58960
6788 156 385930
261 2865 320036
8108 2339 165143
2047 8587 108689
7757 3673 537726
428 8588 103344
6881 8327 236994
8250 2991 182514
8719 7660 220162
6137 1033 153411
8892 9650 1099063
2428 6876 798978
5018 4539 942503
1036 9107 418755
9323 5796 83918
2733 5167 246528
3898 5730 3423
4304 7743 14375
1405 3377 317546
1495 5764 929835
5319 4665 763256
9739 8905 747533
5437 7264 750559
8623 8218 434090
2937 8401 447713
4631 8165 239980
6485 6665 184178
9974 6277 311794
5311 8916 1133330
2081 504 1152463
5321 7306 333022
3109 5552 182872
3659 5867 1103269
6542 6459 117928
6766 7263 1592636
3623 5405 1060912
5040 9279 1223532
5340 9085 925530
3167 1908 48055
425 1048 331886
4953 4941 51341
7298 8974 1023279
174 9526 150660
8641 9981 339089
9657 9350 670995
2290 7044 138313
2495 2313 160565
4485 6184 371765
4104 7899 112187
4214 36 694432
5611 4160 276311
5530 4677 282424
1649 5092 127380
6188 6888 690961
2314 4186 91864
603 4024 227446
4271 4981 1764717
5750 6068 477817
1695 1746 523478
3554 9422 1995843
8374 1435 348053
6432 6503 1648359
8142 2929 23277
9018 8041 120074
4556 7930 459983
7092 7221 819602
1587 5569 985177
2703 6419 682847
9114 2498 545036
1825 2988 112645
4893 4592 730163
59 8794 339243
5687 7541 629918
4276 4982 97284
1394 6182 903676
1971 8685 561518
360 6850 263247
1108 5492 198876
9997 5674 1174539
6093 887 249124
9542 6013 275581
3029 7404 2329259
7135 1209 904932
7954 1665 596404
956 4168 893970
9784 2181 84571
2810 2498 675714
4298 3755 1125
8922 7500 611742
9106 1744 102827
8995 1424 365239
6852 7139 68142
1236 248 524530
631 4077 351037
4267 7079 539462
7528 7211 88575
6222 7664 1037852
6668 1629 61462
6497 3277 93447
4698 6768 1889136
1777 7301 248888
7534 4970 603250
2339 390 653413
4624 6561 171106
3490 8570 1667868
