51
2628 6826 266498
824 3707 2648830
8627 711 25462
7134 3146 1623353
4680 9419 4464413
3761 371 2528543
729 8240 1461723
2729 3409 722850
8406 6822 1812444
4515 4359 4352771
9673 5817 3256087
4531 2319 1619578
427 4322 646115
3854 8719 2456126
5620 9953 372875
9709 6891 4922296
698 9698 636303
1806 9152 4913462
3236 6194 1704961
2806 1671 30707
1796 7635 251807
7318 4181 353196
225 6678 2350659
2048 43 1680268
1183 3315 266218
6287 6516 2054444
1294 2994 923530
9545 2489 1340278
6935 1983 4012995
6821 9500 2672292
818 5744 602954
8941 3579 2256100
5003 2628 2948544
6812 3528 4402580
8325 4469 721263
2008 1591 807255
1615 8734 5388897
1715 9325 1167752
6754 6832 283868
4242 350 483652
9469 8953 1741572
3077 7438 2197705
8267 506 10363271
8064 1335 160311
372 8915 715758
9324 4744 2602839
4489 8636 990905
9289 8472 829302
4137 9330 672770
2591 6754 678759
8946 8832 3612859
