51
4953 6403 3444374
3601 7587 1942051
3331 4582 6258409
10 7980 3966290
5745 8849 206136
194 1422 1585472
1546 2900 168643
6943 8732 854200
1608 4267 425360
1256 8477 10539
8423 5552 2730667
6551 9760 183806
1625 6231 3481074
2665 9387 1988258
5529 397 720378
6561 1773 2722727
4529 3290 4243988
6008 3999 2153755
4029 4199 6013849
3905 886 61212
5125 9917 1485588
3711 5105 245264
7741 4280 2192675
4627 1546 1860240
1147 5683 1076611
1702 5270 2383
3787 1802 4047564
6899 7460 2045565
93 151 20344
5981 3612 4051670
9623 1512 1147409
6070 1680 4765953
3872 4607 717005
9014 8859 2212300
4333 6987 2839245
3239 3927 2093539
8192 2289 1196913
8531 9098 3701209
3519 4962 5565029
5156 6671 120056
8432 2279 1473071
4569 7444 341777
2920 9253 144474
5282 0 480991
7899 2844 432154
5611 5879 1759385
959 2425 4476174
8899 1751 16002
941 7681 2959226
2513 179 3121240
7677 9016 247756
