193
6631 8994 5049
8643 8238 56842
4178 6416 624066
3299 6725 580397
5472 3665 403974
5611 3258 394081
1797 1203 430423
8708 1426 422976
2731 9608 2254986
7408 8305 1048756
339 5127 1653051
9653 75 631904
6210 582 27567
4633 2004 402526
746 2412 428086
8391 1073 3568336
3633 8183 48954
3447 2630 34569
5991 3266 674059
1845 9045 343560
9908 9774 815760
4340 2175 332918
8338 7656 400718
1895 3623 815052
3307 9523 1219693
1860 5078 1111446
2109 5960 3666267
5288 2885 290615
8934 7053 415742
4849 6133 775470
6724 8 1410829
3974 9576 49154
7980 1758 101086
838 246 544408
7319 7122 100038
5749 776 868448
2589 1512 2093167
3790 9566 314006
5451 627 1380
2808 254 24920
4393 3346 75890
5047 239 447145
8996 2910 165043
2692 8741 182211
4224 2778 171841
5743 5859 197109
8934 9724 739611
1506 3122 590920
6839 9797 332783
75 1100 183830
3255 4868 649901
4129 8262 293449
9663 9901 315740
3340 3643 334093
8216 5154 284960
7753 9571 597263
7852 428 1627113
2153 3835 31115
1661 7273 220664
7403 1936 1243439
4980 2703 221281
9286 191 420622
9616 7140 1301802
1668 6701 392319
8357 308 388325
3296 1886 311965
5568 8345 500430
6360 5154 650680
7212 4486 1292653
1311 4091 134420
1784 459 2141035
5812 7832 244160
2156 1876 44086
8936 1961 499533
3298 4167 109463
3624 7993 117139
5163 8772 112410
2635 7327 1726972
6431 8118 83292
7830 5148 1052941
9508 7206 209519
6965 9234 184047
7211 1757 536086
7949 687 267609
7183 5911 592694
1974 9432 1142364
2227 5198 652012
395 130 1208999
8352 173 601132
953 1090 715094
7877 6245 596513
4644 629 138026
1749 9434 936478
3475 8212 175379
4541 9825 136520
8377 2574 1840966
8817 6139 611074
7701 5157 616366
7483 8680 1773354
8993 8050 217224
8949 2467 287789
9255 6286 271246
131 5272 71928
5336 7686 171110
3296 4947 303892
6332 2572 29554
2377 4566 105044
7493 8754 55514
1413 6581 24998
7023 1195 1547457
9117 8685 237480
1187 8983 316683
1861 3543 769945
6103 8521 424506
8344 9671 107258
8268 2576 30407
4798 5212 55142
4715 4128 980524
7878 6920 33695
9531 5835 932486
1704 9575 1437153
5213 9363 93971
7127 8774 654255
6933 5807 410740
9160 6312 9493
3293 8192 284247
2445 7002 255144
7157 7048 866863
8996 7968 1461254
964 4459 195667
7089 7519 574108
8198 307 65776
3354 9370 126514
6888 8062 226768
5630 1347 111583
2445 1714 469061
5134 1638 489404
923 4282 583457
8801 8016 49715
7646 162 117098
3523 6284 1158270
4979 4000 140037
8475 1173 91778
40 6815 162304
197 5162 284145
7417 6656 328708
8579 5705 29395
8398 6846 1939240
5933 9175 247896
1819 1255 754062
1866 2731 557607
2598 5495 1369361
3762 3025 447364
8373 1381 39822
6262 9662 1111937
9765 8729 92764
1568 27 129629
5360 7507 219575
9273 7378 141651
6428 8056 406308
7899 7802 135087
6576 506 76625
8932 2182 247105
7853 4878 6375
5048 9607 570086
6463 5981 809886
8373 8386 679652
1239 9332 299945
7951 6424 324262
6843 4433 341719
8630 4145 719785
9027 413 295945
9684 7015 865671
3012 681 35751
9588 873 926640
3712 9168 96577
9643 8921 7096
3422 6756 282621
2134 6136 623757
7285 9148 475741
4509 3132 21883
9414 2136 683818
7471 6208 210249
1572 7616 13639
6946 7615 14652
3278 6979 428132
1787 2797 1212212
2612 4350 605628
9756 3960 421055
6549 7740 253690
770 8398 74622
3474 3529 71131
8335 2848 311798
