193
9077 8894 1029934
7873 9000 20406
7447 4026 81198
3423 4745 1880
230 8419 570690
1348 2374 2182797
5563 8543 110794
7281 1689 355929
8283 781 436873
5323 4751 978785
909 1736 820892
4006 5578 912111
6850 2547 1014717
3671 1460 452836
5681 5673 338156
251 4263 414544
4887 5348 379181
6204 7976 234569
7340 3148 690218
4880 4913 115551
2587 8058 369462
6487 5580 387084
991 3796 243492
4593 1175 66827
9495 3654 223922
8408 8286 693072
4652 7550 551608
451 2686 492368
9035 8002 1039615
7900 8172 90066
2931 5481 20247
9506 7168 69138
9860 3369 281608
7930 5292 937557
8985 2477 939584
9571 508 39613
9653 8572 175970
1184 6457 450160
7404 1094 5238
4018 4218 765688
4480 8872 279128
3606 3386 170566
460 1536 65824
7488 617 920906
268 3145 1277683
1562 3781 694506
3127 7486 288418
5306 3748 71295
4862 8508 171844
9650 9927 622502
4769 9099 2128017
1873 1832 95651
7584 117 202939
8896 3767 554885
6593 4839 306296
2779 3330 1762673
4682 8786 225510
7888 3890 1009168
7525 7596 2068544
2530 9321 426986
2957 883 190840
3280 4472 1707585
6165 5645 573808
1241 8343 545953
5742 775 21866
3912 5531 642513
5661 4403 155198
6286 7104 477862
7387 1848 441518
260 5140 77202
7246 5038 327169
1728 4318 941564
6964 1689 100850
4976 9660 462549
8003 5082 564426
1198 981 492589
2370 1593 681915
982 9395 326900
1805 2391 511392
4948 4405 647248
1947 6150 225393
1335 9771 508665
1982 4992 1430788
1225 9240 600372
2197 1693 1244609
8270 1271 904178
3153 4657 49209
6863 7957 160408
2867 5182 23915
8092 5871 633254
3906 8512 157531
3735 5608 297566
4873 7751 9389
9825 5524 130899
7895 198 300354
830 4185 264368
9593 6477 236083
1407 4830 115589
7587 578 182684
8241 5015 486188
6165 4557 70823
6140 9138 15752
530 8771 552720
7701 3104 17758
2883 565 225565
884 7515 943175
9769 2917 1806803
8274 285 1394345
1801 137 140525
2092 1841 511320
9822 8036 405572
3567 3433 332187
4972 6413 332315
3407 3632 453308
5055 8334 576242
5881 3700 456578
6947 1839 174668
9069 3714 1338788
6838 6824 303223
6693 948 130290
2573 5812 1142595
4731 3820 1333838
4950 8262 784854
7899 1318 479944
3622 3337 546811
5995 1773 700922
4023 5618 1183966
9907 775 631994
98 6792 378307
5053 9433 573386
1082 8846 234965
8842 2940 25912
5068 370 426557
8933 3669 318924
2637 1879 540181
9197 6663 53664
5146 4264 419070
7980 7809 2056736
4886 1021 213840
627 9262 53276
3342 1324 174530
889 3969 679296
9694 2112 69137
8547 9268 889765
3746 8105 230483
1000 3490 74868
9795 746 266304
8562 6135 695694
7823 3899 93616
3103 1606 811410
9049 406 368923
4984 2426 167470
4809 727 425637
9403 2732 405675
2473 4153 253795
4808 1166 704998
8463 3372 256923
7845 600 234026
2543 5105 1181306
3737 6647 300058
7769 6111 880968
9552 8975 152220
5569 2074 250065
2110 1321 790588
7174 7850 405388
976 8013 302580
1295 4433 1869961
4477 3403 466265
960 929 24728
1899 7009 176195
8046 2727 1260801
974 6541 69978
9465 9059 66194
1077 8205 92421
8935 1629 2042418
7650 4388 120869
4165 3434 824226
5627 7886 1533182
4453 9609 106678
1497 3973 1684508
9008 2055 147342
9549 981 411316
8711 2603 101493
4973 9606 1497353
3000 2590 180193
6732 3746 636584
4966 9523 61403
9453 5097 835814
7458 9663 23098
6582 7886 112980
5301 3223 954586
8939 6827 160399
9153 5996 1011483
