193
8197 3731 55134
3837 5722 708983
2844 579 19908
1377 5934 17706
9565 8813 592855
7322 5362 627743
2808 1731 252202
2748 8674 1577
3336 3510 847717
3147 4872 133263
6624 4408 664362
3399 3277 176654
4782 1861 1795149
9436 2309 1183964
7249 7889 129415
6030 2087 339598
6215 9222 347229
7979 161 181327
1262 6574 747929
5691 9519 69873
3886 2165 2355831
1284 6968 361784
5659 6238 856721
3731 6407 293456
9548 8572 315322
5306 9919 14065
7600 1860 77089
7599 6399 242960
9708 6809 112366
2790 2076 228585
355 6121 863726
1540 4417 480874
4529 195 729554
2737 4583 1009892
6168 3956 164391
4757 4024 665239
3297 4863 176660
2045 1488 491864
9152 3691 199706
7482 6919 308432
5225 2336 68429
3539 3574 703832
4360 4362 46253
3813 9413 1771943
3257 6939 137103
2190 6200 829802
3 5139 630041
1164 4344 152270
5368 9746 255814
129 9720 974810
1496 8945 95864
8284 5568 701156
9149 1344 212306
8872 3321 280906
7846 3561 625964
9013 5007 679
2839 1596 1296194
8576 3646 134966
5100 2338 114832
3101 9435 216849
5309 4805 1626186
5490 7542 985879
2496 7976 348180
6141 1072 440075
7031 6787 1278464
3378 7149 581383
1370 4648 160850
6149 4852 399892
4765 6671 884007
6386 2870 35409
6449 7204 1310706
5909 7248 51218
6409 356 760990
9543 6459 648301
683 5744 602179
7963 2404 177933
6648 8239 124303
3110 5298 495358
5230 7307 626746
2241 3607 220242
9269 7077 115503
7815 675 477214
8791 8118 1075161
7277 8308 779929
1477 5527 251573
6980 5440 140256
1183 9896 297820
3717 8067 41436
7450 2998 239157
9739 7338 24522
5972 2234 301360
6944 7808 1695447
2293 4071 621377
4142 4850 728428
3761 1696 275837
8828 8548 40508
2087 7522 1492187
3270 7556 1269436
3969 7207 43838
7301 5067 113839
281 9087 1352772
9706 78 536293
1729 7613 103909
5259 4466 450978
3142 5000 25122
4291 4764 38247
4475 6744 2818
8760 5599 530705
8257 7084 530514
2155 5430 94711
9857 1558 99808
8375 2656 987215
7667 5863 315309
3238 7266 434548
7799 981 60783
4285 4564 773959
9650 2984 93538
280 5869 308161
2465 6837 2537594
5858 1345 2807753
4108 6298 1064205
4227 9401 198462
2341 2480 139269
604 2928 243367
508 1002 216918
4726 8226 288973
2497 578 305866
2309 8748 725592
2563 3056 1276446
5372 4708 674061
2545 8429 1165328
3321 6790 165576
8988 136 105080
6786 7908 500782
3652 8402 784670
7126 697 308381
6845 8229 38013
9723 2035 189703
739 9190 299849
3336 1756 351622
5036 3715 329314
5467 3487 1427182
5272 1043 352787
6069 235 279210
3803 2134 203863
1601 7007 427459
7491 8193 768194
9822 1386 297487
6072 5870 835602
9220 8696 653701
5555 4172 407285
4252 1147 552245
8489 7714 830546
422 6883 705482
2103 3691 174583
7640 6146 55984
2690 6903 431864
7638 7999 57749
134 8315 188709
3320 5801 502211
7787 8651 82255
7675 6961 319486
6544 6969 192145
1178 2926 779389
9983 8156 251599
1746 6808 1540598
6576 8896 680797
343 4032 46096
8633 6549 60996
2184 4720 544115
7051 1086 445577
7426 8943 1672090
764 7876 95009
8498 5607 1101514
752 2671 1152849
2882 751 338082
7207 3529 158460
90 6734 1005203
3092 5814 367619
1185 8557 8820
278 871 209786
5405 1058 442608
8659 6086 60070
2405 3444 635039
4516 4233 1588088
5834 1354 135321
7253 6332 1774968
6630 3783 274067
7052 158 2044348
6679 712 886800
6388 1403 279122
9352 5517 122394
1043 9972 222086
